6.664475787038629528e-01
6.852104585785685487e-01
6.809718712086859638e-01
6.812528555571475408e-01
6.732508716372503921e-01
6.833064412589603398e-01
6.700455866787341508e-01
6.750104080241756677e-01
6.761420425605786377e-01
6.905960536886004419e-01
6.861075563802070398e-01
6.934089824572542415e-01
6.950764772622145538e-01
6.914801375232609848e-01
6.905396501874608850e-01
6.902881724290467202e-01
6.918828209491215686e-01
6.843019428802730175e-01
6.856885067590078320e-01
6.817984979600680839e-01
6.871096151715168077e-01
6.990143526772137905e-01
6.955231581139653674e-01
7.053863896684695600e-01
7.001549774234302470e-01
7.104493980367491135e-01
7.152523620217487998e-01
7.106509973277552739e-01
7.089616532007455563e-01
7.153753296133031903e-01
7.019890743676150402e-01
7.163800504138141401e-01
7.091712623493090506e-01
7.175022008425997466e-01
7.196793980196175555e-01
7.183937766147389103e-01
7.119410047087736393e-01
7.201292721996747082e-01
7.069676431712008657e-01
7.110568714198614027e-01
7.151516096261266719e-01
7.112350357142714907e-01
7.202285654562621264e-01
7.271260550939563361e-01
7.384148843604760870e-01
7.462362880668995668e-01
7.523328093805217165e-01
7.486646087709929454e-01
7.527738694241473683e-01
7.659110008737037845e-01
7.538908336914947883e-01
7.529789272283077262e-01
7.417028231593028043e-01
7.407810089507134155e-01
7.370253431340334505e-01
7.267557174405899767e-01
7.202577674247903072e-01
7.322546340355797767e-01
7.310267656691818994e-01
7.267339608109063542e-01
7.257983886313154054e-01
7.203331027318156110e-01
7.319217961706587783e-01
7.302129017421850055e-01
7.354602183125074077e-01
7.379330320757319095e-01
7.196453351410713184e-01
7.216699913197437422e-01
7.185037886413228048e-01
7.187108143350852130e-01
7.266957221871569450e-01
7.213220962753782439e-01
7.237899216511720635e-01
7.230281506493702048e-01
7.237767643318699928e-01
7.379807721016418132e-01
7.299766117329268278e-01
7.388476446319964808e-01
7.407441733707653686e-01
7.474753213169397226e-01
7.384422612239389672e-01
7.439941005606158786e-01
7.404156175314040578e-01
7.412044172428449151e-01
7.436516148023419870e-01
7.417439092613412610e-01
7.419166001544483802e-01
7.482595065414706648e-01
7.417256987769937915e-01
7.553323743434877668e-01
7.495894307564012760e-01
7.404111048775955384e-01
7.469464678245204547e-01
7.438497106760452171e-01
7.307069538324851843e-01
7.226471759310801879e-01
7.264741173915107986e-01
7.183561918555793069e-01
7.220552691127123390e-01
7.215639790394829944e-01
7.203820360083872387e-01
7.232887520263879821e-01
7.288697570174562657e-01
7.108227905933319768e-01
7.077814836897511341e-01
6.997436309447585545e-01
7.098657867740129079e-01
6.902414255908585483e-01
6.924910039835815434e-01
6.925278228245105305e-01
6.876193691896858029e-01
6.718726356570402514e-01
6.766418275427583673e-01
6.733906881390935295e-01
6.579274551520253311e-01
6.727830836734670639e-01
6.664596830332494282e-01
6.793670106355045313e-01
6.788931103998665506e-01
6.934833328631105909e-01
6.943455190182291625e-01
7.005248342338218359e-01
7.067965233254225321e-01
7.021316671411841348e-01
6.945387618822287390e-01
6.923880030569304900e-01
6.812310667460521607e-01
6.442826489737872864e-01
6.127303799278469576e-01
5.837429437451767678e-01
5.459754757597834463e-01
5.455462261251327050e-01
5.243963122687670397e-01
5.179484004208827486e-01
5.354392647626650126e-01
5.604162866368375129e-01
5.933092056161566319e-01
6.469324862519207908e-01
6.892420957696767658e-01
7.335744330893760878e-01
7.684277104019006099e-01
7.914532797798105035e-01
8.100981832317364351e-01
8.197078653002766169e-01
8.127192740411377514e-01
8.017026611430605465e-01
8.091625317426154318e-01
8.189866817836689572e-01
8.278289737987863939e-01
8.311699777034387004e-01
8.425209086255078805e-01
8.321396194547846514e-01
8.445161602928168421e-01
8.489945129579431482e-01
8.391256806265875445e-01
8.364432109993554798e-01
8.314564908244277408e-01
8.273433223921328183e-01
8.232255121904336059e-01
8.283425429021241682e-01
8.316193065416149777e-01
8.196693801303264193e-01
8.409672040858992004e-01
8.381222157035580489e-01
8.476733613736524564e-01
8.558244458784963760e-01
8.561736554538700306e-01
8.575214539764347554e-01
8.689225723954826508e-01
8.593013768918159601e-01
8.631303676001499392e-01
8.474862650013947896e-01
8.620755146502124822e-01
8.568834165233449873e-01
8.599982224546300902e-01
8.643055285363455686e-01
8.670841076593277519e-01
8.614411666512229449e-01
8.647075020872811990e-01
8.723265248851886922e-01
8.509417592846011402e-01
8.655297885206902908e-01
8.618700488507647917e-01
8.579512450135126089e-01
8.588072927798533485e-01
8.654067895503753105e-01
8.561576814867063456e-01
8.636216193054297996e-01
8.677368038904500480e-01
8.667271367906489443e-01
8.710005908976431455e-01
8.646477066089943708e-01
8.748583778526886068e-01
8.734101327800919412e-01
8.632534449803227483e-01
8.808714254863729831e-01
8.696319878028899719e-01
8.765180159313418207e-01
8.772075807211439091e-01
8.722990825997803954e-01
8.796904112493657557e-01
8.821149258951409555e-01
8.821134483225213652e-01
8.918381699454743794e-01
8.824628592694095941e-01
8.676012625409527113e-01
8.721592626954870475e-01
8.678260408080618049e-01
8.795487050115531336e-01
8.794475662506522351e-01
8.830335548040562088e-01
8.859787661673709236e-01
8.899963344019601319e-01
8.860596059905868627e-01
8.949170707674541925e-01
8.911073918521952297e-01
8.902816680196177224e-01
8.799176423198843411e-01
8.777387383709061019e-01
8.741698709241270127e-01
8.725910669647745088e-01
8.650727414440422258e-01
8.659566297718704897e-01
8.707640097345330510e-01
8.751892103987286564e-01
8.755620847765162029e-01
8.943533579810575285e-01
9.113085696190027507e-01
9.039363808042962800e-01
9.083871297243535370e-01
9.036543385252796545e-01
9.080999350879226384e-01
9.062358484535290026e-01
8.983560445329031863e-01
8.931009651743599953e-01
9.002074456938390368e-01
8.837684168303118204e-01
8.881764068423955161e-01
8.855896014222157664e-01
8.927979033647489571e-01
8.899069566256111452e-01
8.860271710737772644e-01
8.868368741356134066e-01
8.923467853818116691e-01
8.986630890109690295e-01
8.936290424242188113e-01
8.915718557819732881e-01
8.970400981841778476e-01
8.981052615589543153e-01
9.049943440713278386e-01
9.151639727031493088e-01
9.225432157343093076e-01
9.201050985245768921e-01
9.200132271359160452e-01
9.282274181824504700e-01
9.416508971613876122e-01
9.296779340359659916e-01
9.341764885110519501e-01
9.313340343128427845e-01
9.343754731653454160e-01
9.225300563796198228e-01
9.263280012058989765e-01
9.165270481572038719e-01
9.185580538657950322e-01
9.184721853408932546e-01
9.130156371615331112e-01
9.056788393369856749e-01
9.040165885273240276e-01
9.000605445490512668e-01
9.059409330220340451e-01
9.167405457152739690e-01
9.154382749339211589e-01
9.096064371110448299e-01
9.293469011851934747e-01
9.374855786513607292e-01
9.294324287273746377e-01
9.344392449576851556e-01
9.316992249025245476e-01
9.311822472212637480e-01
9.309616165288998602e-01
9.301453328203879156e-01
9.438425062184595538e-01
9.390640668146237324e-01
9.419099940956018324e-01
9.345809063371132153e-01
9.350773857200433969e-01
9.344361107704113323e-01
9.602515959430899528e-01
9.554121638162993424e-01
9.656245153098687029e-01
9.678118770165251572e-01
9.678389963584587141e-01
9.670528968640446088e-01
9.688496698721988931e-01
9.707635310622377833e-01
9.676224479197834683e-01
9.620930469488979675e-01
9.593241652257484819e-01
9.336486815038733678e-01
9.459176115724585721e-01
9.433783023270946311e-01
9.375789127080808028e-01
9.495537222921287546e-01
9.497856187124660288e-01
9.559943452625234706e-01
9.648699863291225753e-01
9.690140057707131716e-01
9.607795831630188133e-01
9.599810137167091861e-01
9.469390908766167625e-01
9.483426169749018531e-01
9.520406311495418494e-01
9.494508663986239716e-01
9.482788907659928102e-01
9.586459702598691957e-01
9.706468489839185088e-01
9.690655922202509043e-01
9.815185879198196073e-01
9.888392175173975618e-01
9.917038154363597702e-01
9.960355888112932821e-01
9.891824809908034144e-01
9.920037830252041999e-01
9.960113694642481752e-01
9.774259349995626511e-01
9.691045453682903821e-01
9.767498278023977187e-01
9.704597723725481018e-01
9.703273795446293315e-01
9.706295613191758820e-01
9.742405275334981019e-01
9.777563837661426005e-01
9.739382995978304036e-01
9.817828461923546746e-01
9.748846515091860176e-01
9.845681145681788315e-01
9.870950142099271796e-01
9.751700240746494774e-01
9.666040112059827161e-01
9.774749333683955266e-01
9.772815592232081405e-01
9.792268022991531540e-01
9.880403234312199467e-01
9.856784994328032790e-01
9.897520349406018214e-01
9.996541752488785626e-01
9.878728723057891292e-01
1.003062412572586437e+00
1.001839048600184023e+00
1.017936370679078051e+00
1.018953874898867129e+00
1.022258941490890916e+00
1.025400051619721253e+00
1.019096397684692290e+00
1.011354408477124656e+00
1.015655221207505621e+00
1.001850478582822390e+00
9.966287425740870676e-01
9.882298269065746821e-01
9.885166376146362621e-01
9.852460655757512287e-01
9.889174119172752242e-01
9.947025567503395838e-01
1.000413493800294207e+00
1.006574584015871521e+00
1.018631395101497139e+00
1.012616597071888114e+00
1.023247054800440203e+00
1.015495650135008976e+00
1.002054971239520142e+00
9.977809556759528187e-01
9.961626276316616346e-01
9.849031984952021368e-01
9.916952943415938693e-01
1.002299429700170164e+00
1.005489447618227450e+00
1.017546511218592409e+00
1.031709975464274009e+00
1.028751630002802120e+00
1.030213196893932759e+00
1.035661876094299494e+00
1.023324777852962164e+00
1.024079155905459615e+00
1.027648264907436326e+00
1.023146690185269048e+00
1.026389822067750313e+00
1.025294052010921719e+00
1.013478748513467087e+00
1.006620195428680642e+00
1.014712896329252212e+00
1.009271454183244154e+00
1.003114801840948589e+00
9.956849118145456590e-01
9.839519142380563910e-01
9.915066924357527345e-01
9.726023592784512894e-01
9.524835771933291007e-01
9.416445768609508216e-01
9.014134626035082976e-01
8.905088249811372592e-01
9.054491062106242438e-01
9.259802631884159752e-01
9.454792232704758437e-01
9.778792938757684405e-01
1.020679681249169635e+00
1.027509707190850552e+00
1.023242405164008995e+00
1.033238512553686261e+00
1.029380439815825499e+00
1.032933578884413395e+00
1.051474721772940768e+00
1.054019744938305747e+00
1.050697525781207231e+00
1.058873865040514950e+00
1.064849536722684009e+00
1.069895294622446258e+00
1.067537697336539804e+00
1.082142064348265986e+00
1.084332650239930196e+00
1.094392855134772136e+00
1.090441376353098679e+00
1.091650875540367327e+00
1.083596824870332709e+00
1.091790360252972825e+00
1.082813976214086260e+00
1.092887231361071354e+00
1.087760119117195945e+00
1.081029211504939358e+00
1.093157608781912149e+00
1.100238909270936372e+00
1.099652524378379237e+00
1.109309597840440365e+00
1.104140220495649860e+00
1.100505609412987917e+00
1.098231595992480214e+00
1.091179958539753025e+00
1.089420164406008640e+00
1.087079559934102324e+00
1.084917236899725745e+00
1.084007206448868832e+00
1.085482230670468784e+00
1.094271876110102681e+00
1.103499032476574770e+00
1.113845736720548985e+00
1.121364965863472341e+00
1.102021111438415746e+00
1.109153045659329040e+00
1.095527580146346880e+00
1.091060843729793062e+00
1.062237683380915065e+00
1.049401120878101112e+00
1.031175873850284086e+00
1.007208811655220915e+00
9.889786937379300147e-01
9.909485467423087002e-01
9.926140166632269057e-01
1.005978651346690400e+00
1.012644341109208757e+00
1.032039582296990776e+00
1.043041983362292813e+00
1.063188534754614611e+00
1.072568746529424022e+00
1.085365895845165296e+00
1.083980629752895108e+00
1.090461740851806027e+00
1.071663442112080089e+00
1.079841760507602721e+00
1.073041328320187615e+00
1.074157675263901712e+00
1.077603640290580200e+00
1.069906098202341393e+00
1.075236986025934760e+00
1.076718404936773066e+00
1.083571138588586891e+00
1.081592737570667095e+00
1.087064182765305143e+00
1.077105590098673904e+00
1.076575419808939671e+00
1.077597725222663172e+00
1.076196867840956140e+00
1.077850832550600213e+00
1.079368023157466494e+00
1.082061262460343620e+00
1.083106559724881679e+00
1.082849557944968177e+00
1.081596218112605756e+00
1.084876930485245028e+00
1.076558072644849373e+00
1.080089574251319240e+00
1.080586093048527818e+00
1.069661608833699651e+00
1.064980854738941662e+00
1.062916578704419468e+00
1.060265661858671438e+00
1.066390752296894728e+00
1.075018711358069368e+00
1.089369908560722022e+00
1.086046970997400996e+00
1.098027549163547167e+00
1.113706801398006263e+00
1.118184066719716707e+00
1.105447140400629191e+00
1.099807189589754985e+00
1.106721234358588379e+00
1.097357431122707894e+00
1.088578375010781141e+00
1.082304932187608149e+00
1.080888850457626171e+00
1.080488001620613536e+00
1.086758983556582736e+00
1.092646909142374501e+00
1.098541919766645503e+00
1.094797108900028793e+00
1.097474516253202248e+00
1.085011533495247482e+00
1.090066803517360183e+00
1.091203192895248142e+00
1.088775115537725657e+00
1.081698552800194779e+00
1.085040463466771410e+00
1.081544429678500618e+00
1.084623757542677591e+00
1.070905279581695124e+00
1.073006798206141976e+00
1.080323851748688613e+00
1.085893498095648058e+00
1.078662824635715944e+00
1.081641342132080519e+00
1.080360520542981151e+00
1.084057817496661524e+00
1.090340316401348542e+00
1.087319515301676143e+00
1.090437730400679595e+00
1.081266801644271469e+00
1.090757676766349382e+00
1.088823431755802984e+00
1.069194008671334961e+00
1.073330641519697481e+00
1.064310745048305140e+00
1.065627780928388946e+00
1.066013157445693249e+00
1.072815346985798834e+00
1.085823918346065842e+00
1.090598381289930030e+00
1.083498005935892072e+00
1.099698835480973136e+00
1.099198781406411918e+00
1.108388664083523434e+00
1.097981225983855280e+00
1.106614697564367367e+00
1.106800316902559755e+00
1.093012257640326057e+00
1.110019489275027027e+00
1.110265345053830233e+00
1.103277960555884230e+00
1.107940357736968640e+00
1.101454540983197283e+00
1.103326702463731213e+00
1.110137429296554012e+00
1.105358649681946970e+00
1.105592307409184460e+00
1.100201573247546749e+00
1.086104484833293249e+00
1.073700081164587594e+00
1.064912924483614631e+00
1.045890324879910072e+00
1.047367899432643190e+00
1.028069005169316874e+00
1.025174109265167832e+00
1.029508285394227229e+00
1.030376389913363999e+00
1.042731597485769379e+00
1.046517500431532799e+00
1.061434647355837146e+00
1.071056407303290881e+00
1.078905032370401473e+00
1.080662938214131286e+00
1.084048880712165763e+00
1.089109791549405459e+00
1.083415457522429293e+00
1.086549861291037367e+00
1.082319071951656664e+00
1.075660714827614495e+00
1.077720014807770132e+00
1.068454264945633891e+00
1.060626016581564857e+00
1.050119517845276684e+00
1.045642838575781219e+00
1.047654992773638716e+00
1.050378099755788774e+00
1.052799191920178457e+00
1.054338087617557651e+00
1.055297127309182237e+00
1.053756025852228939e+00
1.065453971848870918e+00
1.062229647004099942e+00
1.063931929742338856e+00
1.068563449073767213e+00
1.055849005755880032e+00
1.041812115653654836e+00
1.046647549773978225e+00
1.038203795390459261e+00
1.023026023066759160e+00
1.021306180479498504e+00
1.009262676265720859e+00
9.957933065204600531e-01
9.987357307730309053e-01
1.009418146421452889e+00
1.019344939420296692e+00
1.022295412345320731e+00
1.029888771487421417e+00
1.033302452768603885e+00
1.034440965436201898e+00
1.034794424257214240e+00
1.035311285578720542e+00
1.024527612226874274e+00
1.021846189413780914e+00
1.010681140795472999e+00
1.002013435128005003e+00
9.923714691578345848e-01
9.879870365856755487e-01
9.914457631209623312e-01
1.001811572095933967e+00
9.941061245400590884e-01
1.014870190037674202e+00
1.021981466603381294e+00
1.027087565574374084e+00
1.036382282354515905e+00
1.051305022042814619e+00
1.045941806180580969e+00
1.046402890727359036e+00
1.037923128857143551e+00
1.042970536413867499e+00
1.018923723135564341e+00
1.009494424966295156e+00
9.922476296573070620e-01
9.786587773137847002e-01
9.801520842011260948e-01
9.940358274710393571e-01
9.941381510200932858e-01
1.000048083535733490e+00
1.013246839559474477e+00
1.026829963791427991e+00
1.030130107443494758e+00
1.032772979975529859e+00
1.036745019348954022e+00
1.039141844989806662e+00
1.033846480904730969e+00
1.033624127332519738e+00
1.024269489518535581e+00
1.010612706972445096e+00
1.007817430983331208e+00
9.954901129735114207e-01
9.817838488719489165e-01
9.651695787849643438e-01
9.619619024324741474e-01
9.586009291762873641e-01
9.607148787250003874e-01
9.704954231290111588e-01
9.784403090207742792e-01
1.002575860168981592e+00
1.009937852515941259e+00
1.010971375214300583e+00
1.012720329433958844e+00
1.012418973533073530e+00
1.008328992564586413e+00
1.008438437166333079e+00
1.007049138332317906e+00
1.007153506108508401e+00
1.008423617499870861e+00
1.023116594769314602e+00
1.029872687119778085e+00
1.034615735412651061e+00
1.033078431435110911e+00
1.037372032635193397e+00
1.044754888052469965e+00
1.033852334507264104e+00
1.026775462941745376e+00
1.034331999850883976e+00
1.039677584777136232e+00
1.038102221015044790e+00
1.028897606986226343e+00
1.039843188308103628e+00
1.049778777586356071e+00
1.049476246539580382e+00
1.037884324227887900e+00
1.032441238738686762e+00
1.019522144232320349e+00
1.024808361450875616e+00
1.016919332190475700e+00
1.014476004791923458e+00
1.031512900220190154e+00
1.038063295270118980e+00
1.049024153608637322e+00
1.061942663410602394e+00
1.070191577692580109e+00
1.092221713027838659e+00
1.099920398894112417e+00
1.099690553911408131e+00
1.094571978579563343e+00
1.097174166430197273e+00
1.095869023988248037e+00
1.094069425672410834e+00
1.085477680959042290e+00
1.093979982594893707e+00
1.081937743964002996e+00
1.080865317587387020e+00
1.072113648767363481e+00
1.076831851180966471e+00
1.071724758052886584e+00
1.070703871820102959e+00
1.054321031876864101e+00
1.052379083719196862e+00
1.057268398528050213e+00
1.066308184450036389e+00
1.075557491211125427e+00
1.092367240948836304e+00
1.102294834583125827e+00
1.108719394419202864e+00
1.110699469614266244e+00
1.108492055644496377e+00
1.104728369040702152e+00
1.099890432390784545e+00
1.085842030565538519e+00
1.077614472772338017e+00
1.072909013992700444e+00
1.070710869574013735e+00
1.063940718574038824e+00
1.054733336996424464e+00
1.047372650091618063e+00
1.033416825679609685e+00
1.024323399695355352e+00
1.026767466412873420e+00
1.018794362321296276e+00
1.023827204546672531e+00
1.032006828715910540e+00
1.032118269709488834e+00
1.051051393552091096e+00
1.055816714130422662e+00
1.075417972517246357e+00
1.078019712607863223e+00
1.080730624966983688e+00
1.088929462766518919e+00
1.089073621135860925e+00
1.093958964140054002e+00
1.085867837495501753e+00
1.097178125297036955e+00
1.091159605208634087e+00
1.083197739762039813e+00
1.095146057492429215e+00
1.082772850910652229e+00
1.070632611672811318e+00
1.064845617120824262e+00
1.047342420190023882e+00
1.046862059343543150e+00
1.045465017743200331e+00
1.039333476027078929e+00
1.053604325270550257e+00
1.052922636755601271e+00
1.059399824829042824e+00
1.063791952851988132e+00
1.083944711768662028e+00
1.089473418416048389e+00
1.080595136507021437e+00
1.070583409839192646e+00
1.072077461107626917e+00
1.070544594094459567e+00
1.069792776851419047e+00
1.066773345850123622e+00
1.073412347019607971e+00
1.080909664070213161e+00
1.077770212238735814e+00
1.086595549707825681e+00
1.095902346834836338e+00
1.097055468697721192e+00
1.106824379912241918e+00
1.107670882428439807e+00
1.114531227852501916e+00
1.101916163390244785e+00
1.094728278253460418e+00
1.091782554821688844e+00
1.086238976083748087e+00
1.081361070248078260e+00
1.080822191786222408e+00
1.081113642083089577e+00
1.084504113294413985e+00
1.086208838520126507e+00
1.088623841729226882e+00
1.085668598006324759e+00
1.088643699600761350e+00
1.090605958845589862e+00
1.086160639783511295e+00
1.080804863308930441e+00
1.077728602496781596e+00
1.074931630635502566e+00
1.075422841095743820e+00
1.075709509785106155e+00
1.071646119877623482e+00
1.072885754010385329e+00
1.082871052039020565e+00
1.081475073926091213e+00
1.084932110574010178e+00
1.096948201780773013e+00
1.102190571529176655e+00
1.108108862303969877e+00
1.113790406201279115e+00
1.132829425358942155e+00
1.139061331158391255e+00
1.136294150609240772e+00
1.134760308404992868e+00
1.140968355402391721e+00
1.131679171397872663e+00
1.130516720288726962e+00
1.114864462583357030e+00
1.111485542860041864e+00
1.104929205927856151e+00
1.099376196072217704e+00
1.096288641858994328e+00
1.095702439879046031e+00
1.103527788480875405e+00
1.106866297777560071e+00
1.123657816665644571e+00
1.123473846717147007e+00
1.125597987097868957e+00
1.128301836109930845e+00
1.124794123546412949e+00
1.131881693885483209e+00
1.135575786099751738e+00
1.146167010164039102e+00
1.139274861635544367e+00
1.141646537369301440e+00
1.140584123129624761e+00
1.136783909412118154e+00
1.136712292647972911e+00
1.127565473513451488e+00
1.130088401120768138e+00
1.124345897691325646e+00
1.124216764235965949e+00
1.125675146094921031e+00
1.132436667272688657e+00
1.127580666141765997e+00
1.134066115657053730e+00
1.128887255309934501e+00
1.131208523786372711e+00
1.124337408142812134e+00
1.123441461898603944e+00
1.107252105651559848e+00
1.096397731011331089e+00
1.093039647362499922e+00
1.088695125790803742e+00
1.084919065046712872e+00
1.082698385352092174e+00
1.081051157465482859e+00
1.073373399098862979e+00
1.065323991863157627e+00
1.068282459637370785e+00
1.070165663590433081e+00
1.062982127598346649e+00
1.067929129792128728e+00
1.075781367736735161e+00
1.079248210770663130e+00
1.078901660339717905e+00
1.079691824489256380e+00
1.078240809342529971e+00
1.075128636264267801e+00
1.074550779483167018e+00
1.079414149711377169e+00
1.083536885342418321e+00
1.086057424742041144e+00
1.085293367192575742e+00
1.090121001083751207e+00
1.090834667991688711e+00
1.088219853715282293e+00
1.096056911105611986e+00
1.102254321676148452e+00
1.098383091021701397e+00
1.096255788610787540e+00
1.099921967053774541e+00
1.083642803645593844e+00
1.088032563180887591e+00
1.089947323796148781e+00
1.077162753067477885e+00
1.079685148653150240e+00
1.075139709178713820e+00
1.076926423663254972e+00
1.090958005312822943e+00
1.084877900239389348e+00
1.095277410457569323e+00
1.095982387380344258e+00
1.103561947031222568e+00
1.107570988541085821e+00
1.103167528237683825e+00
1.106370059918611926e+00
1.118149693629075792e+00
1.122414981134120859e+00
1.131542438999463940e+00
1.121850111543957418e+00
1.111974503629792554e+00
1.111320041968150152e+00
1.112296953893745055e+00
1.101158951878818515e+00
1.103000817365049846e+00
1.105630284146896347e+00
1.095433410531599705e+00
1.092186977259799852e+00
1.081178031978380805e+00
1.082869897502992673e+00
1.074447463717297380e+00
1.078674512416543996e+00
1.067870482758915163e+00
1.078202574745424913e+00
1.084865652892510912e+00
1.075619972929420909e+00
1.065845741226514765e+00
1.075034455350097673e+00
1.067753245776976057e+00
1.071156501908386849e+00
1.070549875710788523e+00
1.076039808594006164e+00
1.078068334347688229e+00
1.079153862794316687e+00
1.090946209777590825e+00
1.087432990383542242e+00
1.089343978233743293e+00
1.101429544728405041e+00
1.093105924585302091e+00
1.105323988450247485e+00
1.099256475641180897e+00
1.101205821024022757e+00
1.105837787461763533e+00
1.098457993253719289e+00
1.097250718711587192e+00
1.089239638669115218e+00
1.092881062338638021e+00
1.077625677220161560e+00
1.068686640994790160e+00
1.069488274977174136e+00
1.060210462104288709e+00
1.067822136309428682e+00
1.072423940299944922e+00
1.071661388203036136e+00
1.078128485513913715e+00
1.086192199268005254e+00
1.089728532711353060e+00
1.093753447596237161e+00
1.099111698790046221e+00
1.096028105626125626e+00
1.094781204800276964e+00
1.080480638143145322e+00
1.066700595707365640e+00
1.046329967172010100e+00
1.025972445785647613e+00
1.017586449372090307e+00
9.890529655105828599e-01
9.742260939732323433e-01
9.445957665065144448e-01
9.342870300273523609e-01
9.303392855933388939e-01
9.284458336319759697e-01
9.375801928626542603e-01
9.595908019578867076e-01
9.805402571770474029e-01
9.975625963215227765e-01
1.021381505065170003e+00
1.043554383397452101e+00
1.074388507606832466e+00
1.087150858445720347e+00
1.093965226210896535e+00
1.094992786269067375e+00
1.101276421079005807e+00
1.112772275179065185e+00
1.112550341920653274e+00
1.132245547073183145e+00
1.131037680499317410e+00
1.130571378833356455e+00
1.122694759453031654e+00
1.116038953702313652e+00
1.106132840302426423e+00
1.111835882637787654e+00
1.096868897773739970e+00
1.090392574438166839e+00
1.082060558007703399e+00
1.091382330276941426e+00
1.075260599859410027e+00
1.077844770510702155e+00
1.070953028672101404e+00
1.064562617616710005e+00
1.066643456132642331e+00
1.072236497359831064e+00
1.079462954476933190e+00
1.079782771169653932e+00
1.088116809259625617e+00
1.088068087725747590e+00
1.104997465321098549e+00
1.107079388142353960e+00
1.109744845842095318e+00
1.115634037687430524e+00
1.119944190541078077e+00
1.124167801024186231e+00
1.122448731708595160e+00
1.125978307572058634e+00
1.124909031101407830e+00
1.128107543542920199e+00
1.123685636036558133e+00
1.119874935831507212e+00
1.116429588377030768e+00
1.113522489689886319e+00
1.118863635797629374e+00
1.125670981547902683e+00
1.115420793096080221e+00
1.130747103677948839e+00
1.127629599858456899e+00
1.134467734990264098e+00
1.134550419452504677e+00
1.124844758092672370e+00
1.116776900986638177e+00
1.121630299403110875e+00
1.120299415840948054e+00
1.102359480225151067e+00
1.107496038323872556e+00
1.101214271977496439e+00
1.099696483231702437e+00
1.095492391640426888e+00
1.089739981418021086e+00
1.080694894557607588e+00
1.082257268480743884e+00
1.085870829613678978e+00
1.082327876449302506e+00
1.086388606699784765e+00
1.080920163698986691e+00
1.075552818594226689e+00
1.073521498391053486e+00
1.082646789733872295e+00
1.079300764836955029e+00
1.081041799083188648e+00
1.079198086002398194e+00
1.071947200918670129e+00
1.073166441246305558e+00
1.064070868920091506e+00
1.052851255188944402e+00
1.046875265246675735e+00
1.043440189483847869e+00
1.023534502959852377e+00
1.017457130759997774e+00
1.000404697363204809e+00
9.940012084656660862e-01
9.908964110157220118e-01
9.841955074207247023e-01
9.922357458037729394e-01
9.957882257785864999e-01
1.003779223697716994e+00
1.023156473389245535e+00
1.040797188503230775e+00
1.049854050143994355e+00
1.064222577566922734e+00
1.077443065761759078e+00
1.083091444622629185e+00
1.078876902445029762e+00
1.084518438005558583e+00
1.088605968039611849e+00
1.077509384132742110e+00
1.074508590131561414e+00
1.063819501955379110e+00
1.066804672731822778e+00
1.052699696603434099e+00
1.053511578392944070e+00
1.044819931987616135e+00
1.044015728968851864e+00
1.040669417965336851e+00
1.047533344016342349e+00
1.040347354838872862e+00
1.041541596118068957e+00
1.037621801252366138e+00
1.046401739249478213e+00
1.047571079868575117e+00
1.049170650712431430e+00
1.052928443808957448e+00
1.061171012584070317e+00
1.055554358296113548e+00
1.062455590016375018e+00
1.048769666246367471e+00
1.053083365730170806e+00
1.055194599317193616e+00
1.060585759129877070e+00
1.058579330746414415e+00
1.053100315411668264e+00
1.055566161528992408e+00
1.057520167365009423e+00
1.054799225785401751e+00
1.053581350175702092e+00
1.050843552262180625e+00
1.054951171819475286e+00
1.059841136180281973e+00
1.056483539823978024e+00
1.062030340503846038e+00
1.068412105337356754e+00
1.071384849084896951e+00
1.075471152863769708e+00
1.072484083542599276e+00
1.078443744127881576e+00
1.057200547136422975e+00
1.043719045111160648e+00
1.033972522792197202e+00
1.020549586840101330e+00
9.917693389264793380e-01
9.817689606363382282e-01
9.708123121324913063e-01
9.609762711549244552e-01
9.575361051796454914e-01
9.616899502528248878e-01
9.568342286159364773e-01
9.723450653512901720e-01
9.819461366856612194e-01
9.869266605516203716e-01
9.979048767099596429e-01
9.963297458761900538e-01
1.013817441101038996e+00
1.024314537105948553e+00
1.037148216917793686e+00
1.044603547117858744e+00
1.050674450871307730e+00
1.062682683389413407e+00
1.050264644769335121e+00
1.053515102182738472e+00
1.041508981272273981e+00
1.034139177433681001e+00
1.030235592426381963e+00
1.036170311306887859e+00
1.032288403173538649e+00
1.035812604071799425e+00
1.052089639834737467e+00
1.059832170810876883e+00
1.074497130336298900e+00
1.070171338028450547e+00
1.080065492851608466e+00
1.076953953055908908e+00
1.082651350465537288e+00
1.073872548706824137e+00
1.059328918454049973e+00
1.059874418535637908e+00
1.044461848534291581e+00
1.040885491882447278e+00
1.033171063421759017e+00
1.026073163004980637e+00
1.017079460365656551e+00
1.018104879203721502e+00
1.005393069576161924e+00
1.007768933307064740e+00
1.007112252385157891e+00
1.005373532572601425e+00
9.983692624589789455e-01
1.009036158026855867e+00
1.027136760461279330e+00
1.033639776651899433e+00
1.053151449279536633e+00
1.064252998166712816e+00
1.060431895865507013e+00
1.054330886849551785e+00
1.049185019716221801e+00
1.052523466232250238e+00
1.040591377636642001e+00
1.045026713692280840e+00
1.039603453174254843e+00
1.040685924763570025e+00
1.047963480398131697e+00
1.049495164996812058e+00
1.052033611307810812e+00
1.062212515318696093e+00
1.077373468767189868e+00
1.076792572792038438e+00
1.072303187342012798e+00
1.073233925706501335e+00
1.063341998602959970e+00
1.053645903558411367e+00
1.046256159664804342e+00
1.044876465516284325e+00
1.036793440163501501e+00
1.037099269863559492e+00
1.021301679698269904e+00
1.013550120542507260e+00
1.012631342744107377e+00
1.018183577298108489e+00
1.029158153781657203e+00
1.032645167448045020e+00
1.050205770738883881e+00
1.050979746942593884e+00
1.067914940145502367e+00
1.066305166401822824e+00
1.070673581345595649e+00
1.071782078758018786e+00
1.072143848131332788e+00
1.062614853186523822e+00
1.039749582594377442e+00
1.024125692089392414e+00
1.019162067520972492e+00
1.018609195970304526e+00
1.008367625526184863e+00
9.991779706145745843e-01
9.997666418789840082e-01
9.869473314146300913e-01
9.822789801375747532e-01
9.769717143831313511e-01
9.686961835803394871e-01
9.581984037824496925e-01
9.532537511495045024e-01
9.520891503960533520e-01
9.561433579303439956e-01
9.666951151255396280e-01
9.724399857081650334e-01
9.866437226819870787e-01
9.974239157034655578e-01
1.002962223691900689e+00
1.015290197654188153e+00
1.019066564708736244e+00
1.030045159789379827e+00
1.027591353502820049e+00
1.032922853511999639e+00
1.020807152613384838e+00
1.018016758349538531e+00
1.018682219916172027e+00
1.012328239484931114e+00
1.011378480470989327e+00
1.006718299168159358e+00
9.982878123695816397e-01
1.001132829728295759e+00
1.006494119229501161e+00
1.003150788578826447e+00
1.011850565873143371e+00
1.021751989076624678e+00
1.023858240626304816e+00
1.033238896791107031e+00
1.031796038931488857e+00
1.037771107822755612e+00
1.044593754130454633e+00
1.044512635262272893e+00
1.048151036376488765e+00
1.050106748051466088e+00
1.046623580843330625e+00
1.046633727481275145e+00
1.040211265625779369e+00
1.056508690922663085e+00
1.043840374853092889e+00
1.043304933294080472e+00
1.031522256500073675e+00
1.032581842267759731e+00
1.028255664411830583e+00
1.024940651226477151e+00
1.024810854556055695e+00
1.017226967096356516e+00
1.012354784547351949e+00
1.003172015322602251e+00
9.886703566129688703e-01
9.889398181287151202e-01
9.925568068390465681e-01
9.887766995375275592e-01
9.871842793600574817e-01
9.961965079016453783e-01
9.974602049910112900e-01
1.013718927397375902e+00
1.014531508113451608e+00
1.017416513203221351e+00
1.022947721311111779e+00
1.020646279385353905e+00
1.005266370046146163e+00
9.955927317312138758e-01
9.799922141576794532e-01
9.738037678209617853e-01
9.674495191653118553e-01
9.648348111604164723e-01
9.569137744099379672e-01
9.577359672392723455e-01
9.601678147816032904e-01
9.626899012544195555e-01
9.723771107294029159e-01
9.852780292201547274e-01
9.846065254502965880e-01
9.913413632172436429e-01
9.881131961808332642e-01
9.937783747824279201e-01
1.005553826639415949e+00
9.998195578201113376e-01
9.922462053565034301e-01
9.989229832755892602e-01
9.913783328305499909e-01
9.882921676724658600e-01
9.866801323012475144e-01
9.858114663102823805e-01
9.871216992328156747e-01
9.798463131695309691e-01
9.714298809325305761e-01
9.728132245635471298e-01
9.770902825689902205e-01
9.588133833060396016e-01
9.517503895119237001e-01
9.513103424513691397e-01
9.416453040143029085e-01
9.336174846962836948e-01
9.214810659344786492e-01
9.378794474107888801e-01
9.500004983525089930e-01
9.520726900221275768e-01
9.539660179637471371e-01
9.663398011898955975e-01
9.747866833608868076e-01
9.826217990946728431e-01
9.878532216387474474e-01
9.913442926526246923e-01
9.923820099471720724e-01
1.001949736880532127e+00
9.914303737584707621e-01
9.919116028855023970e-01
9.922274396228590865e-01
9.811221032078926152e-01
9.852372708402007406e-01
9.881353492169618891e-01
9.914016513226233673e-01
9.928714025008120725e-01
9.826327666041222431e-01
9.794712308657261834e-01
9.763811410141655101e-01
9.818319638186763232e-01
9.856954939054269893e-01
9.882453132251893813e-01
9.950161370880089562e-01
1.003121714695795585e+00
1.003441699767836148e+00
1.003380298782642344e+00
9.993573203814624106e-01
1.003559843270995344e+00
9.868853738623680760e-01
9.634821401239096472e-01
9.427045522680543854e-01
9.389149489094823497e-01
9.392102363369413398e-01
9.320278329088729219e-01
9.403431378984999922e-01
9.576102326203551618e-01
9.650451871705399975e-01
9.797387359477022217e-01
9.763821300790164193e-01
9.852134055314434313e-01
9.909195000782098361e-01
1.001946512490097030e+00
1.001631231924405396e+00
1.004974367314773298e+00
1.012846129697360986e+00
1.013286871959196977e+00
1.001948232235116309e+00
9.946125181231980639e-01
9.820739702157321727e-01
9.608154800149896202e-01
9.388548384469167507e-01
9.320353762722161095e-01
9.170150295566351639e-01
9.104415144685849004e-01
9.055265542654371558e-01
9.076307362167044257e-01
9.203774664896953173e-01
9.193326224919227130e-01
9.188330207682798845e-01
9.201730804086969417e-01
9.259764413025066698e-01
9.274004467539906926e-01
9.248129586951834291e-01
9.278653710798959731e-01
9.340979213182866170e-01
9.419111129453893172e-01
9.471178895767702333e-01
9.652513739160317741e-01
9.778049545906216666e-01
9.849131842083402866e-01
9.997675648691889405e-01
1.008277252790570344e+00
1.014235199177979663e+00
1.017562754388499968e+00
1.024075501778450636e+00
1.027492243746581879e+00
1.024150070184840722e+00
1.007730679759581527e+00
9.949798406706519271e-01
9.915521381807622658e-01
9.858730813210501154e-01
9.798602990988349859e-01
9.689736533253048290e-01
9.662961809250598666e-01
9.654290938459596516e-01
9.587501005678502608e-01
9.657250444717522253e-01
9.803412887279346899e-01
9.985016811643125934e-01
1.013141757869139292e+00
1.021990218465440803e+00
1.032647586542028595e+00
1.031025328419531872e+00
1.038309058806497598e+00
1.031717892801898850e+00
1.020019735543097328e+00
1.017203224215875501e+00
9.979959613774301852e-01
9.873556448905991267e-01
9.784538604345920376e-01
9.707820739995204340e-01
9.543410580685546263e-01
9.438782308617196248e-01
9.344210838416556753e-01
9.288911797035104279e-01
9.313700210936151080e-01
9.318151393663451909e-01
9.438126015023665660e-01
9.446732326383663336e-01
9.426487710449099611e-01
9.384328029903724611e-01
9.164304594087786526e-01
9.017057930287942780e-01
8.935392693428638733e-01
8.833486981400782145e-01
8.737915022103464047e-01
8.620233960662574413e-01
8.603415307713595528e-01
8.651433329763366098e-01
8.799125237506916219e-01
8.844331252829031875e-01
8.812479964352880613e-01
9.115034496707979939e-01
9.412627773977035872e-01
9.539354586404705794e-01
9.502369983381693253e-01
9.585504489556169183e-01
9.749771392119057634e-01
9.774521412869254799e-01
9.744374758177759555e-01
9.726384622104414790e-01
9.823258777799992458e-01
9.815601832673932492e-01
9.716867007805891632e-01
9.666546310813982634e-01
9.546706204913343319e-01
9.473329423283112227e-01
9.214422266051440769e-01
8.962786273517450164e-01
8.811609385666191452e-01
8.826114689605834007e-01
8.697110629398970838e-01
8.703291953574784356e-01
8.760755564669980844e-01
8.909588681100839569e-01
9.018928259254939128e-01
9.122556220640661850e-01
9.249794690771218075e-01
9.450752286642705169e-01
9.440322166582653107e-01
9.402208606663154944e-01
9.230746198698901450e-01
9.080311703519555744e-01
8.992404332259684718e-01
8.986190985697836142e-01
8.959059059397339597e-01
8.879173853212283252e-01
8.848708952947526019e-01
8.783915858716461189e-01
8.724404298039849515e-01
8.490396767495840269e-01
8.403734596970947601e-01
8.132360622213400392e-01
7.764329336020072692e-01
7.496838667900390663e-01
7.387333590438500686e-01
7.357569830372118203e-01
7.271718222009708743e-01
7.299407417660043196e-01
7.543013616261603493e-01
7.861958550606672480e-01
8.106674102401133508e-01
8.285447867714434977e-01
8.499320384742399259e-01
8.566817185475819052e-01
8.621627913027194445e-01
8.636057153594542957e-01
8.463436833201646303e-01
8.359167464605884446e-01
8.214681550786481212e-01
8.182138261453555383e-01
8.121474905436507630e-01
8.225754939167002622e-01
8.359584817303350457e-01
8.465588875945285752e-01
8.659963566128979773e-01
8.921571264379095645e-01
8.923351408197358614e-01
8.979418643693305446e-01
9.070438485542421381e-01
8.967327373635669563e-01
8.883105698902634684e-01
8.838201609663646208e-01
8.674746634531846912e-01
8.623768208318474127e-01
8.471792320137453425e-01
8.374700168993461924e-01
8.132018211527263229e-01
8.080585533206979809e-01
8.031646138142140012e-01
7.978299225229219527e-01
8.062498479689904629e-01
8.134554368560062976e-01
8.103799942821107161e-01
8.226368503354689610e-01
8.362280529264061180e-01
8.485969886642915627e-01
8.608075573246908307e-01
8.523593747733738679e-01
8.386027943766255488e-01
8.136550499685076820e-01
7.980647502485715972e-01
7.679521591205170639e-01
7.478398967695149002e-01
7.443882454612517074e-01
7.351739481997449088e-01
7.317823220325687661e-01
7.423511530669768543e-01
7.595097034870721409e-01
7.775129378929714896e-01
7.920139383794853050e-01
8.032741220190084963e-01
8.089265193760137862e-01
8.089530870447206867e-01
8.043545378735833529e-01
7.967648492373922142e-01
7.908546645388011553e-01
7.897561568994850845e-01
7.838111077637736068e-01
7.727067024569846954e-01
7.568939310777220708e-01
7.439258632384186942e-01
7.258027100529552689e-01
7.061691833141398034e-01
6.909056876962267335e-01
6.734317625147892006e-01
6.843077790077319866e-01
6.836260293421781986e-01
6.670587696716188120e-01
6.650385097849070837e-01
6.868388956596634953e-01
6.838849255423380402e-01
6.581164364696752145e-01
6.273653944020353146e-01
6.136511525697382341e-01
6.019834156323921048e-01
6.013193758451452764e-01
5.927260108188477927e-01
6.130464133265562943e-01
6.644910260297550719e-01
7.022380450633967097e-01
7.171117381798842727e-01
7.470049488996748366e-01
7.854351742442061690e-01
8.040960284042043549e-01
8.056934758335008162e-01
8.013741924137369743e-01
7.866418313631873271e-01
7.778675181834260322e-01
7.561817075470328442e-01
7.505980054347090036e-01
7.425015730382975576e-01
7.347702673881053581e-01
7.300244577110748256e-01
7.320938301392596603e-01
7.414749760399015344e-01
7.450641395204411488e-01
7.471841055334417225e-01
7.491696980181198340e-01
7.555826573098454180e-01
7.685810684959393235e-01
7.751999751621722057e-01
7.771990292859777272e-01
7.870075238755079861e-01
7.952081597898619236e-01
7.846471633556988401e-01
7.796905228555010003e-01
7.770238994967690882e-01
7.627369883276157170e-01
7.559229451465701022e-01
7.384682733786261943e-01
7.421170665290821589e-01
7.420103026622670850e-01
7.448589208048618238e-01
7.666148700039209229e-01
7.874960497035026208e-01
7.945588532446026253e-01
8.052037997642000899e-01
8.182501061134257458e-01
8.283414474577854847e-01
8.273636042378258448e-01
8.273924651364866767e-01
8.124767044394795024e-01
8.029598084965094973e-01
7.907640080221894907e-01
7.793227884505872227e-01
7.750276613684803362e-01
7.828807752831659084e-01
7.834226736751943587e-01
7.767530073015208592e-01
7.820760341852677211e-01
7.851482719664631960e-01
7.881303165120379095e-01
7.962143087539028663e-01
8.040011066710490706e-01
8.166266660445722358e-01
8.159408400068086653e-01
8.085887089101359004e-01
8.170463594531844898e-01
8.266297409625721349e-01
8.248589718621223144e-01
8.146329615813506786e-01
8.110207234360675699e-01
7.878583723561298768e-01
7.711670246548485430e-01
7.642826485718409169e-01
7.543139378356041869e-01
7.563231080273354889e-01
7.599651949592521882e-01
7.626872941426007246e-01
7.599035191233034503e-01
7.586348236797164635e-01
7.640866284406780951e-01
7.687477689786821333e-01
7.726413236794326123e-01
7.909088638067729438e-01
7.766795545456437466e-01
7.830338805877267161e-01
7.843096564788191172e-01
7.817170640165568285e-01
7.928724784874791043e-01
7.977651788577752034e-01
8.016762748244983250e-01
8.085796253004502443e-01
8.133402545218971769e-01
8.201013163095045577e-01
8.265893572023380598e-01
8.294166978967042470e-01
8.224293539801955655e-01
8.007246106543166597e-01
7.945178548828776277e-01
7.923638281237423975e-01
7.945838470487670557e-01
7.978477426550102392e-01
7.839664304002456063e-01
7.584963111853297857e-01
7.314030015938135509e-01
7.305594553369213484e-01
7.203225055949755706e-01
7.222000232048841895e-01
7.228826939524993778e-01
7.279738591402163950e-01
7.248542551372096909e-01
7.233370689182947455e-01
7.266313417708482048e-01
7.357235709479105212e-01
7.556842716699038176e-01
7.680534244119887610e-01
7.692504181264337992e-01
7.706200751271278238e-01
7.733518522905838966e-01
7.653890420734560385e-01
7.514089552885946377e-01
7.350152954019496532e-01
7.379470437315265308e-01
7.257928561892799113e-01
7.243088977632790026e-01
7.198939073749138773e-01
6.992899021014901129e-01
6.873345871727634115e-01
6.834903864699310994e-01
6.961794293714574922e-01
7.049082064709402129e-01
7.078707900900221839e-01
7.020768327083545257e-01
6.904061576854833016e-01
6.946359659560051858e-01
7.044322064697343677e-01
7.029719871711769263e-01
7.096448500249661340e-01
7.278922496372751683e-01
7.197267299442156041e-01
7.212930354307531822e-01
7.169433702865743996e-01
7.268132651160819080e-01
7.399599787251703864e-01
7.367723231264097228e-01
7.371422747941507314e-01
7.286570660585354187e-01
7.450708048286286411e-01
7.461834054040872299e-01
7.403126643444839505e-01
7.251643270065879499e-01
7.168226766506714531e-01
7.105137029739844179e-01
7.051160333135166880e-01
6.988253976167282389e-01
7.068963849237440700e-01
7.085429804649362451e-01
7.111421451284898332e-01
7.095946665291342770e-01
7.264922755260898590e-01
7.305896479736803117e-01
7.374928992638272174e-01
7.490489347742900206e-01
7.505067089473287378e-01
7.390175747504161841e-01
7.290736962054360504e-01
7.471458361638253498e-01
7.432648914419967001e-01
7.431440841636155481e-01
7.460815730235086374e-01
7.414434789655653946e-01
7.328059214108796349e-01
7.109151431307264568e-01
7.198544706557803430e-01
7.214344336239809641e-01
7.319245940507561610e-01
7.502727170037721827e-01
7.433385082720902481e-01
7.427156788532973675e-01
7.388669149986746287e-01
7.378317016989696109e-01
7.377441130994595309e-01
7.631195163091303302e-01
7.606227034220990335e-01
7.485676938838446981e-01
7.434615001325490802e-01
7.388368405605554301e-01
7.196904656093201513e-01
6.984017414825435255e-01
6.928336666049320636e-01
6.873077703440828579e-01
6.853198859252733754e-01
6.837733917775051795e-01
6.774427475775138818e-01
6.818788321383193463e-01
6.828289591176582851e-01
6.769980538796175340e-01
6.911549157540247679e-01
6.981620037956144387e-01
6.832910718231993696e-01
6.848363624263054117e-01
6.814571194988727765e-01
6.653030790402334471e-01
6.442549786049693861e-01
6.325541920680138874e-01
6.243734783399778054e-01
6.362442420605701754e-01
6.389995274376287782e-01
6.450507822364718313e-01
6.381839208295836396e-01
6.311289073954990947e-01
6.289850722162075858e-01
6.505516498847079276e-01
6.619016809768247800e-01
6.752665842185304745e-01
6.673662020041539744e-01
6.615282430568294458e-01
6.603917114711974623e-01
6.555819064495971293e-01
6.551945994853903832e-01
6.712989861543428027e-01
6.803910284613863269e-01
6.915479638835141385e-01
6.943151237425343458e-01
6.843016945984810029e-01
6.661847221663389496e-01
6.556381565183396765e-01
6.505297923914543645e-01
6.395443550826547252e-01
6.348939200444236874e-01
6.223462036199197689e-01
6.050737326446469222e-01
6.022621834095861493e-01
5.810879423781053488e-01
5.754824498987212156e-01
5.813826835636087820e-01
5.950564754453393501e-01
5.944163355875747845e-01
6.005449620775629160e-01
5.904162004388643359e-01
6.016951925994100669e-01
5.919471811160964547e-01
5.712507156392468977e-01
5.839329789494765999e-01
5.775876099344176007e-01
5.735967477428843830e-01
5.732445780048570638e-01
5.629528991090522183e-01
5.628821971126906076e-01
5.585724416244535195e-01
5.269779366881678362e-01
5.252799206027525258e-01
5.346855074417260489e-01
5.393952968838823248e-01
5.464581921502980055e-01
5.379134826642228973e-01
5.367843899277373598e-01
5.417501168540181933e-01
5.448701740636028301e-01
5.512679354665890319e-01
5.698698595496609620e-01
5.740344267144950052e-01
5.758829786859818167e-01
5.711186704936307423e-01
5.852914229331098728e-01
5.819983381446141024e-01
5.741177493980945679e-01
5.663319562147954844e-01
5.577849994251218302e-01
5.552687416633986794e-01
5.642305143879008389e-01
5.667263945022797955e-01
5.521360642920543071e-01
5.493457402508458154e-01
5.553360262240828460e-01
5.420986084327013010e-01
5.397858693276952335e-01
5.511594908626299416e-01
5.545809038534040836e-01
5.496431036632685174e-01
5.491882557596874381e-01
5.288535419681856808e-01
5.441692497619959878e-01
5.395895786199439437e-01
5.589041592623037458e-01
5.529319164314050461e-01
5.572016256719143357e-01
5.571145012957532394e-01
5.456274432647966188e-01
5.450267784687968797e-01
5.438006387136187225e-01
5.469980725166548874e-01
5.505938990681514822e-01
5.339495446436746118e-01
5.267618886176972381e-01
5.194212288630619678e-01
5.126511442161125753e-01
5.134143562527380134e-01
5.098675353406697530e-01
5.164839260524969333e-01
5.077930094928104765e-01
4.959416866949302172e-01
4.913341648634703684e-01
5.029327677443075073e-01
5.093834978875199093e-01
5.099731197843644370e-01
5.083222558099003141e-01
5.005076925709585067e-01
4.851322093173722205e-01
4.712752756328506543e-01
4.770846912312928789e-01
4.766704425063439943e-01
4.740801909110923251e-01
4.729194423893309240e-01
4.543663732788004728e-01
4.519928229631016703e-01
4.547185501749874126e-01
4.510740517682265693e-01
4.537149164868502504e-01
4.539875178995494420e-01
4.589270870672896852e-01
4.733098344126327461e-01
4.672042323493788563e-01
4.664171790131935724e-01
4.544548084237901020e-01
4.683995749097041861e-01
4.649075327378235922e-01
4.527055088107042047e-01
4.420697196805615237e-01
4.355238498450645923e-01
4.327601360028237587e-01
4.128740017074590818e-01
4.282719944921862809e-01
4.270937197707886934e-01
4.190093505650648864e-01
4.186102010571602361e-01
4.141514625860731047e-01
4.155409551944390101e-01
4.160034084422452594e-01
4.236471896880394938e-01
4.233997103145001883e-01
4.357876527086179674e-01
4.269758585975019782e-01
4.278240177096493402e-01
4.263221513165775245e-01
4.333932546759199367e-01
4.296336527140066086e-01
4.262685813414819336e-01
4.168104517071671289e-01
4.119554012565227463e-01
4.126210742384509023e-01
4.077996177436427061e-01
4.056975155319216819e-01
3.959344980029538275e-01
4.048202844861887306e-01
3.918263182808337519e-01
3.897465810743696024e-01
3.737585824094524223e-01
3.750070370933322739e-01
3.645555555266469794e-01
3.601314591804040677e-01
3.795637446744059007e-01
3.803649703715307751e-01
3.735423500749546766e-01
3.695141130729162615e-01
3.813331440641760106e-01
3.839154478133952608e-01
3.900293389667373600e-01
3.890779830971151654e-01
3.886042170502362336e-01
3.756875178894816258e-01
3.678243019536737157e-01
3.631582660061738466e-01
3.686146965059072245e-01
3.629642169772011595e-01
3.425582473771157654e-01
3.397982301482030398e-01
3.392597059973412876e-01
3.341572260290349705e-01
3.306762812169145027e-01
3.383386368440592373e-01
3.270641118402677350e-01
3.239386097585424951e-01
3.124630393680407625e-01
3.244378439555138938e-01
3.315556856274250452e-01
3.329843855513389128e-01
3.318952684066218128e-01
3.231579967442726464e-01
3.286921442292680129e-01
3.153846453552368589e-01
3.256525894371841701e-01
3.165455089213982109e-01
3.141086022932817468e-01
3.161890637239103685e-01
3.183599939864203421e-01
3.100668153508769342e-01
2.959015824292253183e-01
2.967866488803815317e-01
2.989349230107058997e-01
2.969721738701278091e-01
3.113131756050869781e-01
3.063181370614027621e-01
2.997988919196267199e-01
3.008227648336176396e-01
2.950753462858279885e-01
3.024780753057237370e-01
2.911524193264637406e-01
2.814308456057280083e-01
2.726034088590785220e-01
2.741014911218848660e-01
2.662016278697995619e-01
2.719197742727366696e-01
2.698865455868886820e-01
2.759103322129935476e-01
2.728194874978068785e-01
2.809159803350473328e-01
2.802549811128563495e-01
2.761939084013603773e-01
2.714928032723672446e-01
2.753392271388083179e-01
2.720695469258368471e-01
2.738514170545125470e-01
2.658113552065995977e-01
2.579357209271839202e-01
2.485550753855818307e-01
2.351589145455342533e-01
2.359133593938270157e-01
2.498094441558763590e-01
2.570147929752927829e-01
2.478480051394328365e-01
2.517540397311219813e-01
2.378059878517853887e-01
2.390884866169101231e-01
2.345004205997168745e-01
2.405724950291610043e-01
2.317423702343970882e-01
2.383756409074781202e-01
2.312317824323364135e-01
2.387240335738100017e-01
2.405712624426963320e-01
2.493150922868902220e-01
2.420458457936693897e-01
2.414461767874282183e-01
2.459595350358970423e-01
2.397992025875819722e-01
2.416582755134287219e-01
2.417870931846688443e-01
2.279132975413309670e-01
2.374754850373952120e-01
