1.645514218965869357e+00
1.660375593542489758e+00
1.659610009908095929e+00
1.681032795854562334e+00
1.657317364052834474e+00
1.652162247464966427e+00
1.633540118487818660e+00
1.647110413289458730e+00
1.675197261500510626e+00
1.660642475562545961e+00
1.658221181918666520e+00
1.655171099459041617e+00
1.658397944298595217e+00
1.655534731772167367e+00
1.655167716830879376e+00
1.665941611457742333e+00
1.669301763109163561e+00
1.700078891551968674e+00
1.693688377191984840e+00
1.697122897718640555e+00
1.695054571459267523e+00
1.686758864832352600e+00
1.697488296823620679e+00
1.695034831772580075e+00
1.675072197973411781e+00
1.711541064107779508e+00
1.696253183395721731e+00
1.702821902506623353e+00
1.711041707512889420e+00
1.728210740945063995e+00
1.701877273339406083e+00
1.705786017478331029e+00
1.710712136457911203e+00
1.728605505132778664e+00
1.722587698626369290e+00
1.712180550611972496e+00
1.709491785555527832e+00
1.721601783559544296e+00
1.747632951435490911e+00
1.736693461431193297e+00
1.735563282007429597e+00
1.768245647786170327e+00
1.756040648088235567e+00
1.736420814171817817e+00
1.789062189139037251e+00
1.771247282806663881e+00
1.749348962466649171e+00
1.755164469794651350e+00
1.735871867591239903e+00
1.731552620618274307e+00
1.715503376305576477e+00
1.709996580430754864e+00
1.686738144414770657e+00
1.677073424076769737e+00
1.689108423802070380e+00
1.696685555755313768e+00
1.669979063473883807e+00
1.674053514775554419e+00
1.673565273520131846e+00
1.665696666535962267e+00
1.684725520530253595e+00
1.691471086971933824e+00
1.677193961891614293e+00
1.666283344903227270e+00
1.658214928753986461e+00
1.634739714684173784e+00
1.644604644748240529e+00
1.638544628152459826e+00
1.667744500809351660e+00
1.648111047619526426e+00
1.659577741186576416e+00
1.675781501724384670e+00
1.665033206961459289e+00
1.637125309197046130e+00
1.658890869586629346e+00
1.679490956977385041e+00
1.665782863669427183e+00
1.685452872767741361e+00
1.670458057694999443e+00
1.668795368031055659e+00
1.676944233604625190e+00
1.694045093888314479e+00
1.687810694521972410e+00
1.673303889242832687e+00
1.655310391488833410e+00
1.692761142790009776e+00
1.670227639872648107e+00
1.642438635689176696e+00
1.623157040888281388e+00
1.636804341844145361e+00
1.656299396472665109e+00
1.637747026125495831e+00
1.630308176319300140e+00
1.622724110258266350e+00
1.618561057978365580e+00
1.600051022879377172e+00
1.590186009364647823e+00
1.588052604849890415e+00
1.587827785720665741e+00
1.563864877733078140e+00
1.568682153854165984e+00
1.539962758587137381e+00
1.533962311197301753e+00
1.513878920672532491e+00
1.498615100589849591e+00
1.465299145271846015e+00
1.468588762732825126e+00
1.483323324113674069e+00
1.446436991625550395e+00
1.436983996895177640e+00
1.436144949089667611e+00
1.420418371743487285e+00
1.413412858851263998e+00
1.437275916320042146e+00
1.440035915351174811e+00
1.476202832415040023e+00
1.480054000817025983e+00
1.492381487647223226e+00
1.493641890304479913e+00
1.491224000943417893e+00
1.476649308636031943e+00
1.448200484645334019e+00
1.421806390827199174e+00
1.391152329092653517e+00
1.328090055296054395e+00
1.269111895139808599e+00
1.188481149008329574e+00
1.128043617684570066e+00
1.085888548838758183e+00
1.109841135531606460e+00
1.146303046087033817e+00
1.187185631191287838e+00
1.252542429646707811e+00
1.323498453204204450e+00
1.400406673274077640e+00
1.485704755738144422e+00
1.568988934312323114e+00
1.651791987510366821e+00
1.708729375879581847e+00
1.784756725169843516e+00
1.796948702475031245e+00
1.811775803906986448e+00
1.790995418643536397e+00
1.816754959440052053e+00
1.788700576868577086e+00
1.796294962065532852e+00
1.820283417834532846e+00
1.803607685407492056e+00
1.817837203566347481e+00
1.797902640541809927e+00
1.808570303305374827e+00
1.819993443171739500e+00
1.799306874028813841e+00
1.803803839487527316e+00
1.785086429906751704e+00
1.794673479427453255e+00
1.789930569636524194e+00
1.785819090323138125e+00
1.790483032779864647e+00
1.773149884661302522e+00
1.815505423896389914e+00
1.817246960499566688e+00
1.834049997624373596e+00
1.817057965431277733e+00
1.842607655932056110e+00
1.825412530108559306e+00
1.818426439588903154e+00
1.806849776166574051e+00
1.823684785616265458e+00
1.818606873777227850e+00
1.819243715943412720e+00
1.815423385414516977e+00
1.848908832133246971e+00
1.832993869095725925e+00
1.835668883627281645e+00
1.809643643698310767e+00
1.846674068539205127e+00
1.845110819774481437e+00
1.848854328033627370e+00
1.827741512614939445e+00
1.812846498676373930e+00
1.815376207250055440e+00
1.826387431668288652e+00
1.838718583806123075e+00
1.844418884172166484e+00
1.835602617553911076e+00
1.829417556244050003e+00
1.832327969051891881e+00
1.838571201946564537e+00
1.815602646801680153e+00
1.837915257994058749e+00
1.820540226118637639e+00
1.833522883394606007e+00
1.849503066035422583e+00
1.833673987130368888e+00
1.841462650023080849e+00
1.851304130123507585e+00
1.823265094999234393e+00
1.824436844596092788e+00
1.847823857598724695e+00
1.844252201182808193e+00
1.838872056288963552e+00
1.828541254034980579e+00
1.828176899423484603e+00
1.858854760774093506e+00
1.839194965035728879e+00
1.842108612267292944e+00
1.845369929646820228e+00
1.840206787531476484e+00
1.842659599408610571e+00
1.862175171730080292e+00
1.849295107677457528e+00
1.864878503292183964e+00
1.847198405870259297e+00
1.855883034639531859e+00
1.838419215294161191e+00
1.836248098921978045e+00
1.831226405881671626e+00
1.829980368067246843e+00
1.830216048882614688e+00
1.833031596910831507e+00
1.830707520196781735e+00
1.836472698542984894e+00
1.815586571960148721e+00
1.833670752578564933e+00
1.839129168745917031e+00
1.844482393869643522e+00
1.846458574711596023e+00
1.830180225704490127e+00
1.838597872730466820e+00
1.822457766042008265e+00
1.849098436300739223e+00
1.833454432433138326e+00
1.815966334272308025e+00
1.824087381199368529e+00
1.827227525988164514e+00
1.817661633046784297e+00
1.830340034684498685e+00
1.814451396098740510e+00
1.834314122952686921e+00
1.834863407908982280e+00
1.841074966218899212e+00
1.829139649405171708e+00
1.837318512227386957e+00
1.840106039313527342e+00
1.835210270204955973e+00
1.835154476696598147e+00
1.846258600592127541e+00
1.827360904106120953e+00
1.833924840179515847e+00
1.835995418982089733e+00
1.839127871285071603e+00
1.837746278031752167e+00
1.840797206526123331e+00
1.847295480003343648e+00
1.835189514177018699e+00
1.836775013290497638e+00
1.835529766451563294e+00
1.832015651422437275e+00
1.823141926208690089e+00
1.807697227963276809e+00
1.804823168004920264e+00
1.803954039480953453e+00
1.827986135319512373e+00
1.823637144412822098e+00
1.816047776665672409e+00
1.805197669435876229e+00
1.827985582248052410e+00
1.829924571550724188e+00
1.841100340180659822e+00
1.847772188487725620e+00
1.842328306340450528e+00
1.840850735284445649e+00
1.844369034115679096e+00
1.844684334802505044e+00
1.840655077865429146e+00
1.830526354752362916e+00
1.836472581119500846e+00
1.824479165378507739e+00
1.847469646374591656e+00
1.839907647361514131e+00
1.858005946889030868e+00
1.840957408255960770e+00
1.851455425637334118e+00
1.842573923835819860e+00
1.842197351287874429e+00
1.870530847503037997e+00
1.884997708383677972e+00
1.876122137658427613e+00
1.868292820259505493e+00
1.857602359551079330e+00
1.865394924969949964e+00
1.857540797254830789e+00
1.849118097341073241e+00
1.836544813557721367e+00
1.852883086276561952e+00
1.842250528464170811e+00
1.859165532616606331e+00
1.840708533181505180e+00
1.846357850867474060e+00
1.844220816897788051e+00
1.849431993439517141e+00
1.856166270326720991e+00
1.846649600420778192e+00
1.852575032087564244e+00
1.841616559335230052e+00
1.845189912895183859e+00
1.838363981954951321e+00
1.849501503897964527e+00
1.837907644727813761e+00
1.849683869935367042e+00
1.845859816113382568e+00
1.831756801775572319e+00
1.853695728744433557e+00
1.854865413316028944e+00
1.856650411753873131e+00
1.867205659285829045e+00
1.862210356614255824e+00
1.871066874889548926e+00
1.859005738583162648e+00
1.851976999138819524e+00
1.851947745503994325e+00
1.861921633557152900e+00
1.842190792592103943e+00
1.839073953179282572e+00
1.853002438327823631e+00
1.860452240284139469e+00
1.850033361656108655e+00
1.841073433155992145e+00
1.836815507068535691e+00
1.840762172499338378e+00
1.819295104903357885e+00
1.837130007067652615e+00
1.818956644189280381e+00
1.829612816495562733e+00
1.844312916038651329e+00
1.842586311238919139e+00
1.847314894390756468e+00
1.829091498210624334e+00
1.844530708246249873e+00
1.848617572601817693e+00
1.866651058542093233e+00
1.845789923447536784e+00
1.878485084965728857e+00
1.849282701743658830e+00
1.866504015711360598e+00
1.879937511646043058e+00
1.866089843532023895e+00
1.854456785569665644e+00
1.856368760802985296e+00
1.852912683592056631e+00
1.843552580258063678e+00
1.856938584817994009e+00
1.852923808485327672e+00
1.832861727935708007e+00
1.838458249806239841e+00
1.848389489012021825e+00
1.847813908526000581e+00
1.836015463717822538e+00
1.840315320443567604e+00
1.851287777819425662e+00
1.846446391650486740e+00
1.825524177348434973e+00
1.837685639174601482e+00
1.838685149629581739e+00
1.829647061855578238e+00
1.816212787181615163e+00
1.825185733438308588e+00
1.824175664315358159e+00
1.805122551159962452e+00
1.807154016344906022e+00
1.805111753100725247e+00
1.823293127596435248e+00
1.812350792504850316e+00
1.822895600922361359e+00
1.840972315799058956e+00
1.847453863571288046e+00
1.844311540839509211e+00
1.831343481621193092e+00
1.824865017147486057e+00
1.821021240009743192e+00
1.814252425964286042e+00
1.800907371498715825e+00
1.804256359283021860e+00
1.783970359722338861e+00
1.780893740809908588e+00
1.773504268122092054e+00
1.755513590256473577e+00
1.730755940811639304e+00
1.686649671276540197e+00
1.603307112191154626e+00
1.552376014951592165e+00
1.517920130238185283e+00
1.490745115631170625e+00
1.482619429749203466e+00
1.482038495691478719e+00
1.460503699049165771e+00
1.488145512569685858e+00
1.489542853782275689e+00
1.522516654417765292e+00
1.585491935561153864e+00
1.642031762857376398e+00
1.702911512663656479e+00
1.733213928617647337e+00
1.738705598412049858e+00
1.768109195597497463e+00
1.771996191089302952e+00
1.788903105873141941e+00
1.778124557128348160e+00
1.781051060103671979e+00
1.790432112278800947e+00
1.810615395408548434e+00
1.807625394992852463e+00
1.815851767965137586e+00
1.818452110183239379e+00
1.829081307445432625e+00
1.822027174015517170e+00
1.835514484224814336e+00
1.852891456038408879e+00
1.837748965583779759e+00
1.832792874625416957e+00
1.840406900559633296e+00
1.839658504238649517e+00
1.831950056453719666e+00
1.835924639732174013e+00
1.830922631960725022e+00
1.826259183150194643e+00
1.835918004637301815e+00
1.835023837187031992e+00
1.806692268976352489e+00
1.805198432791244256e+00
1.802957973159852179e+00
1.794862186452861774e+00
1.787771570507136643e+00
1.801246284298805289e+00
1.783278103852744989e+00
1.788126982820512412e+00
1.798963327454568883e+00
1.813549324249596362e+00
1.822560627400199529e+00
1.842347119921693643e+00
1.854697008517277368e+00
1.842694820639054765e+00
1.847657280352757336e+00
1.838772672309165745e+00
1.837656407167757910e+00
1.824268358981539606e+00
1.814250661057915881e+00
1.787235218536996184e+00
1.764415620258037665e+00
1.751341794905217686e+00
1.735003768625496434e+00
1.735345781161593104e+00
1.739354261820364123e+00
1.729697601462565126e+00
1.741103616697491585e+00
1.758304317201180300e+00
1.753465319899667252e+00
1.780407622291689362e+00
1.795498503827938075e+00
1.808662079001454259e+00
1.814188085683671181e+00
1.806232275079742156e+00
1.833236785977712557e+00
1.811933607368318988e+00
1.804520484360805144e+00
1.806647038715472497e+00
1.789010739274383921e+00
1.801477508008864303e+00
1.796963911985127949e+00
1.812381580065098419e+00
1.812064381236988764e+00
1.807142049386657012e+00
1.819217734956688259e+00
1.827489406535140359e+00
1.805892322118707094e+00
1.808325175397841322e+00
1.794298800058704346e+00
1.817354942312513710e+00
1.813722755792351204e+00
1.812787910622597920e+00
1.826970692182290357e+00
1.819141462273202059e+00
1.817732981011462412e+00
1.825147114519661828e+00
1.828454092455798374e+00
1.821842279549066967e+00
1.842960626670661961e+00
1.837393326358275791e+00
1.837871840537161461e+00
1.828076255608275025e+00
1.849624530504193176e+00
1.852794123997477449e+00
1.844458540676673808e+00
1.861145161578178664e+00
1.838370766178614391e+00
1.857968751424813103e+00
1.870148554829626608e+00
1.868594069621872800e+00
1.877878860848451348e+00
1.864376263567051550e+00
1.855764337178057000e+00
1.845061855746232382e+00
1.853237592554323632e+00
1.853560215955663448e+00
1.851990917738888687e+00
1.867252980088158987e+00
1.876729141158534730e+00
1.870474557152601802e+00
1.871050842012159654e+00
1.874469166241100382e+00
1.867866584622862369e+00
1.859312948609712413e+00
1.869058177432041168e+00
1.857654643676595274e+00
1.849483414551557514e+00
1.847721798275658411e+00
1.846423532324690475e+00
1.839532808561886501e+00
1.846051088212647295e+00
1.822908398189294621e+00
1.842030153277970372e+00
1.842795402200505306e+00
1.826662003914208299e+00
1.844783158836515113e+00
1.840886099758027861e+00
1.853009082245133277e+00
1.845391014295259424e+00
1.834711068111644749e+00
1.831644866746369837e+00
1.849802238413240429e+00
1.848125592154865604e+00
1.846484587169702207e+00
1.854635935722691364e+00
1.847287378332534757e+00
1.830760634687489175e+00
1.834863952832315181e+00
1.850703017592619792e+00
1.860791230869677904e+00
1.860013329355462819e+00
1.872439140201448415e+00
1.878457231937761263e+00
1.888085752040266740e+00
1.879860159507601214e+00
1.864981195865696106e+00
1.894715200054636339e+00
1.875226069247990512e+00
1.885838045342872249e+00
1.877496693160809693e+00
1.885201948879618561e+00
1.882007547768824507e+00
1.872858343036921891e+00
1.894857688244463656e+00
1.871354075526908245e+00
1.890480582249040475e+00
1.897186625632847345e+00
1.887577067496305938e+00
1.877017518832122311e+00
1.875703204843450100e+00
1.875283726340415624e+00
1.853341396624472948e+00
1.862989651585762907e+00
1.848826354793528637e+00
1.842887198473675436e+00
1.836855198511004428e+00
1.839416600547892910e+00
1.835756989825140018e+00
1.829053743088569162e+00
1.848843060525295900e+00
1.846751771934364683e+00
1.853670044585891796e+00
1.855239770020363332e+00
1.862396800444633627e+00
1.865189207859820675e+00
1.860198005123500975e+00
1.853090740875683595e+00
1.864456078412191742e+00
1.855036740683802199e+00
1.865040689559717801e+00
1.854426217371007102e+00
1.834908058669011632e+00
1.846825898224048412e+00
1.831858833113496177e+00
1.824951755186964286e+00
1.832422453068465185e+00
1.836471092778771297e+00
1.838966446837784430e+00
1.835383720175978173e+00
1.830618367161596094e+00
1.834040557222825552e+00
1.854307329332615772e+00
1.851989369899706972e+00
1.846130317860751324e+00
1.853814699894528850e+00
1.856761125406639845e+00
1.846335324002079226e+00
1.842944240248287624e+00
1.825148783974567923e+00
1.812071670361995457e+00
1.813939960388313510e+00
1.789341977364268477e+00
1.801095427568279117e+00
1.772610547274383830e+00
1.767626355126479920e+00
1.786632139177128265e+00
1.787616849750772285e+00
1.784494422001962288e+00
1.797154395891091383e+00
1.821544120413776335e+00
1.809753838155489625e+00
1.811389355602495588e+00
1.800258240148892463e+00
1.802902308890321104e+00
1.787276634172420664e+00
1.776926053224063828e+00
1.770656674153574084e+00
1.778361164984899601e+00
1.770591662523790966e+00
1.770369599331848898e+00
1.756793073565308116e+00
1.753794945873544453e+00
1.773570716051788621e+00
1.773962999279501407e+00
1.785710178643232116e+00
1.794347589422391698e+00
1.807266701574417489e+00
1.816607133123548490e+00
1.815605975773795899e+00
1.797191728669306654e+00
1.786135427503484197e+00
1.768407741770439356e+00
1.747827085427572147e+00
1.745878310394776811e+00
1.737621237361995918e+00
1.723247086632256453e+00
1.729230767040015326e+00
1.742418375999857716e+00
1.756815745956655128e+00
1.760253470931998354e+00
1.794253282343958089e+00
1.806831591204732135e+00
1.817110345487274570e+00
1.838883703851375673e+00
1.861597862034256812e+00
1.865746887438673562e+00
1.856916309573497514e+00
1.854255810928714165e+00
1.846934258095392467e+00
1.851186329756699944e+00
1.836155820764146185e+00
1.822559219293509392e+00
1.816235657493534994e+00
1.819807370777037692e+00
1.795795662878111987e+00
1.793665006145463092e+00
1.788798410114651238e+00
1.806521531075532927e+00
1.810119845564970964e+00
1.799602059353532901e+00
1.791060061416341664e+00
1.808344210214031689e+00
1.806146205781077541e+00
1.787147355860458919e+00
1.818015230837473073e+00
1.823612852709714405e+00
1.826922241451133688e+00
1.822856122676102864e+00
1.835136324772962624e+00
1.826245434264515133e+00
1.841199171422194691e+00
1.830524919211269141e+00
1.825881765486395469e+00
1.840638571438195648e+00
1.832332666020393797e+00
1.830977499018346943e+00
1.842543300755278279e+00
1.841852818337678999e+00
1.839147119703115951e+00
1.852055531354104057e+00
1.844584383765513591e+00
1.857856837715972098e+00
1.865273630939423777e+00
1.858250754642595259e+00
1.886678980729844524e+00
1.851050946563616684e+00
1.857278511465233928e+00
1.847859913892819561e+00
1.846603488349333633e+00
1.844493418310785948e+00
1.879295205691981163e+00
1.865488911809693784e+00
1.878785638101632793e+00
1.885822877389939256e+00
1.902921218743373499e+00
1.893186699774918713e+00
1.901521318436979691e+00
1.895571726569778681e+00
1.897121873008606574e+00
1.888402004260884226e+00
1.890228360242401484e+00
1.908998007829785681e+00
1.890717679360447434e+00
1.879770273125280333e+00
1.881578168605569701e+00
1.865948013939077166e+00
1.879078735955181712e+00
1.871380705225132113e+00
1.856023529294653862e+00
1.855636322687099105e+00
1.850846510212770024e+00
1.873136999676829006e+00
1.864429511041193255e+00
1.871784735987623405e+00
1.872553819748866921e+00
1.891924271890216058e+00
1.889452400679834332e+00
1.888288039430144671e+00
1.874016801299402957e+00
1.882673323090709561e+00
1.882245832372662298e+00
1.859317680852434318e+00
1.849508998975354590e+00
1.844520773862527996e+00
1.838582241358800884e+00
1.830020048537567723e+00
1.832397823530232950e+00
1.818345452285193176e+00
1.803668248378097028e+00
1.784132358407356289e+00
1.784037379289796332e+00
1.767774876882864277e+00
1.779552365485660426e+00
1.780819971357982867e+00
1.808752243535350912e+00
1.802210238716505319e+00
1.795431464110895270e+00
1.795053253912882729e+00
1.824675793434842985e+00
1.839829627260473277e+00
1.849495601724759686e+00
1.859718852840840597e+00
1.846925781962888369e+00
1.866868387956117648e+00
1.873009265564448356e+00
1.860103714909656425e+00
1.862558758310532747e+00
1.866397812911867238e+00
1.850064089985757221e+00
1.840642085411491546e+00
1.826560816115053720e+00
1.806830126571417949e+00
1.829406593313355645e+00
1.822287395579788027e+00
1.813752985801569295e+00
1.806003830069650151e+00
1.838045604662349009e+00
1.819459463572709046e+00
1.838977234242697101e+00
1.837080650155524575e+00
1.853764317044354737e+00
1.860659416149240020e+00
1.854713477101139985e+00
1.839945047285683755e+00
1.849924526444542527e+00
1.854491815405637789e+00
1.844846051509267060e+00
1.843034622991198246e+00
1.840878575930479766e+00
1.840922356676094829e+00
1.850907644281438724e+00
1.871243587615544657e+00
1.853883300527700007e+00
1.858708867236767093e+00
1.873374557304643195e+00
1.869828047557034356e+00
1.868621117490962824e+00
1.866760235287947323e+00
1.857349809267927476e+00
1.835892054376635496e+00
1.824375811976704620e+00
1.831095182366178076e+00
1.841267385208946061e+00
1.848058286076088130e+00
1.833572350038058296e+00
1.838078774060830423e+00
1.849260111733092460e+00
1.842507949809998102e+00
1.861836470893103446e+00
1.861859152712955989e+00
1.857842168101702995e+00
1.853153724064463326e+00
1.860241824790807463e+00
1.861258875014492498e+00
1.847896262685820634e+00
1.858082702440697398e+00
1.838636426051333261e+00
1.841447335452336187e+00
1.849568774389902082e+00
1.849712963923733522e+00
1.863951495438450845e+00
1.856390688322904214e+00
1.854699388967440354e+00
1.875625303661580867e+00
1.863422420049774875e+00
1.869620857376237844e+00
1.880199800936345200e+00
1.887580385459426635e+00
1.879832644301292710e+00
1.866937640687063027e+00
1.874220545135997007e+00
1.870969840609779222e+00
1.876937761891231515e+00
1.872110829249348463e+00
1.863396482300085255e+00
1.863356272592474827e+00
1.865687493237412786e+00
1.855816975362861943e+00
1.858314284792619953e+00
1.847168161123175834e+00
1.851121741237814478e+00
1.866354965461405557e+00
1.865300334221533074e+00
1.863150168753385572e+00
1.864788394601659682e+00
1.863747719725198149e+00
1.864733037184506559e+00
1.872244943579405074e+00
1.864526183262321668e+00
1.869128578220008663e+00
1.858775714037944393e+00
1.863450059738965159e+00
1.864894662593870045e+00
1.865260459423156547e+00
1.869568776061096171e+00
1.874389281452200962e+00
1.866763700104050461e+00
1.868679225233217389e+00
1.867329694330589707e+00
1.861159785203717831e+00
1.859588786041360242e+00
1.851952481762703329e+00
1.862221250159228125e+00
1.850436992517550117e+00
1.847982891949449424e+00
1.826656701242994618e+00
1.832944777973637196e+00
1.808282868095133278e+00
1.815077674398900109e+00
1.803512446192694574e+00
1.800038890643399947e+00
1.797902998555601650e+00
1.809350754960448393e+00
1.804861547750044259e+00
1.819514581810334874e+00
1.814228880082465523e+00
1.827624029477576739e+00
1.817649160561251920e+00
1.814542913054811857e+00
1.816693370616429215e+00
1.818890974103458014e+00
1.825724652072579168e+00
1.821997326480806256e+00
1.833217583840737852e+00
1.826463716744038290e+00
1.829777255514862588e+00
1.825993917151470747e+00
1.846765263585080197e+00
1.852680923911564026e+00
1.842265199114812679e+00
1.845699144436786510e+00
1.851334689799139399e+00
1.848336909373370363e+00
1.854082955344468209e+00
1.835738692998128085e+00
1.850493576670543261e+00
1.850728666204682016e+00
1.834460954849064240e+00
1.848100146772669206e+00
1.836196040709012101e+00
1.836369823547588931e+00
1.833516671895801142e+00
1.820690030223605538e+00
1.836135958566125215e+00
1.827539914982419633e+00
1.829940341692863237e+00
1.844879268518356596e+00
1.849179595398855458e+00
1.853455208169397794e+00
1.841597522260120856e+00
1.847779053488680212e+00
1.837954502802917167e+00
1.854483253486806316e+00
1.858048263772409170e+00
1.863610821436485265e+00
1.868138433219477701e+00
1.860844064640809314e+00
1.862531138296209754e+00
1.848152261723859935e+00
1.854389199025549440e+00
1.852653442590248334e+00
1.862235672741199721e+00
1.851999377932239010e+00
1.850809902772652338e+00
1.833001868572103898e+00
1.833035213751254888e+00
1.823024127098663572e+00
1.822879876128806753e+00
1.829461891849796462e+00
1.832475795941388208e+00
1.818844047561335442e+00
1.814669137040467284e+00
1.813461598850569123e+00
1.813167821459255036e+00
1.820325564767094173e+00
1.824377857533653557e+00
1.842179327758207696e+00
1.839950917088829740e+00
1.841382883359425016e+00
1.849523142150138133e+00
1.846443793525003541e+00
1.846325831060808831e+00
1.846699787200213105e+00
1.845947645581959007e+00
1.846075925917991079e+00
1.837488636441048317e+00
1.825423388536688174e+00
1.836710183208825065e+00
1.822547344231499444e+00
1.828383997166274533e+00
1.822672949025173184e+00
1.828636826339130605e+00
1.840120430284199804e+00
1.827081247775390382e+00
1.829030005118881475e+00
1.821112394160941728e+00
1.827941537664835137e+00
1.830765439813518691e+00
1.825982105755957097e+00
1.829339585587014261e+00
1.835437552667659178e+00
1.819132727656199933e+00
1.835748651944844267e+00
1.846586539379503344e+00
1.839576387734030982e+00
1.836412377400814311e+00
1.837381424423562226e+00
1.819442805528290963e+00
1.806447277977329957e+00
1.758131687122155062e+00
1.741962921868415615e+00
1.728785908501129898e+00
1.714890149093761584e+00
1.672229629689470976e+00
1.641197533493259586e+00
1.624148108766228615e+00
1.628043620975281547e+00
1.646203655847814806e+00
1.662022897638669283e+00
1.679954113585341524e+00
1.713474496204901554e+00
1.722484655890520910e+00
1.756843605734201175e+00
1.768320661006168137e+00
1.827847786422342358e+00
1.853839363064124335e+00
1.867676331139308088e+00
1.869416307439379921e+00
1.881542925445272019e+00
1.879397244363278041e+00
1.880375532967082153e+00
1.884209957950771841e+00
1.888344666505817893e+00
1.875286293647144165e+00
1.902440985597872336e+00
1.883987544592450103e+00
1.882521087588099995e+00
1.866268483344395213e+00
1.868423829555889260e+00
1.861958919529157486e+00
1.854970240886819832e+00
1.854053908349002411e+00
1.838438835871885280e+00
1.844229606449907299e+00
1.844802431209115801e+00
1.847512372317565266e+00
1.835498669681334460e+00
1.837971609307021970e+00
1.848813089453018144e+00
1.850912357519718165e+00
1.854096097121670894e+00
1.868678642993678141e+00
1.881802825540589197e+00
1.888718605859573074e+00
1.889615973972045948e+00
1.888283149282380169e+00
1.893959678774542743e+00
1.891774511480244891e+00
1.891573798802696826e+00
1.886648613194695345e+00
1.895601519943971303e+00
1.890239175852695741e+00
1.885346190885231366e+00
1.886638739994914715e+00
1.891898103526212793e+00
1.877201739510881540e+00
1.886046768269616924e+00
1.887758393163671888e+00
1.888870960091753037e+00
1.885178624811639558e+00
1.883728482336771259e+00
1.886602635981420084e+00
1.883344823505822996e+00
1.884574965575869232e+00
1.888783299550654382e+00
1.872363740829648071e+00
1.867562654021227786e+00
1.864091917255692898e+00
1.864541938596033566e+00
1.860176037900548529e+00
1.849983990095668940e+00
1.848742445167998349e+00
1.845761282417886617e+00
1.846536586023061144e+00
1.836615241458349201e+00
1.837868802580681082e+00
1.835036611871988743e+00
1.841259516226345649e+00
1.837264968255818864e+00
1.845050523949505417e+00
1.826348723569038546e+00
1.838312057509274400e+00
1.832089462835725602e+00
1.835630217563702038e+00
1.817222551798618912e+00
1.814408210277721922e+00
1.812572050570564475e+00
1.811303909089455377e+00
1.818610767201773726e+00
1.804589902136718660e+00
1.800894476385000109e+00
1.777825542984239116e+00
1.772090003111611134e+00
1.774156964184806951e+00
1.781011955728903917e+00
1.773162759168390501e+00
1.771550366409595290e+00
1.778788285997704888e+00
1.777782296884850677e+00
1.777242837032748657e+00
1.795775556727044586e+00
1.800050172284691996e+00
1.801414049615757795e+00
1.816735607107058614e+00
1.828565564312096825e+00
1.823453697244746818e+00
1.817800492407602775e+00
1.829537547495684313e+00
1.811905884170420311e+00
1.809253882910650146e+00
1.818147567615233884e+00
1.809803253495853692e+00
1.816745082778829623e+00
1.809087935761473531e+00
1.795555690726254428e+00
1.777492380882215617e+00
1.775645238070377108e+00
1.772638279058449839e+00
1.785934780326198679e+00
1.781675317464163744e+00
1.791211830391404636e+00
1.792400482333829315e+00
1.779860062571304136e+00
1.784167771972636540e+00
1.795061570326737410e+00
1.797794998062019811e+00
1.815745866398667863e+00
1.816927553603240986e+00
1.815847960780208936e+00
1.824040493916026406e+00
1.829777024338468561e+00
1.838319112923210374e+00
1.824322195892946974e+00
1.816385117231855251e+00
1.824064263815441400e+00
1.826974742740431923e+00
1.829911859034174970e+00
1.820248310438596695e+00
1.827028927780878442e+00
1.828432876914725336e+00
1.845484782645735011e+00
1.827671690228740209e+00
1.831123993035565833e+00
1.833051139752753800e+00
1.823741356580925288e+00
1.840541041141480871e+00
1.830847801137426956e+00
1.826401911336481776e+00
1.823919185322848469e+00
1.818818050361658889e+00
1.790617772307960154e+00
1.782525584502894445e+00
1.770067723013426519e+00
1.764099586366050465e+00
1.751801931467797058e+00
1.745421131986080621e+00
1.744727524209388481e+00
1.736766242979433050e+00
1.742997713306769114e+00
1.735631030020104104e+00
1.750489594467811605e+00
1.753362484113675679e+00
1.776993085902134561e+00
1.787364046304897425e+00
1.794574417762250462e+00
1.802586490824950261e+00
1.796029312806418199e+00
1.802237682432714427e+00
1.792655106410059540e+00
1.791218428524017137e+00
1.787052393057833255e+00
1.795821119240850194e+00
1.786690443215732449e+00
1.774297518170923293e+00
1.775201129355072460e+00
1.761315566394788368e+00
1.764528959764839477e+00
1.769987412993506704e+00
1.788646946618695610e+00
1.794279957181549312e+00
1.798238786843178616e+00
1.808580398344525886e+00
1.822629922715396145e+00
1.826866440434374406e+00
1.830749299402925967e+00
1.838857727769583228e+00
1.835005297415935654e+00
1.826147475131538300e+00
1.821238096685023677e+00
1.829237533376288916e+00
1.827069763687708681e+00
1.809436984740641963e+00
1.802534358845252704e+00
1.798843654979454865e+00
1.775422098255846848e+00
1.783055882412313053e+00
1.773499297539248509e+00
1.777611842100494277e+00
1.771003734203890456e+00
1.773341412269956008e+00
1.776325468601182678e+00
1.787813214948162699e+00
1.789926975434489531e+00
1.809660304019619748e+00
1.819455211193962363e+00
1.827445824450903977e+00
1.824527564342055097e+00
1.822294822752826615e+00
1.830733292708560223e+00
1.825879478471759798e+00
1.826988759168623799e+00
1.833001854377699580e+00
1.810709101161818824e+00
1.809459526250977834e+00
1.806107011256315786e+00
1.818873655107973164e+00
1.829301917155483848e+00
1.835393244495585829e+00
1.828739949894736538e+00
1.832624609956866824e+00
1.842699753619123415e+00
1.839752791692727429e+00
1.830910302437872783e+00
1.835109841869768221e+00
1.843248611713012908e+00
1.840046426425305581e+00
1.834810277400029443e+00
1.818011360941991894e+00
1.805947780175286566e+00
1.785441453238120202e+00
1.797273963184032652e+00
1.807542116044460467e+00
1.808290774156770198e+00
1.817254999280444538e+00
1.824590628609202181e+00
1.826844279888885758e+00
1.838347485664112879e+00
1.849695058272441850e+00
1.851182497113124548e+00
1.859713995677720666e+00
1.855403480011269757e+00
1.840099769449903944e+00
1.824252067083259599e+00
1.816972835936403907e+00
1.810351991645995362e+00
1.810420381404032275e+00
1.796022665004486818e+00
1.789884080532550215e+00
1.780901123812029141e+00
1.783279821072259796e+00
1.791161238013117885e+00
1.765675253177084070e+00
1.763299597060722590e+00
1.766612883557678426e+00
1.744781596106724786e+00
1.749701096383508236e+00
1.769720176447102222e+00
1.782025425759157899e+00
1.780521542263409973e+00
1.791328649745356882e+00
1.805047496478622948e+00
1.822104555335816167e+00
1.822804107534434559e+00
1.833323914146703482e+00
1.822953303371873668e+00
1.826975350862861225e+00
1.817182352276733415e+00
1.802022466581495896e+00
1.808478411203788383e+00
1.808255936493512017e+00
1.809795406732102263e+00
1.806529632871254343e+00
1.801442153563805437e+00
1.813571159699523871e+00
1.823570517303235272e+00
1.824079313008076353e+00
1.833577630166380645e+00
1.831767721103121138e+00
1.844765530578212909e+00
1.848465023214576730e+00
1.844943056913556756e+00
1.865696655227282896e+00
1.865606991788902880e+00
1.865300112468004201e+00
1.870012792421009484e+00
1.870897342119022699e+00
1.864152840604297312e+00
1.856013629945858945e+00
1.864997006058719098e+00
1.866327183987980920e+00
1.858528602495574500e+00
1.880369870046895375e+00
1.858996568724873732e+00
1.880694139958297484e+00
1.853520311282146782e+00
1.849014192899491427e+00
1.850831807852181266e+00
1.864504614622793488e+00
1.866215435841271253e+00
1.830727263721022569e+00
1.826239857398975541e+00
1.818744682973550741e+00
1.812033708146104427e+00
1.818873950115438509e+00
1.829193515856020191e+00
1.821963439519262984e+00
1.829235163344139270e+00
1.830713912776653407e+00
1.834664078571093482e+00
1.849529342156014833e+00
1.863283316879260187e+00
1.852216133995092662e+00
1.859881376862773994e+00
1.863579344423140771e+00
1.839806993535045176e+00
1.847368093763130492e+00
1.846347197601986290e+00
1.832956294509275441e+00
1.829533380799421183e+00
1.828086526852298555e+00
1.813712782050338035e+00
1.818690171195135319e+00
1.822744146126785036e+00
1.830682344309378484e+00
1.831809113590667337e+00
1.828803372745381850e+00
1.831031008129240911e+00
1.824173773385521002e+00
1.833436144948553448e+00
1.839996200138734661e+00
1.835942732109166586e+00
1.831262589730921375e+00
1.840548811745149171e+00
1.839586504902754216e+00
1.833384134220039874e+00
1.837525442765482797e+00
1.842013830192524848e+00
1.829031755197690456e+00
1.831111904073638996e+00
1.827319321320393097e+00
1.817802043274928447e+00
1.806157693843484457e+00
1.792737842238913526e+00
1.784373199711374092e+00
1.787966778960694558e+00
1.778687649302458595e+00
1.773025135646523198e+00
1.782887401942980565e+00
1.789790540357450555e+00
1.802272487391699984e+00
1.802518595656548372e+00
1.801707643254501168e+00
1.818542218299841418e+00
1.810161237440611304e+00
1.805982137923413777e+00
1.825343943747363973e+00
1.826398801095701963e+00
1.828007850473006402e+00
1.827299343441464385e+00
1.807945610267264858e+00
1.806927177668374629e+00
1.808834487711160621e+00
1.808847427126181406e+00
1.827938453294974508e+00
1.836582401354142524e+00
1.825711608757661919e+00
1.808286877686398286e+00
1.788284205050078457e+00
1.793706175214743848e+00
1.811854903728299382e+00
1.821296655705591627e+00
1.827462447942528989e+00
1.828159104994340645e+00
1.824478258521404106e+00
1.816438506158095212e+00
1.806056591801153299e+00
1.809597170773765695e+00
1.823793213640505506e+00
1.813005595542553694e+00
1.805522427487195047e+00
1.790990724458448646e+00
1.771812130694500942e+00
1.778931852250853929e+00
1.775192668935226648e+00
1.769164124019257711e+00
1.758532600239001820e+00
1.761777819438142378e+00
1.773954162870723605e+00
1.777023678769691806e+00
1.783130120408894292e+00
1.792831802761043924e+00
1.794011351757338835e+00
1.786577554246426169e+00
1.778615293429057997e+00
1.779594629426774155e+00
1.777396878832901539e+00
1.776764526792554477e+00
1.770019888327936997e+00
1.772167328050939350e+00
1.742746649160275663e+00
1.716390780379835501e+00
1.702257693843886699e+00
1.707330412948626641e+00
1.704136742660189219e+00
1.705785764978624330e+00
1.704199044051977197e+00
1.695523414509556348e+00
1.696732947687408455e+00
1.717808247392352605e+00
1.707725804368802613e+00
1.734341643563421576e+00
1.740611502281373069e+00
1.741955453289608213e+00
1.738716584614206973e+00
1.751372257644504549e+00
1.754918631595462575e+00
1.776575233495640171e+00
1.782066901351115451e+00
1.786194457368871724e+00
1.794046101132789062e+00
1.791518141703164702e+00
1.802501035498220938e+00
1.802121608975697065e+00
1.808637481360226840e+00
1.819123467574199182e+00
1.815487489262682441e+00
1.810376906395363861e+00
1.791792038280258570e+00
1.776760602025785785e+00
1.758460284302836296e+00
1.746814636787165531e+00
1.749156814942065541e+00
1.731060725809547840e+00
1.738179468205789613e+00
1.737981951279087944e+00
1.715017893740686139e+00
1.723225159957581631e+00
1.748395110449755041e+00
1.767193855404154634e+00
1.795751242593377706e+00
1.811439930532358300e+00
1.815114738269501871e+00
1.822937623617036262e+00
1.845410223319226661e+00
1.851586811341977779e+00
1.828788088573834125e+00
1.829334439981082916e+00
1.809408209898437425e+00
1.799679513070045811e+00
1.780989183710418367e+00
1.786179021444241899e+00
1.778354140803642958e+00
1.761629993891554280e+00
1.733516602820418306e+00
1.729735061645729433e+00
1.721138581854198213e+00
1.739561414727042843e+00
1.735533886747284704e+00
1.731830248398281036e+00
1.737506422926586858e+00
1.742780349862200318e+00
1.719862444847690908e+00
1.708834504126216514e+00
1.694413554543770406e+00
1.699521654879257104e+00
1.678867892316977750e+00
1.655838967636007242e+00
1.648855792582996749e+00
1.645292151169128525e+00
1.651370377480230633e+00
1.650098262564178242e+00
1.661130041317426143e+00
1.696355154608136795e+00
1.709739229601388022e+00
1.738241802409836723e+00
1.745934539943329256e+00
1.767646183779721270e+00
1.774176552537465978e+00
1.789096012832930294e+00
1.788915006942270125e+00
1.780899910713287015e+00
1.784332867395145517e+00
1.798243956405848998e+00
1.793281846076541841e+00
1.797037162775432462e+00
1.778996117319068260e+00
1.760583681936894074e+00
1.738360099554426830e+00
1.728751471233473280e+00
1.708533620218686266e+00
1.707830842449093112e+00
1.711810076488247789e+00
1.716178558345472727e+00
1.725978179686903147e+00
1.726304725701817810e+00
1.742123036897905042e+00
1.741954330109833249e+00
1.775925292484333395e+00
1.773532860780776099e+00
1.759766982655999845e+00
1.739957252293811596e+00
1.728228112965268570e+00
1.721696331814389636e+00
1.716166313354817730e+00
1.706748905310083275e+00
1.690846661867517753e+00
1.679913839594403324e+00
1.662649860735902374e+00
1.639413898732615005e+00
1.644105337796812005e+00
1.617536713387045966e+00
1.586382951200230096e+00
1.571463180719613550e+00
1.530026613809198244e+00
1.502031167837314607e+00
1.487370892459398242e+00
1.489294960882668883e+00
1.490863199767808567e+00
1.491368520947635057e+00
1.527047236134055019e+00
1.572013393721630292e+00
1.587708340439775156e+00
1.610599884084817912e+00
1.633216515507512234e+00
1.658804224009166051e+00
1.680153064438885568e+00
1.693369156324933122e+00
1.707274718411619929e+00
1.698365688842555565e+00
1.694325235454515521e+00
1.693884070193517610e+00
1.693379121639634333e+00
1.695247422759962319e+00
1.693525263914751999e+00
1.700303445169567551e+00
1.702859605552744737e+00
1.715544460304773811e+00
1.703243005931247112e+00
1.706426392796160929e+00
1.704319718563584107e+00
1.678979283357782570e+00
1.677776556204722436e+00
1.672211715594599468e+00
1.656087451430540369e+00
1.640302882652111105e+00
1.591239019549387512e+00
1.578290040077092060e+00
1.567447540819880469e+00
1.578694969127605763e+00
1.577402191773346285e+00
1.605175446915346971e+00
1.607086998582340165e+00
1.615826825280932466e+00
1.588600344771966766e+00
1.616467907976897767e+00
1.632523355545145494e+00
1.658833599837251427e+00
1.667544716706525598e+00
1.654396344504504901e+00
1.640633590259269914e+00
1.633786048824775738e+00
1.615240535003341860e+00
1.584400323416529144e+00
1.587937787532627709e+00
1.592797661525245712e+00
1.599856033069095185e+00
1.590186709440485568e+00
1.581099056193181251e+00
1.570330571818205456e+00
1.574137227497717451e+00
1.579281498608049006e+00
1.582735715871331550e+00
1.590519143996581564e+00
1.581627856566072854e+00
1.570946945386084037e+00
1.568311244206278987e+00
1.549397771298664184e+00
1.543855822547631318e+00
1.523777488480419162e+00
1.503535677911300716e+00
1.458383963159376018e+00
1.419011667938154586e+00
1.406425658628256858e+00
1.418798725957287177e+00
1.444314573278223657e+00
1.433362023064713275e+00
1.450163750448519862e+00
1.443614821161822714e+00
1.417557798567288030e+00
1.403622785718040777e+00
1.416043974498601532e+00
1.436511425140510889e+00
1.424005361966974581e+00
1.369016317205647981e+00
1.326175202856887836e+00
1.297053578266702534e+00
1.289049822223872654e+00
1.264884056327127970e+00
1.296317484258949992e+00
1.341330042437178793e+00
1.378732699655392357e+00
1.419459545508770182e+00
1.450687415984424966e+00
1.484666962956185943e+00
1.528465790228418220e+00
1.539096239984671710e+00
1.547733700027346115e+00
1.556471024816943327e+00
1.543859338687793015e+00
1.543081972439213745e+00
1.523750876400159937e+00
1.504115633317811396e+00
1.503256492641509734e+00
1.501681306410372230e+00
1.491171054407823826e+00
1.493867630927508960e+00
1.482390426114999160e+00
1.457855104630275012e+00
1.458518304637456575e+00
1.462218435544322848e+00
1.464777286805018619e+00
1.474445094776292597e+00
1.466572050696326679e+00
1.470198742099168010e+00
1.473311760939536530e+00
1.470023093458752594e+00
1.486064436158142765e+00
1.483770232220596563e+00
1.480429931482774464e+00
1.458926292021814231e+00
1.470982431530958978e+00
1.474139600648599613e+00
1.466748251938638559e+00
1.475789063689529002e+00
1.488816286478334305e+00
1.493221141417673037e+00
1.507034789338485004e+00
1.519584522230167378e+00
1.536348315114664409e+00
1.531294458071075004e+00
1.531106566834791183e+00
1.519121326334439859e+00
1.511832836443560257e+00
1.500241475844223960e+00
1.491344143300152636e+00
1.477193064064327599e+00
1.461577222948650556e+00
1.462684399215137265e+00
1.458827264583045125e+00
1.437945828531197678e+00
1.439989396833195157e+00
1.423435309753065869e+00
1.433332442084939151e+00
1.444638752208002197e+00
1.450443070270698076e+00
1.449827253060739007e+00
1.430301164740017894e+00
1.441735807748788289e+00
1.454749221989417363e+00
1.459168943848855315e+00
1.479931918978762084e+00
1.477128834007798597e+00
1.470580512048346389e+00
1.448645293465925521e+00
1.427736761532718779e+00
1.396027219537670394e+00
1.383282319079042644e+00
1.378347387657709255e+00
1.369395804893289936e+00
1.368819838696321955e+00
1.352085475345129906e+00
1.363600654498967835e+00
1.360274929098526320e+00
1.374416816564566490e+00
1.377747816402088876e+00
1.393515876473994775e+00
1.380870067380997046e+00
1.385304353826167567e+00
1.379357505433823849e+00
1.387973295742496838e+00
1.391978358566010376e+00
1.406234817985153818e+00
1.407556498912128529e+00
1.401982906973552545e+00
1.404688678885876341e+00
1.416725200010473751e+00
1.416570883330741104e+00
1.420928358563770422e+00
1.407583369120241068e+00
1.381681077636642829e+00
1.368216503655438343e+00
1.353829001362642614e+00
1.360196284931757038e+00
1.351642763170556760e+00
1.351787653316662619e+00
1.343172656451040892e+00
1.311942702906831792e+00
1.292349595976883592e+00
1.290987854210160934e+00
1.294216918224546431e+00
1.279677171903181865e+00
1.265001525962422102e+00
1.255562830591496093e+00
1.245965085547863671e+00
1.255885231058852858e+00
1.278962940465594889e+00
1.305099711567911269e+00
1.307181495486583467e+00
1.304657614862155812e+00
1.302633424819989783e+00
1.302046837516103617e+00
1.305160108637603233e+00
1.289808514909731363e+00
1.274033467173790735e+00
1.265213107787648283e+00
1.245710869356668304e+00
1.251067851145056808e+00
1.247765344465835646e+00
1.224228909736098325e+00
1.212567336724212907e+00
1.192312238565765625e+00
1.195878036623385876e+00
1.202636776262159257e+00
1.203491434329729382e+00
1.208091597252233695e+00
1.204190262818930046e+00
1.194432075873215204e+00
1.203317132142842638e+00
1.196867904793134096e+00
1.208340909038469357e+00
1.197936183722391856e+00
1.194619516178885732e+00
1.189797213416294630e+00
1.209676042084492531e+00
1.222446430212406954e+00
1.240235303190000193e+00
1.226309928330584276e+00
1.233235240192366078e+00
1.249770508129786517e+00
1.252913239320887939e+00
1.250254493826900015e+00
1.259129728505957058e+00
1.238989632316632283e+00
1.218476322968242709e+00
1.189000446777999098e+00
1.180288914626594021e+00
1.178185358455878795e+00
1.161130318509137949e+00
1.158217195934910571e+00
1.144793124230472525e+00
1.155837501160954961e+00
1.177513915071415562e+00
1.201284793128482020e+00
1.224365688154213538e+00
1.228676300334746729e+00
1.223386668876874861e+00
1.215330204312056850e+00
1.220724022866602532e+00
1.203647504823177172e+00
1.192506478165950012e+00
1.190995994379564271e+00
1.182205043853209681e+00
1.198285335176456190e+00
1.200891849697340419e+00
1.197156821045993524e+00
1.173404310749915247e+00
1.155987779386584924e+00
1.147479651107075727e+00
1.133193783443587455e+00
1.129811913119113997e+00
1.111101551982641267e+00
1.118641862939831810e+00
1.126141588123933168e+00
1.163425712973692017e+00
1.180422456781174967e+00
1.167190024041119711e+00
1.160221357442213996e+00
1.163596345448907110e+00
1.159043348565580889e+00
1.155816019084681567e+00
1.121200563786133308e+00
1.108134455213059644e+00
1.095909735453147960e+00
1.083338476673372908e+00
1.076440642711220308e+00
1.055005665358512257e+00
1.058576397936365376e+00
1.058327219941441966e+00
1.076298555694060965e+00
1.084735223350012712e+00
1.082680971780472179e+00
1.073278021013468697e+00
1.095158596026818421e+00
1.076313260118114901e+00
1.058220217409101105e+00
1.031524071558896472e+00
1.002985125300745350e+00
9.763320003587476759e-01
9.611302598517140749e-01
9.562691205693847341e-01
9.596305177152214538e-01
9.691262860128606604e-01
9.866457782432297430e-01
9.957699411310428905e-01
1.011165552167742510e+00
1.014765692551454768e+00
1.027623393902535653e+00
1.010540345875676538e+00
1.002769529245274738e+00
9.990962004005243813e-01
1.006846327223643645e+00
1.021599874339331082e+00
1.010409534639208129e+00
1.010205410445197627e+00
1.025851145275930465e+00
1.008173384876477785e+00
1.010553649776080309e+00
1.014377611685835401e+00
1.011053910436561898e+00
9.871447701189024482e-01
9.694233017299304089e-01
9.349720920948461078e-01
9.106981531331639346e-01
8.930806716434017689e-01
8.719114898384537904e-01
8.574989417454855767e-01
8.692667580552065898e-01
8.780867840710400163e-01
8.908056722115308412e-01
8.991214744114790491e-01
9.025896552271257534e-01
9.043253231536841907e-01
8.962077152792368162e-01
8.903382191600269779e-01
8.819248984316552242e-01
8.617569413001702205e-01
8.398392023097007719e-01
8.189394711302733221e-01
8.136538972153311011e-01
7.870739462303419920e-01
7.912738097629737899e-01
7.881991694499557166e-01
7.799335193686047774e-01
7.532180883649542968e-01
7.227068534049584381e-01
6.756449577026687470e-01
6.608028908542682434e-01
6.451111194375747093e-01
6.476778581639544008e-01
6.579479492757889236e-01
6.813824118747378034e-01
7.261219278754970086e-01
7.572570006560449540e-01
7.650279523439611484e-01
7.877271630151275739e-01
7.881739854844093118e-01
7.932444882388604013e-01
8.002943463557250503e-01
8.017734923969914718e-01
7.917410685092647338e-01
7.839512834771938943e-01
7.900116861715318350e-01
7.713181752215546583e-01
7.645655825644613879e-01
7.646408941053376429e-01
7.660167797110675192e-01
7.613458987203463035e-01
7.659490059036131449e-01
7.621285700579834010e-01
7.615512175590066768e-01
7.526009893634055814e-01
7.512969282254902126e-01
7.432559657801522945e-01
7.417266675615049598e-01
7.382910035544323346e-01
7.285038299138560935e-01
7.255085696410350504e-01
7.197016452587661206e-01
7.243676888028521832e-01
7.113682546497522852e-01
7.175255008644956245e-01
7.173371148449315671e-01
7.238118866289900977e-01
7.243079225017231559e-01
7.055832053360726608e-01
6.939691501121715289e-01
6.972745811617191425e-01
6.799776332616943586e-01
6.678851615381685702e-01
6.624687189377937990e-01
6.607846122343112860e-01
6.559831079847333601e-01
6.425436844322318652e-01
6.476846817883151752e-01
6.361780946021560190e-01
6.322584730530073083e-01
6.225227883388838590e-01
6.256701314402328684e-01
6.240270424599777543e-01
6.255032022409848791e-01
6.174005071607282513e-01
6.150088824706408941e-01
6.124198767494714035e-01
6.002556038422791618e-01
5.828680301893212068e-01
5.816220770195984491e-01
5.666636042723592892e-01
5.537127063149128725e-01
5.513052288370297038e-01
5.505174615725377807e-01
5.505257078225118672e-01
5.532228311394419284e-01
5.629586472318376389e-01
5.515111611976218908e-01
5.569576481883639074e-01
5.630540023183022713e-01
5.535925684626441523e-01
5.398676444654397777e-01
5.291299046114779081e-01
5.208775097066187243e-01
5.102212814238056282e-01
5.075583080009805625e-01
5.010952065906328912e-01
4.906226342031372867e-01
4.756180390821913573e-01
4.635932314868850823e-01
4.653663802428313345e-01
4.658791033213681154e-01
4.667289294901825758e-01
4.641448429620332328e-01
4.572071943894302493e-01
4.558572823445907751e-01
4.583524992096035811e-01
4.491433991907984313e-01
4.438796986234527231e-01
4.429980661470810932e-01
4.439316862712834877e-01
4.373162906886224888e-01
4.471589903879469308e-01
4.430433120889258336e-01
4.336489740945392857e-01
4.401699431422189113e-01
4.261214363484718270e-01
4.219415189723318416e-01
4.235704197885667432e-01
4.063343365129125639e-01
4.088919043576774159e-01
3.955030849512762292e-01
3.984302349101054852e-01
3.822155596353734031e-01
3.815703836641189395e-01
3.702870377672061730e-01
3.666247204243791025e-01
3.633424959266445264e-01
3.595139209942093683e-01
3.598110913029275437e-01
3.519024684725249319e-01
3.598473147632217373e-01
3.625942906688539580e-01
3.633646485892849110e-01
3.601732842120183853e-01
3.623651196402215002e-01
3.501691168725838410e-01
3.433685143456531308e-01
3.390361332934454519e-01
3.262606145639777577e-01
3.178698662815717668e-01
3.194836252097917328e-01
3.134530997428375265e-01
3.018386315997015346e-01
3.014528061305217221e-01
2.943469834346253977e-01
2.856190619869833913e-01
2.812939559432682812e-01
2.828461026180283944e-01
2.706894527172438170e-01
2.722422696155825106e-01
2.585264937534518248e-01
2.582424995933604306e-01
2.677178089956673834e-01
2.677932678731839711e-01
2.593284155003999780e-01
2.617952737276650899e-01
2.620412259677429856e-01
2.569085004978269859e-01
2.573362687133556870e-01
2.508249144196889602e-01
2.469280899400255747e-01
2.416386256699857293e-01
2.417973506310343579e-01
2.365413346432920783e-01
2.296235400974348806e-01
2.346365384778521523e-01
2.285762060134174933e-01
2.215789241987223823e-01
2.202657079754740121e-01
2.166709178549183490e-01
2.180883678948540294e-01
2.160380422492920727e-01
2.178388794811602358e-01
2.096731238782709172e-01
2.056285608246418983e-01
2.022490246401571490e-01
1.933069274562000117e-01
1.788382028329530138e-01
1.748756662822857078e-01
1.746067047127825289e-01
1.793493191171819101e-01
1.836705527186131004e-01
1.858774614581074902e-01
1.806595873532925167e-01
1.842149502343967959e-01
1.838604370824460099e-01
1.782259571476675630e-01
1.723010559964762711e-01
1.679998294795947145e-01
1.657057890857630833e-01
1.643419339298189674e-01
1.651664202984980123e-01
1.583809196377740092e-01
1.518774168562926075e-01
1.502358626028396094e-01
1.460247341178518565e-01
1.472629306084878298e-01
1.534952744081757858e-01
1.504660734733681837e-01
1.482648541909931672e-01
1.476031913311255106e-01
1.417047911368552460e-01
1.375161175826779270e-01
1.406170482675766498e-01
1.373323483669143807e-01
1.366847475682886059e-01
1.390323347339374738e-01
1.385730496093737218e-01
1.374413983335801281e-01
1.333340805789270667e-01
1.309288008196761444e-01
1.323976955217574525e-01
1.284499300658963894e-01
1.277647449663392720e-01
1.275145056023659629e-01
1.242320204853790272e-01
1.248008652888794312e-01
