5.560366214124490974e-02
5.142811860835696386e-02
5.026875284264781252e-02
5.581562035875965722e-02
5.356167599285825698e-02
5.664447421877740613e-02
5.778917591492372524e-02
5.405670213066723212e-02
5.350437557097059704e-02
5.565303835244372888e-02
5.609367240639753782e-02
5.255379476926580473e-02
5.224324088760731039e-02
5.213629109335268796e-02
5.344201812215468306e-02
5.338776837670908271e-02
5.242216514943753847e-02
5.569346211760929644e-02
5.582767405782917275e-02
5.577915042101766474e-02
5.563892756885297636e-02
5.552846075689079480e-02
5.501635685048943125e-02
5.413039857492118329e-02
5.568460192556590888e-02
5.436855530544506404e-02
5.364375347980560038e-02
5.795578758874246617e-02
5.525113662932135822e-02
5.480079998971550820e-02
5.598576258328758631e-02
5.286766292214527263e-02
5.716698003153228291e-02
5.625361259473848213e-02
5.779935623688623597e-02
5.781705351061086628e-02
5.943649908757193956e-02
5.678824881308172645e-02
5.877876600308485494e-02
5.819061772960485573e-02
5.557505896650052901e-02
5.867454606759605479e-02
6.047833944574018683e-02
5.992957809830533333e-02
6.221007036579264543e-02
5.809197163740056902e-02
5.728301013912707323e-02
5.874695042450792104e-02
6.004921053970553591e-02
5.986920269901534197e-02
5.529122370283569288e-02
5.908732298353415457e-02
5.826180234872693070e-02
5.722198130915399222e-02
5.598405172520519446e-02
5.761729922411484156e-02
5.856986731117094086e-02
5.874937721039047434e-02
6.105503861022776313e-02
5.408474786946166485e-02
5.745862774096036768e-02
5.811878743626545246e-02
5.835376292646161922e-02
5.648075915851877293e-02
5.604566581635633121e-02
5.839030767622563345e-02
5.928153243438106373e-02
5.846700921139477702e-02
5.865254985769240148e-02
5.854618067186224961e-02
5.910056162760660842e-02
5.461488649581826976e-02
5.803835480437290195e-02
5.834064600222446662e-02
5.948252995998433434e-02
5.636388927768950369e-02
5.720040172364252579e-02
5.717784468102598411e-02
5.593993837249375267e-02
5.737234370492284158e-02
6.095447214187001139e-02
6.070714104930226979e-02
5.769142382155550974e-02
6.048186689578950725e-02
6.281580825115816447e-02
5.776426555579895067e-02
6.031551074986902378e-02
5.802395344393047882e-02
6.176748769633241820e-02
6.132866111250469959e-02
6.053160815820855106e-02
5.894878537236480920e-02
6.140448257702225965e-02
6.065952487925642400e-02
6.156828354013169774e-02
5.776930740997717612e-02
5.611519856013482549e-02
5.667228631881946616e-02
5.870090886489834348e-02
5.860170142601777571e-02
5.558416973124138960e-02
5.721223870911965742e-02
5.346535306921539749e-02
5.801427569947393420e-02
5.665858028609074837e-02
5.503244512539581801e-02
5.542757430342807462e-02
5.405466815665913721e-02
5.558261953112435261e-02
5.688956494608883585e-02
5.697374828593491924e-02
5.641729837567647371e-02
5.410068043930692239e-02
5.453463449989340989e-02
5.365549529518509608e-02
5.423614980357550214e-02
5.541889925889388613e-02
5.434908568301208276e-02
5.723596361658397219e-02
5.552057543154009789e-02
5.852118919450173540e-02
5.978935004247917795e-02
5.528881989329225560e-02
5.631200813376629338e-02
5.643096482933056962e-02
5.528577242327065849e-02
5.494879875919760764e-02
5.390277969533093655e-02
5.133781030001247775e-02
4.788667486932823847e-02
4.455650492193127116e-02
4.371369536767728825e-02
4.638826239533879597e-02
4.518673871922587737e-02
4.751825318365977824e-02
4.906363509769546410e-02
5.436247493227309990e-02
5.412393232041773361e-02
5.569319912679465689e-02
5.935524243815938628e-02
6.312449513778847776e-02
6.483889537352918730e-02
6.641158348208138495e-02
6.968812477631125546e-02
6.750073910553043566e-02
6.856807494956426718e-02
6.702615261174291184e-02
6.664062267735026968e-02
6.940896040984602389e-02
6.960958097128458477e-02
6.965785718888964362e-02
7.044669567291403367e-02
6.609773698953662346e-02
6.767662645503637331e-02
6.626232143065030611e-02
7.078502604837026702e-02
6.923881097821875386e-02
6.740800097746542374e-02
6.781956801866220741e-02
6.873398189320822915e-02
7.042951597406323094e-02
7.071953893842161665e-02
7.026008011629418515e-02
7.112190806377760577e-02
7.219803030095718610e-02
6.882366597553460363e-02
7.043570045671317115e-02
6.862633723203138969e-02
6.769672596693025735e-02
7.126255935488479132e-02
6.820625936524085664e-02
6.883955540316558097e-02
7.070141961672760100e-02
6.908726095738068618e-02
7.076362468219041246e-02
6.948616950466271480e-02
7.175061604636774615e-02
7.089728811588247304e-02
7.030156377232339715e-02
6.907772971454610722e-02
6.705185848890649059e-02
7.119507783708295401e-02
6.615249178263175878e-02
6.825495790996899403e-02
6.961341937770995636e-02
7.351564320715539558e-02
7.123029785523454782e-02
7.103058127543268596e-02
6.969384148309418214e-02
7.031320747916283698e-02
7.332005598206246810e-02
7.133334241612844517e-02
7.076296514751763411e-02
7.135991018588024037e-02
7.000954645750143146e-02
6.858628425738906575e-02
7.037471652777821385e-02
7.279225376015090176e-02
7.224959614747002157e-02
7.323153887333622158e-02
7.249500012251967884e-02
6.930010317689992705e-02
7.205317908441306873e-02
7.359428495666353598e-02
7.135036343435897932e-02
6.982995949354765808e-02
7.194764950432427919e-02
7.265705260816918143e-02
7.232224634143331887e-02
7.456027180817142996e-02
7.324855556005673007e-02
7.269591495192094521e-02
7.333219888540384868e-02
7.405512151864399040e-02
7.385387201170630356e-02
7.452523470921876281e-02
7.424057417430757200e-02
7.210807201682696566e-02
7.161411855934687876e-02
7.637646658346962381e-02
7.394854714495911752e-02
7.316301143966877363e-02
7.377318144101127628e-02
7.540873733933987910e-02
7.456854518190601799e-02
7.395975231585386056e-02
7.303993674148670512e-02
7.485818014453697600e-02
7.514853945570175442e-02
7.275266916420625174e-02
7.244983970437096632e-02
7.442382043479540965e-02
7.101911740496055780e-02
7.339221687459623888e-02
7.461485029422147697e-02
7.502179339744582953e-02
7.209457546719126586e-02
7.440295019290203704e-02
7.656038045585768226e-02
7.512442769248307839e-02
7.383843373903081764e-02
7.289252086010952758e-02
7.479304972532641038e-02
7.309135154948739888e-02
7.649797856574838684e-02
7.462360977747677093e-02
7.773889321183370671e-02
7.520651757009233496e-02
7.274483510688914412e-02
7.322080470748637548e-02
7.579522451193597410e-02
7.640167426660686434e-02
7.248556529076549682e-02
7.484716849234118730e-02
7.586763304392388219e-02
7.529378441198363026e-02
7.725658981432635686e-02
7.399474359178002947e-02
7.456134848881092181e-02
7.532509855970599688e-02
7.629250717511286417e-02
7.659565696427528270e-02
7.667159252372510170e-02
7.471598855122583982e-02
7.391466348999034541e-02
7.503235022409621147e-02
7.618632808662012534e-02
7.663246758211764154e-02
7.796571137000844753e-02
7.459768393905465145e-02
7.495819119906289851e-02
7.662526235094421767e-02
7.564222630520389679e-02
7.652900373438062398e-02
7.316878260174676518e-02
7.655260874423451545e-02
7.613468663801467584e-02
7.593649531586371682e-02
7.744422540140592781e-02
7.700130498906304632e-02
7.638905425028014173e-02
7.752478447767738312e-02
7.606836113707227121e-02
7.606019743725339621e-02
7.886209452953087118e-02
7.496928973949118502e-02
7.642584971587870757e-02
7.703710642227365457e-02
7.701557514356097145e-02
7.652940311153817732e-02
7.471704005162610462e-02
7.733808995560793875e-02
7.849119857194288008e-02
7.674481730594863438e-02
7.689116730659315002e-02
7.806477435094268114e-02
7.784395263899709927e-02
7.738132389234435304e-02
7.605493200598721637e-02
7.686025110911366698e-02
7.607458075287412691e-02
7.719419774481603436e-02
7.785505275471914233e-02
7.791572250999734273e-02
7.849405247312009337e-02
7.740522647900244246e-02
7.964792114460718386e-02
7.869379505405926789e-02
7.885499016288977092e-02
7.800749708934837101e-02
7.913820553962731819e-02
7.663497756405500405e-02
7.764694817589586073e-02
7.705501602535493044e-02
7.885118558852359516e-02
7.753611581059416391e-02
7.555000057626905241e-02
7.740866109992160238e-02
7.780110138259120622e-02
7.786849804101793338e-02
7.943856183567774010e-02
7.717703760402211399e-02
8.025239293776212368e-02
7.851035242837046957e-02
7.992869236217962914e-02
7.482240790747209103e-02
7.946825325365110271e-02
7.725894237225942873e-02
8.118461047586388035e-02
7.658561533559674062e-02
7.951918602861618446e-02
7.610514095089189468e-02
7.936192887085383174e-02
7.711503257000064393e-02
7.720894408580125656e-02
7.838888578457024747e-02
7.914817073417972082e-02
7.883274185446895177e-02
7.716548552037862108e-02
7.794654165618873642e-02
7.690290885082116945e-02
7.935127371681377495e-02
7.657764229180719084e-02
8.029197117567565822e-02
7.677849944366328672e-02
8.053770067929315324e-02
7.779704379965815542e-02
7.619365085347439004e-02
8.015411918424746041e-02
7.829477571631722477e-02
7.869966450199432362e-02
7.980328607894703052e-02
7.997458920207682620e-02
8.015094450065056442e-02
7.840968971662741482e-02
7.893043412110617441e-02
7.740751415008684244e-02
7.858345383832282538e-02
7.817002622246012333e-02
7.642896974377270947e-02
7.726000916101968818e-02
7.936178419716979904e-02
7.963928369814088359e-02
7.944429980745475184e-02
7.858785955172337134e-02
7.873340371746816169e-02
7.776508086169757472e-02
8.004230078537966087e-02
7.964668170443642281e-02
7.842219209804580926e-02
7.855491029523695157e-02
7.826848485477706785e-02
7.974122677382737556e-02
7.889247725319425975e-02
7.610015829608451909e-02
7.854950721707372463e-02
7.982577335161822329e-02
7.739376287679429478e-02
7.795751266605183138e-02
7.771714093377685151e-02
7.672734214699628019e-02
7.862730832335508568e-02
7.576679451694322276e-02
7.518212026709737705e-02
7.183172012812499840e-02
7.359763255854805120e-02
7.371719992239599006e-02
7.168332932566168214e-02
7.025688390790708893e-02
6.993973268166404911e-02
6.677502565567090820e-02
6.450824702400015376e-02
6.301516046909044766e-02
6.122652205871939590e-02
6.020662277570017901e-02
5.999755644623835926e-02
5.889225458118325235e-02
5.690372661497209578e-02
5.685489306904442652e-02
5.644948069815736158e-02
6.081130690927616378e-02
6.241388407253517512e-02
6.181099985207362535e-02
6.483413032194937364e-02
6.485093812135699076e-02
6.850811271850601458e-02
6.803591555348197095e-02
7.038345359189261685e-02
7.138421255965794743e-02
7.240582812603747753e-02
7.403158390192335347e-02
7.508094760996425476e-02
7.599941847049666854e-02
7.668739131658149077e-02
7.707365754772256550e-02
7.643598188260787574e-02
7.690002709849007301e-02
7.768488053495546664e-02
7.803463872934976453e-02
7.805354605239185617e-02
7.876719539632522082e-02
7.955863652822672827e-02
7.945524455651027662e-02
7.906406389967696180e-02
7.978622270638521807e-02
7.911905902213572928e-02
7.999203612340938241e-02
7.815155078821262036e-02
7.839635378314008252e-02
7.919425524867713950e-02
8.083492161909688889e-02
7.945813961797147662e-02
8.103030528470671345e-02
8.134405895421367716e-02
8.015043040589660273e-02
7.736812995075197097e-02
7.907772445634277114e-02
7.936623966562024457e-02
8.016952346950854957e-02
7.861300931561995831e-02
8.117519575146929511e-02
8.206131990839926615e-02
7.942615203882220920e-02
8.127792440506921567e-02
8.250914213244868456e-02
8.097218652256599203e-02
8.078497245555392448e-02
8.102656520312584432e-02
8.196323702141031231e-02
8.118630368141629972e-02
8.166083337212015625e-02
8.204441030000915458e-02
8.109313274515073111e-02
8.341077830882430433e-02
8.007804158513354142e-02
8.190605182264046324e-02
8.094769529918136031e-02
8.191878904354954472e-02
8.064790960618847815e-02
8.173163584256656899e-02
7.879248455583383326e-02
8.093952791610405095e-02
8.001638819104275879e-02
8.168883067694715505e-02
8.190385612610097399e-02
8.113171884446652993e-02
8.078046842808951633e-02
7.973684334298082599e-02
8.005887783742690611e-02
7.983476490497457001e-02
8.127399764631816625e-02
7.961824943072051686e-02
8.183658958065488653e-02
8.155366599162328090e-02
7.979301049169126858e-02
8.163021172529316694e-02
8.008791889398152175e-02
8.129404937847857504e-02
8.164982050666574898e-02
8.221138889250369230e-02
8.146485206929363065e-02
8.383820579017174646e-02
8.193499540363470557e-02
8.196086312445820254e-02
8.221767646513918060e-02
8.116168799915998711e-02
8.241942987628393669e-02
8.263963630711475272e-02
8.193035632155529213e-02
8.279578056535963348e-02
8.257741722215276858e-02
8.286278239113019362e-02
8.332878652328477853e-02
8.285270603247588128e-02
8.454439397268972978e-02
8.520313451426403395e-02
8.182078126621832037e-02
8.391909751994608424e-02
8.501558417323770711e-02
8.460405289554132069e-02
8.316576447915371983e-02
8.424175958776172757e-02
8.380414380593628754e-02
8.448825070743207211e-02
8.480203294065608022e-02
8.496778633413233639e-02
8.520587683627553477e-02
8.550616963534200810e-02
8.591432463888888649e-02
8.535067920765626592e-02
8.594838283729842876e-02
8.435699192235450450e-02
8.558000130816877105e-02
8.373864373995938692e-02
8.466232250576620488e-02
8.394517751108698800e-02
8.463976845410987881e-02
8.511974242903416754e-02
8.558963971344374366e-02
8.482195369207899682e-02
8.411637312160052948e-02
8.359015110238650348e-02
8.554550578946001904e-02
8.628124377226423225e-02
8.531010136836016111e-02
8.498145704220574914e-02
8.397982176699898826e-02
8.513779255455028450e-02
8.529030522502163703e-02
8.534569728462168547e-02
8.521912881432616715e-02
8.554153349936528816e-02
8.484886047168929690e-02
8.529724488798923199e-02
8.631265574456696565e-02
8.512622701972134831e-02
8.544006724307183498e-02
8.584606214733547791e-02
8.688372480139715248e-02
8.689023701980862213e-02
8.511495327094896479e-02
8.660841473843790272e-02
8.588788903173542877e-02
8.579838074123061209e-02
8.399626579187613462e-02
8.553427871528716808e-02
8.425273244715943133e-02
8.438251027071401456e-02
8.592905042834192431e-02
8.594484968904116118e-02
8.576219739430307465e-02
8.505460177079504636e-02
8.826590710689950769e-02
8.716031562070446215e-02
8.590996042292953216e-02
8.261284238351100651e-02
8.630581517628257981e-02
8.537875631893714068e-02
8.726268153257855931e-02
8.641873356071391732e-02
8.591995549843584046e-02
8.447985356286934200e-02
8.676381789949937084e-02
8.540208802905362162e-02
8.642066812885125515e-02
8.744727671607031849e-02
8.754841081126160662e-02
8.676424187560907719e-02
8.645395311281796336e-02
8.724209839975072267e-02
8.935855250261576233e-02
8.537698785634575960e-02
8.671534318128233665e-02
8.438891383445965011e-02
8.791367676242622942e-02
8.665339486084218390e-02
8.813712138377255423e-02
8.624366172055926427e-02
8.592027470291359326e-02
8.574373335173778032e-02
8.659685409240151788e-02
8.714577515335272806e-02
8.632811112388125152e-02
8.575763940270188235e-02
8.629346882159358301e-02
8.662808251697898254e-02
8.535300855523242358e-02
8.504201922450618789e-02
8.705419741749395590e-02
8.692830318813300761e-02
8.756106575799028902e-02
8.714727087469636979e-02
8.652134326506755180e-02
8.641243058514133657e-02
8.742401410024580599e-02
8.789737425031676765e-02
8.876955156951764347e-02
8.836921794489219217e-02
8.735576834663931478e-02
8.726290991175260359e-02
8.760306461729823468e-02
8.777162045139848268e-02
8.816686129767868640e-02
8.642903177113030189e-02
8.762946604408861084e-02
8.774890147208508351e-02
8.704904450048436826e-02
8.778790152582184592e-02
8.768417832042831039e-02
8.779650741809603975e-02
8.915261351972510184e-02
8.599666116792241410e-02
8.776098003790587521e-02
8.614762921350443969e-02
8.700364732443133242e-02
8.761861949323397625e-02
8.954423864439516045e-02
8.723825767946455367e-02
8.560847386101086420e-02
8.865348499865630116e-02
8.716241939605062772e-02
8.695102014217141739e-02
8.594460814553912809e-02
8.935232117542267483e-02
8.725017710782759228e-02
8.798925820704558975e-02
8.656787973642192380e-02
8.668072962022860262e-02
8.499278630437333282e-02
8.666669840522052415e-02
8.700477781948093292e-02
8.803666845257490658e-02
8.577164521592048341e-02
8.606953966497910002e-02
8.649686411752401105e-02
8.540877307368287263e-02
8.564850252878160319e-02
8.567902901040583274e-02
8.639566239067271447e-02
8.537093797216821489e-02
8.712048752692851117e-02
8.590413462734568240e-02
8.597390240791642768e-02
8.790039010153610777e-02
8.858817940200953978e-02
8.992719824105840920e-02
8.871863106764592277e-02
9.123531038969917573e-02
8.999837934069615519e-02
9.020474430076745598e-02
9.014538636699430396e-02
9.136236060719209184e-02
9.006103735794496190e-02
9.058350418871137510e-02
9.075086999260281728e-02
9.006265041046616904e-02
8.990679603560072786e-02
9.032837979101035475e-02
8.959880799115632621e-02
8.987417450829514320e-02
8.950523683859924751e-02
9.114991778121214749e-02
9.129060520631289422e-02
9.011776011163050160e-02
9.024867608366730909e-02
9.133076549867845395e-02
9.056971765396291951e-02
9.105515040438270924e-02
9.174173176583730327e-02
8.837257599046942358e-02
9.192617068780094269e-02
9.025063898795544770e-02
9.125636524319059861e-02
9.140294288259931399e-02
9.227014970379728009e-02
9.270930622066546334e-02
9.091769068453488256e-02
9.261370367569959905e-02
9.161845092985811123e-02
9.132318535301903184e-02
9.263686668331583274e-02
9.172602241871614936e-02
9.160021282389249619e-02
9.079188248606467893e-02
9.257262828261128562e-02
9.030188181423394467e-02
9.259699835496011666e-02
9.174502809601507713e-02
9.260993688639783394e-02
9.181595048605524501e-02
9.105256251871367279e-02
9.181978347233549220e-02
9.071732976036847584e-02
9.300973001735043932e-02
9.449323589277920654e-02
9.295377462078308062e-02
9.310608343788337460e-02
9.177576533527309621e-02
9.406190100129831200e-02
9.253597487025722046e-02
9.396785323678230606e-02
9.395365455969924284e-02
9.414318471065791227e-02
9.395602886790353769e-02
9.311201482887315750e-02
9.161028593910927609e-02
9.353960279085897500e-02
9.231303121653897104e-02
9.384934451519801046e-02
9.280015804360981779e-02
9.497383815737747703e-02
9.239599306677831470e-02
9.264942191186138765e-02
9.349194257740765790e-02
9.333544285473661939e-02
9.422299785602547550e-02
9.226028212646227022e-02
9.264412036135222239e-02
9.387557726716261319e-02
9.330098768409675336e-02
9.521336338097222129e-02
9.378824108372878221e-02
9.395143067680410132e-02
9.422735833323216126e-02
9.505347984983994469e-02
9.348969296753668889e-02
9.317264733493955953e-02
9.356690580755719355e-02
9.500012098931959192e-02
9.251121929768107988e-02
9.460168660069785684e-02
9.429188350921681450e-02
9.375151275753240698e-02
9.429096821677647455e-02
9.359090793911296891e-02
9.214800266876645163e-02
9.527365755528725833e-02
9.262278172412861943e-02
9.277047044548764054e-02
9.420435741311440625e-02
9.451321514531248191e-02
9.391335767884209651e-02
9.380008623384952782e-02
9.517012563154374216e-02
9.339396966543950240e-02
9.421390061285796202e-02
9.495414943524693729e-02
9.513706605996218035e-02
9.410101068126190682e-02
9.504159527219877002e-02
9.570428566886719779e-02
9.424281785465127292e-02
9.566801009711321802e-02
9.533835895455616827e-02
9.630797516664423019e-02
9.412012018867137175e-02
9.675633721376410146e-02
9.666922086587381724e-02
9.634604759636482274e-02
9.425335165934600745e-02
9.556660024267865650e-02
9.519112309026871166e-02
9.634222343950560319e-02
9.430496405128019344e-02
9.641658632241312255e-02
9.525669361932644075e-02
9.523846195388807612e-02
9.376937392992625020e-02
9.614584275742441011e-02
9.511854904430400159e-02
9.707462736282962412e-02
9.575262878507344311e-02
9.893499194206230307e-02
9.824927347168264935e-02
9.640061442828105898e-02
9.896900830300098262e-02
9.661451618294322752e-02
9.828220064495293840e-02
9.802662262474201582e-02
9.504159188486133170e-02
9.653042437584521962e-02
9.757200171907179365e-02
9.627489545482587063e-02
9.747637614740785328e-02
9.667891505022388476e-02
9.704114398422931942e-02
9.721297717753732415e-02
9.624030451950871257e-02
9.688389469871577786e-02
9.737552927005761749e-02
9.670256089822397427e-02
9.698856624874434285e-02
9.735430756076206282e-02
9.586973286140701433e-02
9.764812792748975290e-02
9.857950859506148245e-02
9.699594813135978266e-02
9.524219393035056325e-02
1.001773545425646839e-01
9.851918840259922538e-02
9.587004109464956902e-02
9.868684633222071789e-02
9.655200447540401854e-02
9.711889142906256212e-02
9.987606504797355567e-02
9.921103953897793259e-02
9.791409560241970400e-02
9.797287667751009010e-02
9.749583569716813169e-02
9.757542150591298757e-02
9.712792270295970976e-02
9.881514223113389839e-02
9.752507907906815543e-02
1.000957467879032281e-01
9.836539902160908178e-02
9.856260204940542335e-02
9.991336775889439470e-02
9.950599258056321006e-02
9.944903803915751406e-02
9.881374000211931574e-02
9.853948480541911692e-02
9.859048480031699924e-02
1.017302701487434596e-01
9.944928526523352796e-02
1.010582874772513740e-01
1.003198083679579522e-01
1.000295179485662378e-01
9.905485991086293573e-02
1.018111737630666980e-01
9.974400558932686178e-02
1.006855941581643876e-01
9.901002200073998061e-02
1.006695550725955624e-01
9.875818944712384806e-02
1.010942966574664703e-01
9.995248017538645169e-02
1.016270045973156344e-01
1.011464077086257907e-01
1.004729189915030546e-01
1.002820951884934864e-01
1.010461622764072948e-01
9.989205660637476281e-02
9.926533714517275786e-02
1.015915015363193785e-01
1.015537503915773382e-01
1.017033567538482425e-01
1.008589546301106865e-01
9.968392048105348402e-02
1.011050185769397508e-01
1.018102787829550659e-01
1.056687913774707471e-01
1.013239984436922897e-01
1.032449891133632308e-01
1.030447021032501742e-01
1.009290702469249762e-01
1.015431194401001103e-01
1.014444530878659545e-01
1.016091276508616636e-01
1.005507990202339913e-01
1.015708391505685537e-01
1.038493790656749016e-01
1.010439072587994702e-01
1.016030852039876559e-01
1.021971614045667914e-01
1.029386158571631849e-01
1.017840335793423617e-01
1.042919953467358885e-01
1.027485428103810938e-01
1.000193091592509881e-01
1.014330031403237742e-01
1.033073585236663344e-01
1.026521855705258002e-01
1.027399652411080389e-01
1.033111516591787432e-01
1.020285581276112741e-01
1.051080867140661151e-01
1.028541691609647785e-01
1.044903347050914616e-01
1.028609710362445168e-01
9.974287590606771559e-02
1.026079406161188035e-01
1.014912165882207729e-01
1.019728346291149668e-01
1.036510045805991986e-01
1.022461704594731791e-01
1.044086773854321221e-01
1.021946300865474860e-01
1.029923426107028639e-01
1.015686624628734103e-01
1.023749675650663105e-01
1.042720878011734326e-01
1.039543338439276043e-01
1.023399818660977456e-01
1.028250833815125276e-01
1.049456544355145821e-01
1.038887861551658631e-01
1.038869606157626357e-01
1.050984371016683294e-01
1.046392898770105717e-01
1.045508598693069696e-01
1.024438754048633549e-01
1.045923111134389738e-01
1.048840224738027127e-01
1.058116282316959866e-01
1.066354587441793456e-01
1.056700163482083565e-01
1.041442513234684120e-01
1.057005951282463246e-01
1.065216206452011399e-01
1.066432910858694655e-01
1.047546490664969382e-01
1.048287349389083190e-01
1.076050528583446519e-01
1.041508242164820991e-01
1.035964449086492628e-01
1.053802534542367803e-01
1.043575853638207956e-01
1.054293630356413353e-01
1.064364260849382099e-01
1.059320292879251807e-01
1.052314441788127219e-01
1.077424278358940363e-01
1.055624171215496510e-01
1.072651340173286227e-01
1.090200787120371023e-01
1.075200389320930677e-01
1.065733419909591501e-01
1.075576445825822264e-01
1.068562315821382364e-01
1.063739899024874341e-01
1.087209737234715867e-01
1.058528260504406071e-01
1.065236953477439463e-01
1.046068985606199847e-01
1.078050426568185477e-01
1.081810010181198795e-01
1.075024171478644597e-01
1.048984957142861801e-01
1.076636449512117788e-01
1.072273820455171972e-01
1.063726050602992329e-01
1.093542619752733008e-01
1.097744566155598456e-01
1.101418007125955778e-01
1.068676989958444457e-01
1.105151802444472170e-01
1.072731929116424038e-01
1.069365232377185448e-01
1.068886365405524591e-01
1.074445369007297063e-01
1.088021068928670260e-01
1.068140416899650974e-01
1.095194474037553267e-01
1.097384488996402951e-01
1.070724506680070243e-01
1.061443302264019478e-01
1.071303162379203672e-01
1.085893989442371782e-01
1.094490843000455876e-01
1.101098299599996694e-01
1.103136227034707123e-01
1.102945014352401526e-01
1.083648107762064244e-01
1.091156622934902898e-01
1.092350479436622335e-01
1.100631844514693841e-01
1.098907660491614535e-01
1.103285532263775653e-01
1.106460528173375535e-01
1.104483745297181740e-01
1.127142707187759746e-01
1.105833166261779993e-01
1.130157020562762432e-01
1.106246732811691919e-01
1.132954833759035607e-01
1.111833502677190277e-01
1.118631040358030460e-01
1.092726690815661456e-01
1.125231084240007340e-01
1.113132453734366617e-01
1.134966080949943446e-01
1.145384156237557322e-01
1.136041398558242793e-01
1.138738673387974937e-01
1.126501485467487212e-01
1.181009592348310488e-01
1.137567096180744919e-01
1.139580107698534017e-01
1.153683281850666209e-01
1.122458008970302068e-01
1.142690124340544899e-01
1.141178590022260686e-01
1.146710066309235831e-01
1.148632229890661494e-01
1.143352461720708729e-01
1.146569296664091547e-01
1.155319123400500719e-01
1.172925717301984139e-01
1.142059500454730286e-01
1.136515659883433615e-01
1.142887069262440158e-01
1.172424694176592563e-01
1.151891249400347206e-01
1.129088465525260737e-01
1.145565788281809327e-01
1.145434205977557685e-01
1.153730557719467448e-01
1.156864337914518398e-01
1.163962125108023576e-01
1.147295560194215303e-01
1.174639542375624929e-01
1.148136373733301824e-01
1.166082381483402042e-01
1.170447717622346978e-01
1.153538527895788951e-01
1.165210035356571000e-01
1.176069034805946878e-01
1.162796244415199715e-01
1.162072220965134212e-01
1.161869159063889378e-01
1.171323889364174753e-01
1.181502367089028727e-01
1.156367655037607162e-01
1.148052756882715908e-01
1.147197871896082910e-01
1.156619629338226235e-01
1.158203901819689491e-01
1.164556949691391563e-01
1.165929133243385207e-01
1.169335195809167310e-01
1.156286319846505373e-01
1.172399741064624606e-01
1.189995895736587483e-01
1.176008444685864435e-01
1.165406672211223293e-01
1.174074522105267721e-01
1.170919399054195648e-01
1.210954343455371424e-01
1.172135751857232011e-01
1.169663698047866129e-01
1.168485813486441344e-01
1.167396727418799074e-01
1.170788997412795795e-01
1.168133108005569715e-01
1.172916807236007303e-01
1.158978020455454921e-01
1.159313426037160838e-01
1.181250207576745731e-01
1.168437422679577953e-01
1.165133230787385177e-01
1.180080218134820641e-01
1.174966585027888005e-01
1.178259367798056290e-01
1.167218004404731863e-01
1.162838542076480852e-01
1.193704778264752381e-01
1.189005688519046283e-01
1.174118686242545950e-01
1.176722364364717471e-01
1.190864627002503340e-01
1.184605151030632270e-01
1.192400424035631040e-01
1.209603573077719790e-01
1.175131210540148324e-01
1.188799485056253880e-01
1.190158495494358787e-01
1.175264225592103084e-01
1.201828058747571593e-01
1.194210945903127902e-01
1.200741197535304949e-01
1.178399027257567011e-01
1.186911414681254273e-01
1.187127536142887629e-01
1.201913512652004468e-01
1.199946733014130296e-01
1.193517787846366668e-01
1.189507727896093464e-01
1.204371817605933426e-01
1.197010522575053387e-01
1.193175638318458437e-01
1.210020189022280174e-01
1.199888444141299082e-01
1.204164010696464754e-01
1.192261716754055706e-01
1.193534774377969232e-01
1.200797636688604453e-01
1.199285130179421482e-01
1.219474061460366215e-01
1.213018082639901463e-01
1.210579155006968749e-01
1.224871560593386588e-01
1.195246707800776131e-01
1.210921783405232710e-01
1.209705817261183397e-01
1.237645555154887334e-01
1.229658259583051721e-01
1.228449176196652892e-01
1.236045141636170075e-01
1.235619860118100238e-01
1.235938155980281644e-01
1.255060297728626262e-01
1.261008902007413057e-01
1.237461320343054005e-01
1.247545820133815903e-01
1.252349379997481915e-01
1.247254301350174815e-01
1.241451398588690608e-01
1.255443928115907437e-01
1.242222505934517662e-01
1.236025573816843665e-01
1.241340108260309272e-01
1.257554932346080234e-01
1.253192873382908412e-01
1.248189508989690361e-01
1.256507217401440779e-01
1.256766090066317731e-01
1.255108683352564314e-01
1.274985874042393330e-01
1.260149630889340899e-01
1.270440871091315926e-01
1.240965105985498834e-01
1.258286461279754243e-01
1.258483304562126315e-01
1.273426122014345019e-01
1.249535708133199668e-01
1.262687151854964829e-01
1.274702579147319326e-01
1.259951596218090997e-01
1.281553168523124342e-01
1.295857626172024490e-01
1.282485281554902601e-01
1.279555597625011698e-01
1.286889597717568445e-01
1.287751649882384331e-01
1.285316262495510842e-01
1.272720212546805396e-01
1.297796003263509967e-01
1.280762754358111544e-01
1.315143353493957168e-01
1.297357917062759713e-01
1.290274909692773198e-01
1.276664916420763851e-01
1.299348715734176540e-01
1.321930027586745715e-01
1.326202432011800436e-01
1.312391030432275563e-01
1.311417379368225999e-01
1.317117197002320161e-01
1.331496626706203112e-01
1.298584108984394414e-01
1.313291004216286806e-01
1.328543774081798468e-01
1.323436138644430438e-01
1.318684590885400576e-01
1.333266598955490934e-01
1.323967929216837425e-01
1.309362574619054864e-01
1.328535808144739871e-01
1.326324496731059177e-01
1.344164100460688016e-01
1.317532670631419711e-01
1.327167431611686321e-01
1.320790056060247852e-01
1.337592282202663407e-01
1.347030219725744160e-01
1.339959537920643595e-01
1.322965170827179737e-01
1.357339695751651754e-01
1.355956761917238851e-01
1.342909013685842923e-01
1.328982783855867655e-01
1.348690001877286271e-01
1.360468851911015853e-01
1.363190435334275807e-01
1.354169444658872012e-01
1.375232568889932505e-01
1.356352882752858979e-01
1.369431338197930614e-01
1.378051283160365570e-01
1.390985143809318481e-01
1.370018064011540582e-01
1.376462494759754518e-01
1.374229752556413997e-01
1.349567785679979259e-01
1.376607778583080199e-01
1.374922813294283397e-01
1.394801579945017800e-01
1.370993567249280953e-01
1.395938441453997980e-01
1.381261334710246480e-01
1.398084836496436278e-01
1.379658304111648359e-01
1.408374007701133357e-01
1.378022336074431753e-01
1.364486558085051537e-01
1.404818469767176725e-01
1.412495763210589728e-01
1.410082528182466655e-01
1.413327311295416444e-01
1.408280777072905832e-01
1.400550356217417358e-01
1.407844347154330045e-01
1.422703577390100060e-01
1.414952134441810616e-01
1.427245632160095701e-01
1.443206332114350399e-01
1.421728872794987275e-01
1.407598302578175198e-01
1.401487686897350537e-01
1.416332301455284493e-01
1.415926677886866214e-01
1.419106722972001688e-01
1.436799718768541345e-01
1.416874209307115440e-01
1.440950294615794547e-01
1.432969013513629708e-01
1.422774542949169496e-01
1.436564131655363452e-01
1.468679627377388608e-01
1.427707419280304368e-01
1.449688729536185161e-01
1.437445576601771857e-01
1.450620503704441733e-01
1.455753509615507479e-01
1.456890351862251132e-01
1.436423786169520322e-01
1.460911940009898546e-01
1.469958901916198768e-01
1.463631775230961607e-01
1.439893443256772543e-01
1.451636789179146791e-01
1.456362268140197758e-01
1.474054875622846650e-01
1.471543627383730957e-01
1.453921120461300065e-01
1.450936821019805367e-01
1.486894686235694096e-01
1.462627452436236763e-01
1.466746897055875021e-01
1.498312622340919609e-01
1.469312145172763928e-01
1.469619154365481017e-01
1.466333985167963261e-01
1.470352117348315557e-01
1.458154728278351353e-01
1.467101042645653497e-01
1.482703492123866040e-01
1.455077723080470398e-01
1.483935644046056324e-01
1.490170636649528479e-01
1.462924221829905724e-01
1.476721558365697851e-01
1.471437059167878536e-01
1.486928990676634477e-01
1.481105441787941568e-01
1.499176683871214777e-01
1.505718248397548698e-01
1.476321957361330095e-01
1.500867875404544027e-01
1.518585794571032099e-01
1.494408368977177548e-01
1.505945410025237297e-01
1.506479050116765195e-01
1.493292663197233472e-01
1.484177062796444013e-01
1.498696796667659814e-01
1.492060989409051130e-01
1.499773088851954483e-01
1.509520048735586706e-01
1.506317108548726191e-01
1.491370581684143271e-01
1.510127371532548612e-01
1.523633325456559273e-01
1.522178134078441547e-01
1.538329859352644546e-01
1.511137635176485194e-01
1.534124673975599540e-01
1.532789146648324552e-01
1.506349010808981093e-01
1.533887524287664283e-01
1.532366279164015244e-01
1.546241002756018335e-01
1.534891619563183152e-01
1.539849679978676777e-01
1.529287166169231715e-01
1.537253889466014822e-01
1.560827039190751941e-01
1.528444686529584207e-01
1.545491311807349055e-01
1.568214478016467239e-01
1.561029462066107765e-01
1.552069934104906290e-01
1.545303473893333834e-01
1.549820888513035178e-01
1.547577892980507019e-01
1.527555392037833193e-01
1.561600632803561983e-01
1.550678493417103065e-01
1.540148561594172905e-01
1.570308026151923664e-01
1.551243159121756809e-01
1.570401089862043242e-01
1.531411672912841582e-01
1.541975348596652529e-01
1.568511918746504363e-01
1.547377616220362295e-01
1.575470905139010891e-01
1.571299860029890805e-01
1.565742767380673139e-01
1.581004162073285368e-01
1.574920630614487227e-01
1.560166738753911431e-01
1.557133702153602195e-01
1.587157953978043101e-01
1.580615458724283495e-01
1.588217128429650349e-01
1.572897962472379896e-01
1.540854337031535570e-01
1.576486180100414025e-01
1.580422970577977093e-01
1.595982442192653838e-01
1.574901456626934260e-01
1.583284199629146349e-01
1.602698958178126187e-01
1.586047592541046103e-01
1.583059790558790647e-01
1.585100858188012163e-01
1.581788038185558409e-01
1.581222185162688976e-01
1.590184919601523583e-01
1.576709624026408907e-01
1.585651390837122532e-01
1.590022633365476001e-01
1.584301177304779651e-01
1.593894571048660724e-01
1.605138572843163580e-01
1.606758963167697896e-01
1.610453763754764733e-01
1.584299801751690440e-01
1.596353770358308333e-01
1.596228657850218557e-01
1.611539505215714707e-01
1.609690302760089786e-01
1.591466961786242584e-01
1.570105645239870673e-01
1.582864072202048167e-01
1.611053738515652034e-01
1.609952071294182274e-01
1.598691523899738454e-01
1.597742283160286381e-01
1.586486300351144796e-01
1.618299889529780100e-01
1.581737382455549734e-01
1.611719462881510967e-01
1.600617515929896040e-01
1.585452198938403223e-01
1.600630279522591293e-01
1.609676739044670624e-01
1.603338212862814582e-01
1.603041134617965713e-01
1.612475852234143969e-01
1.635807439135265051e-01
1.617682578915421998e-01
1.603360455207860635e-01
1.625722308331113974e-01
1.591551999706067033e-01
1.616162448244225225e-01
1.607726616492059502e-01
1.603800452727990322e-01
1.607617639840472068e-01
1.614007839470462946e-01
1.633183104857199308e-01
1.622821277297651354e-01
1.616705524282789352e-01
1.616092694158960119e-01
1.636443896501849904e-01
1.598637777425441497e-01
1.633427182430362556e-01
1.601570662755019969e-01
1.617427121095579012e-01
1.642498439402153565e-01
1.617711360103915585e-01
1.641609110453446652e-01
1.611464825281771207e-01
1.637681397836064645e-01
1.624587356655061710e-01
1.616663085966979496e-01
1.630158755083033761e-01
1.625551276862224059e-01
1.618441999642888651e-01
1.634470593566976493e-01
1.635970779252881591e-01
1.641621518960714454e-01
1.641202707940376815e-01
1.637236189893945815e-01
1.655678481139471747e-01
1.628798720034505265e-01
1.674361944907752364e-01
1.661958875620995202e-01
1.635665975448938880e-01
1.654793039278717182e-01
1.674915102069094164e-01
1.635352545745206165e-01
1.667212692512289041e-01
1.636251934446684708e-01
1.641769759374212823e-01
1.645335760139212677e-01
1.684369634780252256e-01
1.674822421959316909e-01
1.662728021006912860e-01
1.659498951571317937e-01
1.653893176893558858e-01
1.654269997417514848e-01
1.670661613259164235e-01
1.644941877560940902e-01
1.656520631761330686e-01
1.647108230188521760e-01
1.679765505479821619e-01
1.677538234550320639e-01
1.656614846957685239e-01
1.651595756051042474e-01
1.661948180104202422e-01
1.663225177658489706e-01
1.676493658039112100e-01
1.672675969537659180e-01
1.681139035003569038e-01
1.681370565241920023e-01
1.684882013399593426e-01
1.655712736968833199e-01
1.636730333299942775e-01
1.692717080725687495e-01
1.671871847811806089e-01
1.698502497772618747e-01
1.699192279986121712e-01
1.694455979454173866e-01
1.709944180193477548e-01
1.715187928038039156e-01
1.717271469558043495e-01
1.664170915230882841e-01
1.692724046393046244e-01
1.733457460234940906e-01
1.703067570175510193e-01
1.720493144488261794e-01
1.711836228449672148e-01
1.708964576271230495e-01
1.718250430091625980e-01
1.717743679875355090e-01
1.706275746805027693e-01
1.731991689430354142e-01
1.708006259983436692e-01
1.698600014199968811e-01
1.739376680497649041e-01
1.705417105988769888e-01
1.729735182441596852e-01
1.738405390864173616e-01
1.706384224014480810e-01
1.740453444492112700e-01
1.715397947711186921e-01
1.715397451995549494e-01
1.776411770095512876e-01
1.730007593060135518e-01
1.721717245743655533e-01
1.752758955764334436e-01
1.739138794592627324e-01
1.712435642261067037e-01
1.756212308467683947e-01
1.738917831576669570e-01
1.732597837330860369e-01
1.752883203433940051e-01
1.727098313257856843e-01
1.744807064237371974e-01
1.764454207466551183e-01
1.735334533045790606e-01
1.755802357223878729e-01
1.759194369617209652e-01
1.742441115975788546e-01
1.750618218800600034e-01
1.750023720763484170e-01
1.780341974900646052e-01
1.741885964941407572e-01
1.789442756582465821e-01
1.777933816022404800e-01
1.777515233584801013e-01
1.769268531078276863e-01
1.760253561717202986e-01
1.756948727869824811e-01
1.762221383997925606e-01
1.774356521101901618e-01
1.762790417097925000e-01
1.773976593074645391e-01
1.780651651593440354e-01
1.778275124961848641e-01
1.782687424653242869e-01
1.792253642071147401e-01
1.786138195659995875e-01
1.800505023895573042e-01
1.783019124228364671e-01
1.787300835766144069e-01
1.751795412753965331e-01
1.791444021433571954e-01
1.737958354604433597e-01
1.787359453279452337e-01
1.777280617533469054e-01
1.779315002454563976e-01
1.808451368376600699e-01
1.786050995308751943e-01
1.830429931560391410e-01
1.799773058360565059e-01
1.789737943217010741e-01
1.812117383160886663e-01
1.797664946703467215e-01
1.809365346709051192e-01
1.809269879973276762e-01
1.791423428819591268e-01
1.806865860729048034e-01
1.834677718213672537e-01
1.811352882978567447e-01
1.826820310630176414e-01
1.814163830005361133e-01
1.764902514229735042e-01
1.802712088796729062e-01
1.827021930119068494e-01
1.794440842973452910e-01
1.791967576134385898e-01
1.805363871675813581e-01
1.802718743725974793e-01
1.797014229901356674e-01
1.782142873882169298e-01
1.833886484020292029e-01
1.829084499719006995e-01
1.828291360238384344e-01
1.804168374361561633e-01
1.820475348009531202e-01
1.832998195083041792e-01
1.833401510401291568e-01
1.853508894846223609e-01
1.828460918833428039e-01
1.799731943957216529e-01
1.841889882997246597e-01
1.826820278066188796e-01
1.825197746422634049e-01
1.816811062185214598e-01
1.805964841514868524e-01
1.790197420678840412e-01
1.850552084853663293e-01
1.809079813737843601e-01
1.840169770294488583e-01
1.845644026723980424e-01
1.784702504498736908e-01
1.797333152362362851e-01
1.816375502210691995e-01
1.828400031138874282e-01
1.815907736618693757e-01
1.812888574680357745e-01
1.841861564906933924e-01
1.821466899683313045e-01
1.837323818999323510e-01
1.859623288555435905e-01
1.859473831739977545e-01
1.821211262210686854e-01
1.830733660804441665e-01
1.861786039553581240e-01
1.830485629828721428e-01
1.857059806423176640e-01
1.850986940827417937e-01
1.828370492295244565e-01
1.856723188930854140e-01
1.848306631141530265e-01
1.806496639215783573e-01
1.851529862167487495e-01
1.865095345967658080e-01
1.870235276543687208e-01
1.846932399921923929e-01
1.860237697938315060e-01
1.845227529761728769e-01
1.822586001610956574e-01
1.855938753167848398e-01
1.868923743207307475e-01
1.857683090474595844e-01
1.835647856243208531e-01
1.840945816079368469e-01
1.852519254536676707e-01
1.846563236837675814e-01
1.840659884180642081e-01
1.863591550301207656e-01
1.862999919362020584e-01
1.878958571840505798e-01
1.875609987965776160e-01
1.851518592258221407e-01
1.875492839152094471e-01
1.860398659848808700e-01
1.853644182792950623e-01
1.880424318082977997e-01
1.848661220107711278e-01
1.863410641012564206e-01
1.835323975433258425e-01
1.869573683537653630e-01
1.857831499153255184e-01
1.871533680112604237e-01
1.865391506985333570e-01
1.849881935293511692e-01
1.828511456490219955e-01
1.854069931283711670e-01
1.836077108393267820e-01
1.857524040643111496e-01
1.841862508198858772e-01
1.826642883165062459e-01
1.877489203509993265e-01
1.851242245181738411e-01
1.869642638333680051e-01
1.884104008075509207e-01
1.850038358094934221e-01
1.861720858092599795e-01
1.877556926835105555e-01
1.839887808334738639e-01
1.864393586887359844e-01
1.845916975620117695e-01
1.839162544707002023e-01
1.870240659165992581e-01
1.836966961582576774e-01
1.815419825110027585e-01
1.836000885497767188e-01
1.831996439036677193e-01
1.837015494683909012e-01
1.868982335627150104e-01
1.846345704441914037e-01
1.837065162045966871e-01
1.846183809178986723e-01
1.869664556104890518e-01
1.849059239300916702e-01
1.826039932231020291e-01
1.847641517611074702e-01
1.837752910564391384e-01
1.854384479387721218e-01
1.825127598755574010e-01
1.831152632237055544e-01
1.807450342102471796e-01
1.865346480564154252e-01
1.836865927447010882e-01
1.859411849893758129e-01
1.837182261020383900e-01
1.844872428182709745e-01
1.852606977063786797e-01
1.843167462264495016e-01
1.823238605253080236e-01
1.827299977429582001e-01
1.853745498490830812e-01
1.868405168758422996e-01
1.804784874564765440e-01
1.801696913929190791e-01
1.823702587622592353e-01
1.816178778753264333e-01
1.799789058708631817e-01
1.856571194162794369e-01
1.827599193579978742e-01
1.806736060611537908e-01
1.832338025163066653e-01
1.840938351290511976e-01
1.852901711569782117e-01
1.850867843144830549e-01
1.834533532176111925e-01
1.824399242043748814e-01
1.814984225106385796e-01
1.884196971488823480e-01
1.825466994940257437e-01
1.859850778087353551e-01
1.868905378369264680e-01
1.847840250729524958e-01
1.808510554704907403e-01
1.827550516494363952e-01
1.828703746523694940e-01
1.861672616419469961e-01
1.845332325583970978e-01
1.825681755661404948e-01
1.866678884618715173e-01
1.830537143181843462e-01
1.817622421519847209e-01
1.860026749355743192e-01
1.828807900181908530e-01
1.831060835741400439e-01
1.883145721732574496e-01
1.866848241973106393e-01
1.882072702012012877e-01
1.843104646987920037e-01
1.849409830645765696e-01
1.868368830487945054e-01
1.860133706101720630e-01
1.859156928857200186e-01
1.867588035947685687e-01
1.857650351382930665e-01
1.855803146632373501e-01
1.863118016285926215e-01
1.871511036594181721e-01
1.896140486454553076e-01
1.864483513939945158e-01
1.885075444637888953e-01
1.825925818010439294e-01
1.889598729670387556e-01
1.836255947629013840e-01
1.874718416431081225e-01
1.873677168316789377e-01
1.856230089847568376e-01
1.839606881877586808e-01
1.870662456754162706e-01
1.851754003182046471e-01
1.848295631979329501e-01
1.884351749146621346e-01
1.871162448527037558e-01
1.855572616297993804e-01
1.902066279196245879e-01
1.826873210622496635e-01
1.862803196490971092e-01
1.852602930430833628e-01
1.856174612341744412e-01
1.871291172696354643e-01
1.887330426045938647e-01
1.861373604529382719e-01
1.870242575916349625e-01
1.838096414162294912e-01
1.834023840646791248e-01
1.906901357943711905e-01
1.867193490426045377e-01
1.860481961719790134e-01
1.855585741061896166e-01
1.862988317643807512e-01
1.837235833895937698e-01
1.845273884089600469e-01
1.846627828347320865e-01
1.834265274251181965e-01
1.856913263015288473e-01
1.837650372879155447e-01
1.862880538023320154e-01
1.841255633178645323e-01
1.877787343152409194e-01
1.829500436112246331e-01
1.872981321398569377e-01
1.866436853800759188e-01
1.872620752973389868e-01
1.826176337297727714e-01
1.810511000056040931e-01
1.826066645023286250e-01
1.865172636369430148e-01
1.841903794319309784e-01
1.796823318485759879e-01
1.826851680832789759e-01
1.811008277777297337e-01
1.855423457307447399e-01
1.833303000709296804e-01
1.804758881470280296e-01
1.809027181680560592e-01
1.832698973175805879e-01
1.829301530733329351e-01
1.803584585384522820e-01
1.837388347485742202e-01
1.838185586336620048e-01
1.878017750662925311e-01
1.857394299384090841e-01
1.823091500829994438e-01
1.869451443200032814e-01
1.791101965478363589e-01
1.824290116361815817e-01
1.840909710616321082e-01
1.876668877367385080e-01
1.844619489615770824e-01
1.841969697199591360e-01
1.865930589648522597e-01
1.830286551138261553e-01
1.850450167702396287e-01
1.803042248679010973e-01
1.803587233496936892e-01
1.806331385749375129e-01
1.756999165533410789e-01
1.799629972686845880e-01
1.846432930270158757e-01
1.801737201451367731e-01
1.785508604870477689e-01
1.724853741180137068e-01
1.749406557880185120e-01
1.754092512177185537e-01
1.773328024908021328e-01
1.735759133894757555e-01
1.747287144832989914e-01
1.719150376004319747e-01
1.725916516751548335e-01
1.703652984432912909e-01
1.641783158139084597e-01
1.636058966202247056e-01
1.635515096108295097e-01
1.522868109055119934e-01
1.476833719697503156e-01
1.420848712197489427e-01
1.366739960232143114e-01
1.271710012235710563e-01
1.263829756463752951e-01
1.221277245529327204e-01
1.171717653906297479e-01
1.149547322102242725e-01
1.138634484756430032e-01
1.176092793435530165e-01
1.177771665038936100e-01
1.242689443679547562e-01
1.283330254977664286e-01
1.288598137997736537e-01
1.388045443502723686e-01
1.441010207696200307e-01
1.460386265666980821e-01
1.516453434093926467e-01
1.552168151207049818e-01
1.589974816282394565e-01
1.637361666911845981e-01
1.621114663954409674e-01
1.656292434805757829e-01
1.676387122576824262e-01
1.696671319177478210e-01
1.718852536546182086e-01
1.743170790269486514e-01
1.683163946314457649e-01
1.770743177648422262e-01
1.710167087745819159e-01
1.695733301054606068e-01
1.699701390489738728e-01
1.707863796422482427e-01
1.732529157053308011e-01
1.749575970862573826e-01
1.731843547465897748e-01
1.694290668020964341e-01
1.759563179227511542e-01
1.743046592574233611e-01
1.731526390382597536e-01
1.736157594891467593e-01
1.681136413577888067e-01
1.772759899956496410e-01
1.774810858189384000e-01
1.699572743097545469e-01
1.716726519399913997e-01
1.739705802148426850e-01
1.717643303434681634e-01
1.726741950238520618e-01
1.681178710763436002e-01
1.680982264122574121e-01
1.689597633431085266e-01
1.676414709118970725e-01
1.703070998644868328e-01
1.728274028470654367e-01
1.706686381381672113e-01
1.645698514519920996e-01
1.672631601263786794e-01
1.686976327653380014e-01
1.691095915031243790e-01
1.720016868371052055e-01
1.620984341432767650e-01
1.670688319681925271e-01
1.624001721796334008e-01
1.673188985225580461e-01
1.640020026404380993e-01
1.649709800960097450e-01
1.597469461482201036e-01
1.621474062761067425e-01
1.639260389771944604e-01
1.618698197288076512e-01
1.642146727784480065e-01
1.639704324643442845e-01
1.646370481342089576e-01
1.596448324728467205e-01
1.601542657538272130e-01
1.596902683727115524e-01
1.572506945445987514e-01
1.608111908655362743e-01
1.626076507534324478e-01
1.622789043791528218e-01
1.634257107856751379e-01
1.633259536648834775e-01
1.560651800674213163e-01
1.564532028758407467e-01
1.553874970654630649e-01
1.585305215397564416e-01
1.531991228134292893e-01
1.582454696488994061e-01
1.555696173844400843e-01
1.557260355799218454e-01
1.591638035693141162e-01
1.559490718696753819e-01
1.530317560677473265e-01
1.524275611781236994e-01
1.591142778774500277e-01
1.508784691203978456e-01
1.521426501177766955e-01
1.535495253122161896e-01
1.588204815620118393e-01
1.525346938640231853e-01
1.547745318914473811e-01
1.552097490153825643e-01
1.461393152059241585e-01
1.537386118637792121e-01
1.498782945065205707e-01
1.513273789897538468e-01
1.530753338471562419e-01
1.537638986258620666e-01
1.450154213763084066e-01
1.528631266748830819e-01
1.486951846806422728e-01
1.520052053812365744e-01
1.513682279652573404e-01
1.565288380219596598e-01
1.504603882962043393e-01
1.534363439277461327e-01
1.478526460782983720e-01
1.478424399612661977e-01
1.424257603530297012e-01
1.445078425255813259e-01
1.457116666391299054e-01
1.470335635834193466e-01
1.419266371636407897e-01
1.430791581844025884e-01
1.469811792924181348e-01
1.458987622348648094e-01
1.429224584384655439e-01
1.419078923495702971e-01
1.377240726594546605e-01
1.403062486555449462e-01
1.384895354017842140e-01
1.418707614206285994e-01
1.354063772307730618e-01
1.422771166264936715e-01
1.431675993874599873e-01
1.413403743094114040e-01
1.356205209289960967e-01
1.366649974585307514e-01
1.348569969305815630e-01
1.409289955680664286e-01
1.401781722794623319e-01
1.339994083340025066e-01
1.304641366374462708e-01
1.387439760136527089e-01
1.329882948013514365e-01
1.363884799966280092e-01
1.278753377193655172e-01
1.330156227114770995e-01
1.337502855941505586e-01
1.322995668705014283e-01
1.297237294981233580e-01
1.331686647343797714e-01
1.327296918158674677e-01
1.287518780450198630e-01
1.314651730191488122e-01
1.383627354049770386e-01
1.293433980253608784e-01
1.288406956015465121e-01
1.252313798226601382e-01
1.230980463738370195e-01
1.285659278348160739e-01
1.338244700285057820e-01
1.279791795986682801e-01
1.269887623712674107e-01
1.269378471603922198e-01
1.246949257638094305e-01
1.227448765039224204e-01
1.255899323823991276e-01
1.274862322273538351e-01
1.214399914988400359e-01
1.208048911967442157e-01
1.220716514577898371e-01
1.242258854102816223e-01
1.233594554263309495e-01
1.196446890038174310e-01
1.226124596953276080e-01
1.177192695195763000e-01
1.194858717161445677e-01
1.206531173578171967e-01
1.175449739654065573e-01
1.181930658285706426e-01
1.173460570213350346e-01
1.227613241297857427e-01
1.144350212545840600e-01
1.170580848520026973e-01
1.166905535703466751e-01
1.085827038069148431e-01
1.164104503339563612e-01
1.190841001978950736e-01
1.043071922900698223e-01
1.163966594209271399e-01
1.140913803319617281e-01
1.101825192180719976e-01
1.079939579031488212e-01
1.152051543336084644e-01
1.128455999172909979e-01
1.069795400124533835e-01
1.032860457503417123e-01
1.075452117511274397e-01
1.046222037246131997e-01
1.066095987508413334e-01
1.144596477010840357e-01
1.078600037124763517e-01
