3.643146873707728828e-01
3.631075075285341569e-01
3.665690947011122081e-01
3.710024287634235973e-01
3.675842424928587038e-01
3.700585296701580096e-01
3.676596354662777788e-01
3.682648157158605606e-01
3.713086462877469018e-01
3.666471070578890545e-01
3.685005175429108548e-01
3.666782407790761256e-01
3.705195499858855435e-01
3.732322013825082330e-01
3.699311968631990855e-01
3.688416856438922475e-01
3.696488764113293746e-01
3.717063831430119092e-01
3.719264052294553036e-01
3.721702943781254880e-01
3.710508151736137683e-01
3.728126054413702928e-01
3.756632920145553389e-01
3.737799431252910587e-01
3.712801444061975542e-01
3.760497658385337227e-01
3.704774105703383946e-01
3.718137597877796963e-01
3.759981533888565042e-01
3.739366129119976456e-01
3.728526601784285521e-01
3.746705887569618532e-01
3.789111800408899167e-01
3.761190145184838407e-01
3.813939965745901106e-01
3.802397359392602483e-01
3.874239334423518755e-01
3.862013494772166822e-01
3.872674087963359213e-01
3.856790931711350789e-01
3.912606143224687250e-01
3.889258741486831261e-01
3.858633767003650794e-01
3.916446900082564686e-01
3.911113546809424357e-01
3.907250919561487956e-01
3.893674924798439241e-01
3.907912002507119564e-01
3.927208919777622209e-01
3.878102088144056991e-01
3.881016842513936860e-01
3.879725822573046323e-01
3.849194055003947734e-01
3.842756394653877861e-01
3.836193903334749189e-01
3.821332406830461048e-01
3.804763815850021325e-01
3.791515349167647875e-01
3.798316755604385087e-01
3.809269507592096815e-01
3.823548358115787527e-01
3.798359477035686549e-01
3.831115873842064756e-01
3.820914606353942311e-01
3.806482346930761818e-01
3.791089202290720550e-01
3.791711484485494887e-01
3.772703828368823009e-01
3.791015494055842705e-01
3.764166248088943179e-01
3.805887853712637825e-01
3.775175091684957462e-01
3.756283916414344670e-01
3.773606468626072297e-01
3.814461946308289053e-01
3.816068552232668720e-01
3.814237546303560489e-01
3.812001283103038651e-01
3.860650653056563186e-01
3.879409703298412615e-01
3.874729401711132781e-01
3.865693484575167260e-01
3.848047426664817916e-01
3.892333231557950080e-01
3.866028008933789506e-01
3.837525990378554130e-01
3.863829928101850109e-01
3.874926137832907513e-01
3.893459035613546781e-01
3.850469975042281057e-01
3.869708715726642434e-01
3.883219359883659516e-01
3.856729363025763191e-01
3.888513670838003589e-01
3.811320953048392690e-01
3.823783935869112249e-01
3.802145528533869001e-01
3.754332553237278991e-01
3.762542238052207777e-01
3.761154820616423033e-01
3.718444770143043421e-01
3.694388954244204881e-01
3.677531305384506566e-01
3.662393714765137531e-01
3.610668080910272582e-01
3.566907670306960210e-01
3.599573891918249058e-01
3.525847948274651311e-01
3.488252618707033403e-01
3.503712907686880040e-01
3.502828442815318910e-01
3.448055166717743925e-01
3.429683319224446914e-01
3.442218363514037427e-01
3.405606602962308327e-01
3.381387790213410405e-01
3.440903353223087602e-01
3.488256089777606039e-01
3.530312048074861209e-01
3.559632771305821231e-01
3.593572955879199560e-01
3.620986276902289358e-01
3.561381005734661764e-01
3.607509966498392284e-01
3.519433671058660451e-01
3.444198729659005975e-01
3.337333056085012850e-01
3.231731449541405676e-01
3.087071753285238751e-01
2.915119031706417396e-01
2.775774333071943101e-01
2.751312503602222348e-01
2.800740025278661283e-01
2.854769113305467565e-01
2.943041159977053400e-01
3.092728141804498287e-01
3.293231367108620522e-01
3.493279767842018546e-01
3.692027617156051211e-01
3.864839644693056075e-01
4.021256023341874819e-01
4.178473800170913188e-01
4.280326948356994454e-01
4.295005504618406578e-01
4.280628862421425596e-01
4.279804970078666670e-01
4.283249822916783689e-01
4.317554624564763355e-01
4.301879164365490227e-01
4.323302578332451906e-01
4.326285697150438203e-01
4.312917814136925099e-01
4.314032489247208169e-01
4.318357585713881175e-01
4.333279839425697166e-01
4.314580419582033644e-01
4.300337164967617531e-01
4.314823785429203196e-01
4.329299426338306667e-01
4.323310149460334872e-01
4.361614163368503494e-01
4.348384257752138105e-01
4.362911110060856412e-01
4.350008844887588433e-01
4.365597294805262929e-01
4.366441875848411924e-01
4.344593513222291814e-01
4.390405042911804112e-01
4.397908926720591194e-01
4.411324587257200447e-01
4.355969054446736655e-01
4.376731703094007830e-01
4.408691484237845515e-01
4.376389386616182930e-01
4.383465270174798922e-01
4.374745056591947678e-01
4.418774886862197881e-01
4.402214044675678006e-01
4.415174403204678022e-01
4.407009075854421698e-01
4.418555702538907726e-01
4.439841567954870283e-01
4.425511229073379460e-01
4.431624571754794739e-01
4.440519210000700157e-01
4.466987999333517090e-01
4.471718448607174823e-01
4.463485331552909940e-01
4.456358320557131103e-01
4.441203089134349580e-01
4.438183635506910973e-01
4.472955858052484746e-01
4.481281529826284249e-01
4.441420364908075236e-01
4.483558274157352641e-01
4.495055196042392343e-01
4.465668887687198052e-01
4.477353915128455264e-01
4.475392311191546124e-01
4.498467244592906367e-01
4.507242535002879968e-01
4.517985216246385716e-01
4.504735574690875710e-01
4.515216541771226444e-01
4.536523803003907895e-01
4.516041130140893700e-01
4.521205918403445878e-01
4.560758378601801333e-01
4.529376526997793140e-01
4.510277375455660209e-01
4.529619751526628435e-01
4.523226152537727640e-01
4.541557570308341618e-01
4.545062923357398588e-01
4.556336593487790299e-01
4.555740810740376845e-01
4.569122926116696015e-01
4.551949908968598302e-01
4.571619501070997571e-01
4.585707715839103527e-01
4.567011863715436659e-01
4.584130367192986166e-01
4.585297051510335842e-01
4.577082165406718417e-01
4.588769284051022468e-01
4.606260252479298933e-01
4.607447725839498576e-01
4.611498987549088047e-01
4.612323666225378038e-01
4.610734922537332303e-01
4.589354915492570575e-01
4.605654667381214873e-01
4.591087796119813214e-01
4.620017990298526667e-01
4.638507490137450673e-01
4.642889285609539951e-01
4.631799698880756933e-01
4.643710899816416715e-01
4.641785154953301240e-01
4.654400713095021014e-01
4.663487091119611350e-01
4.644737971014038513e-01
4.654222214196862550e-01
4.668493481088885622e-01
4.669535702795150067e-01
4.665575091960997289e-01
4.660064770403735679e-01
4.651775240557655677e-01
4.674930508612503144e-01
4.673084169002231780e-01
4.721482305713812777e-01
4.699675653425572364e-01
4.700291336898554384e-01
4.712430115888002202e-01
4.723206358766998125e-01
4.755821571035504514e-01
4.736916540208939708e-01
4.767346846382246595e-01
4.732028878432577579e-01
4.726801059020768747e-01
4.731265578533062621e-01
4.735646992570103908e-01
4.739322405320524623e-01
4.738764326249720882e-01
4.747747012340470252e-01
4.748512893175206862e-01
4.761458247661120025e-01
4.763150381609154160e-01
4.765594688999932882e-01
4.777314338627761670e-01
4.807623870908793173e-01
4.789885032951152755e-01
4.775097284174532053e-01
4.797051268799971679e-01
4.798902213193859123e-01
4.805818593120789739e-01
4.800945058507453123e-01
4.807347198919947884e-01
4.797107148060168469e-01
4.831254192482393739e-01
4.798476667745710245e-01
4.820293245369143276e-01
4.821268940330810659e-01
4.807815835270098925e-01
4.842593728870661640e-01
4.835431087337780376e-01
4.853485642282056589e-01
4.831613208556991834e-01
4.857884783486417501e-01
4.877561690511578174e-01
4.843833929409819272e-01
4.860328411071041521e-01
4.843946727270932451e-01
4.886609397662535215e-01
4.898984893219028303e-01
4.862142597272299804e-01
4.865203996095739392e-01
4.899161130974956091e-01
4.893043180444098250e-01
4.898323788056193062e-01
4.937861533158341976e-01
4.895882372907715552e-01
4.890882095895486281e-01
4.904985008651358003e-01
4.905188390779415819e-01
4.896129729224738547e-01
4.902218050628241452e-01
4.946307132536676976e-01
4.937726297317869273e-01
4.905269413361907360e-01
4.959419460777994559e-01
4.951897862726632460e-01
4.933831110982364598e-01
4.934379721792329088e-01
4.933818700501933496e-01
4.923491303860373924e-01
4.971227278921654946e-01
4.937051291160039490e-01
4.944928696624637521e-01
4.945559237525341545e-01
4.979314499638300973e-01
4.946909675845815868e-01
4.969827190056894661e-01
4.989320825400146986e-01
4.991871774787132732e-01
4.996891567562576908e-01
5.000968631304858469e-01
4.982708794391000340e-01
4.993390595297997891e-01
4.965615514037901579e-01
4.999368960530607975e-01
5.018549837521391055e-01
5.007204100319452289e-01
4.996879899228106603e-01
4.977254136059377498e-01
5.001679785178237969e-01
5.032720042905471924e-01
5.006452063140665043e-01
5.000698353759650550e-01
5.045714935104550491e-01
5.008061521165518837e-01
5.031566087421817102e-01
5.013773548031658089e-01
5.032339337570053139e-01
5.035299918644713379e-01
5.039298667751475058e-01
5.055463043662999922e-01
5.027907970642280233e-01
5.017569173724123477e-01
5.047811136388534736e-01
5.017993698389370261e-01
5.033575299489075894e-01
5.041311462336623972e-01
5.047689219963145124e-01
5.008151364208036638e-01
5.027574170256752240e-01
5.024656785800176717e-01
5.002481974408937715e-01
4.990748162075762662e-01
5.004942804783808485e-01
5.014127026059608250e-01
4.988549473883451268e-01
5.010458860876637610e-01
5.001662700514113435e-01
5.010618851779137239e-01
4.970007668109656107e-01
4.976122654102877463e-01
4.942386567419360666e-01
4.964083233004877860e-01
4.958641021739099153e-01
4.940317033861614249e-01
4.925513971620030795e-01
4.902511170541664631e-01
4.887871245016850441e-01
4.863306717315769578e-01
4.837785937279199810e-01
4.832987702572186239e-01
4.803481355752975412e-01
4.738811340815761719e-01
4.722799807973548369e-01
4.690273655481353998e-01
4.642418444530374000e-01
4.567721171183276585e-01
4.533118804142705627e-01
4.493951163569264717e-01
4.402188466815808998e-01
4.346066662664203051e-01
4.263862289019042517e-01
4.176725842238910302e-01
4.081393493747701995e-01
3.942375246420610213e-01
3.826188786864835878e-01
3.682978762775795945e-01
3.493587104019605927e-01
3.376849091532603264e-01
3.239665197491073956e-01
3.101874251355388190e-01
3.005490282634739052e-01
2.969016503448269617e-01
2.961857489585094094e-01
3.039750139603287771e-01
3.143832213329836311e-01
3.254108681473567577e-01
3.377762234449178114e-01
3.606654177991823751e-01
3.736450602804364807e-01
3.892131074026875526e-01
4.022342322805381176e-01
4.096643188694640281e-01
4.215963681943664665e-01
4.294245910063164695e-01
4.398336471720373786e-01
4.488335827306352832e-01
4.520975952955395560e-01
4.594425415015008785e-01
4.648526696216130349e-01
4.733553025685743321e-01
4.778672796199896489e-01
4.817633087546430160e-01
4.855739018850839805e-01
4.896836498434446461e-01
4.915698790909455163e-01
4.951554747017779534e-01
4.993329530377803582e-01
5.052545303110698161e-01
5.049710962342165432e-01
5.048312229025604392e-01
5.085449602279087378e-01
5.092754371652884471e-01
5.130126054841891436e-01
5.113450143742503951e-01
5.129071378486814714e-01
5.125088257834650163e-01
5.087850016184937152e-01
5.110565595250387005e-01
5.106639576000996383e-01
5.115586598830176301e-01
5.119106523324544744e-01
5.114882571970855718e-01
5.149446211557285880e-01
5.155068375081153231e-01
5.178924674371433445e-01
5.208802294374088593e-01
5.270284858471716571e-01
5.257865253437313813e-01
5.265571861535729425e-01
5.295686890144543080e-01
5.299669206991886039e-01
5.314361325401418812e-01
5.301304631406493773e-01
5.298365304419085930e-01
5.317359645164659865e-01
5.301057473140551313e-01
5.299691498516437838e-01
5.266284437475015068e-01
5.297322266410579017e-01
5.284854867860721006e-01
5.274637433737588976e-01
5.254221636366350756e-01
5.280047556658108432e-01
5.279987194242830029e-01
5.298784000533807159e-01
5.283027427535526011e-01
5.300070715566409518e-01
5.311178398117438748e-01
5.310466870934702488e-01
5.315070202373308739e-01
5.259930109380803742e-01
5.287821101252283551e-01
5.267983868013818016e-01
5.297791304498875586e-01
5.307775700097313587e-01
5.320592651364701720e-01
5.297589942330022117e-01
5.339815885796314054e-01
5.356334783950040812e-01
5.334413013107833779e-01
5.356899762634034223e-01
5.389667417143492179e-01
5.405592830833771956e-01
5.400540856423806657e-01
5.434789633840134693e-01
5.430103860654197367e-01
5.433937682837289840e-01
5.400538413009943195e-01
5.430083695365266472e-01
5.439823913055823468e-01
5.392118752350895106e-01
5.423106282497119901e-01
5.403541750862004278e-01
5.450631795261072776e-01
5.416504681345158945e-01
5.437625368458959274e-01
5.461843312650792592e-01
5.475476689728114854e-01
5.504100781744430959e-01
5.501185158664996244e-01
5.489817062250129664e-01
5.492344346262048038e-01
5.521378888975706500e-01
5.515613657826682337e-01
5.536708838999251370e-01
5.522478940862494134e-01
5.520399727917600918e-01
5.532391312467321853e-01
5.502860491974794765e-01
5.551511559673246721e-01
5.536853944047568366e-01
5.536974559757713577e-01
5.537829820603260567e-01
5.539025433655644370e-01
5.522567690048756361e-01
5.565852135353478447e-01
5.577348798130145058e-01
5.531766018077146629e-01
5.551794807396108755e-01
5.566526871707945245e-01
5.558758863424265728e-01
5.563341632864372555e-01
5.573246530800808340e-01
5.561522482145211388e-01
5.548923975707836798e-01
5.607202316083639282e-01
5.561606965461645125e-01
5.564195543935469557e-01
5.578936955758282412e-01
5.583702754163194504e-01
5.557089470916128926e-01
5.591896111208330966e-01
5.560481020228426052e-01
5.622128140654381045e-01
5.634679585399894330e-01
5.606622234267140126e-01
5.617483692786101601e-01
5.585068248950094683e-01
5.608271685914116844e-01
5.592413496847101761e-01
5.616137730425238006e-01
5.612310367206926331e-01
5.621198453266709194e-01
5.595586474669400623e-01
5.608858045914643098e-01
5.633241966328603745e-01
5.624086069159843770e-01
5.634495663128972209e-01
5.628425783520302206e-01
5.618350612686777712e-01
5.636764555809058441e-01
5.642188235574036037e-01
5.646710843404494362e-01
5.669199771198140114e-01
5.627694263226012961e-01
5.668095949284109869e-01
5.667335192692806167e-01
5.670622866874537316e-01
5.620527941068638178e-01
5.643493602977556201e-01
5.626713702167427389e-01
5.618717420881085278e-01
5.618559881440042814e-01
5.611957567687296811e-01
5.613367380190291689e-01
5.627992804621378964e-01
5.647381591185475225e-01
5.644104521797936869e-01
5.648174757316318795e-01
5.667701452690019348e-01
5.693491024923561517e-01
5.662024325924457369e-01
5.673678452455710453e-01
5.689380593255414231e-01
5.665847397708745348e-01
5.705772410496922076e-01
5.683040418884250933e-01
5.661118679937152676e-01
5.671793865676332258e-01
5.648186755577596641e-01
5.661492673548399468e-01
5.624139750891616885e-01
5.627065004412963312e-01
5.607456462392271801e-01
5.629705763798763529e-01
5.634046489123759605e-01
5.645508457161821925e-01
5.656299435798447517e-01
5.672273940987662133e-01
5.681378563674505111e-01
5.685638478314094524e-01
5.693600051256078043e-01
5.684717098068620134e-01
5.697560562583658950e-01
5.711676924768940289e-01
5.700114630726336173e-01
5.704684845155866268e-01
5.689523840112590269e-01
5.696085425823781412e-01
5.713066934927072404e-01
5.690069069808834090e-01
5.695109935048894290e-01
5.696587271545713316e-01
5.744468898726611261e-01
5.696440507286627541e-01
5.690127438622999412e-01
5.677599389115673967e-01
5.720969521450974815e-01
5.685478831984847048e-01
5.687917121737732229e-01
5.674060952652594247e-01
5.696371801579793726e-01
5.682611237666751469e-01
5.687384550834182484e-01
5.696686025727542013e-01
5.671647523666448754e-01
5.681970886301144219e-01
5.691162938901912494e-01
5.684296338644470037e-01
5.657385008222739486e-01
5.674274583338454470e-01
5.651454269869632396e-01
5.666374569895005209e-01
5.615804709407148376e-01
5.644124601469996394e-01
5.625354739627174139e-01
5.617959102984982911e-01
5.636736171323809552e-01
5.643229806952774208e-01
5.674038175780253823e-01
5.639554717882926393e-01
5.669320899782127610e-01
5.666554423619594161e-01
5.694773449093467610e-01
5.671635936809459322e-01
5.632426141731146085e-01
5.580457137461919404e-01
5.562630808225524914e-01
5.518353224952755598e-01
5.507313458576748033e-01
5.468274320533965671e-01
5.502158951658292496e-01
5.550694732389216401e-01
5.584610141542373229e-01
5.633260007395018976e-01
5.713023742724848697e-01
5.762045105774373788e-01
5.824623686391727784e-01
5.859753460778764911e-01
5.886959692669972988e-01
5.898154701328963689e-01
5.884038257859031118e-01
5.901079211361111021e-01
5.877993636510755460e-01
5.899956328357138791e-01
5.901658770644950813e-01
5.928021045639532138e-01
5.899373770595689459e-01
5.911728719018513045e-01
5.923253716178411565e-01
5.935642813783450489e-01
5.950921714555553743e-01
5.927676758253718203e-01
5.944271697887089090e-01
5.918107527954326041e-01
5.928066492191272907e-01
5.953987075967799303e-01
5.931655584947872484e-01
5.936648607078330864e-01
5.956327494092810149e-01
5.947578946843493641e-01
5.969419689860107070e-01
5.956783810318938555e-01
5.993965193188168783e-01
5.988864053973175228e-01
5.976800297712591137e-01
6.011217295612424349e-01
6.019498056210693671e-01
6.009386555069368141e-01
5.997892054781223115e-01
6.019829063084298770e-01
6.022372521705332549e-01
6.054308076441289321e-01
6.034877132026607027e-01
6.060171672458944947e-01
6.050910366615663838e-01
6.055001508341205652e-01
6.069499108101538143e-01
6.077116420614734338e-01
6.070348363941160397e-01
6.066047921627023554e-01
6.072480038155402271e-01
6.109532702900755119e-01
6.104525035207010175e-01
6.103460401162407178e-01
6.110874670664113717e-01
6.119889099238619012e-01
6.104243820429761103e-01
6.126698269362127469e-01
6.102941661377243587e-01
6.100890316138687375e-01
6.149430493486695015e-01
6.129265173019358137e-01
6.158045583537818946e-01
6.118629837641254010e-01
6.137826159197490306e-01
6.151221224990910397e-01
6.154285020838539122e-01
6.189719617322717582e-01
6.182667629796754216e-01
6.168751420325504498e-01
6.154503781166177356e-01
6.182511695006940311e-01
6.198099589702735779e-01
6.201530420826628642e-01
6.199338912199354734e-01
6.176608943281315378e-01
6.219489684738678248e-01
6.201117939484939168e-01
6.198502913125923941e-01
6.219643396878986596e-01
6.213574728408517434e-01
6.222809941329071615e-01
6.227581895599459960e-01
6.225956029343515663e-01
6.238221256679853388e-01
6.218650909450496034e-01
6.246634238290516006e-01
6.220864981532403526e-01
6.215076095657570132e-01
6.248850703439926546e-01
6.245750184094923663e-01
6.262705426105024120e-01
6.264408147135809291e-01
6.261775027328356780e-01
6.262886011539056108e-01
6.261080498962126040e-01
6.255634533962441957e-01
6.222984640693521863e-01
6.223072192793362989e-01
6.191608615097760060e-01
6.200576455481646709e-01
6.202817110815506130e-01
6.214313193549989567e-01
6.224886117333645608e-01
6.244541280987426779e-01
6.258604199800061885e-01
6.258010892426295602e-01
6.286655657917781248e-01
6.314819014750769899e-01
6.294584399005476172e-01
6.292162726838884668e-01
6.316190848291882709e-01
6.315352809958457714e-01
6.305819698532209028e-01
6.324464356742521831e-01
6.334244098573389437e-01
6.328922614680349001e-01
6.357226638742083935e-01
6.331858262801474124e-01
6.353329145107258213e-01
6.337661231870838074e-01
6.363383646701901153e-01
6.348468253501532432e-01
6.382868922994198169e-01
6.354134277827202526e-01
6.364306054748885000e-01
6.367257384058182534e-01
6.346122278377656079e-01
6.362713532778567771e-01
6.357891488718815376e-01
6.383374380637265588e-01
6.411792974681491675e-01
6.416219735237087551e-01
6.393553026041235432e-01
6.401015285351584483e-01
6.406782795364676097e-01
6.404374396074139497e-01
6.393814428187806209e-01
6.419716463831208753e-01
6.451661499975303027e-01
6.465994289852543542e-01
6.429924534001879577e-01
6.430281296418433046e-01
6.450109024863802665e-01
6.436011520894387994e-01
6.465386205207495074e-01
6.437127205294148613e-01
6.446951620592640264e-01
6.438676997542545077e-01
6.453960721099443187e-01
6.467746583606585054e-01
6.468483500354053062e-01
6.477317447978258036e-01
6.486872222397915833e-01
6.469270453915230146e-01
6.486867079040447015e-01
6.491265851808030174e-01
6.466134747367751068e-01
6.484163224897953048e-01
6.484823097841141415e-01
6.482962791435497030e-01
6.524391164401081022e-01
6.489243338323799071e-01
6.495714570448961611e-01
6.517836504317219282e-01
6.497847121208057963e-01
6.482999048597259950e-01
6.524662722787704094e-01
6.529740796720985285e-01
6.542394735657373062e-01
6.533400335074659449e-01
6.533753927012629914e-01
6.528892479385492997e-01
6.569937847302563805e-01
6.536533939002157068e-01
6.523946347649743904e-01
6.538279297803903933e-01
6.550376345524833166e-01
6.545353221404955901e-01
6.545806910638415355e-01
6.550557918587269768e-01
6.551146742700025838e-01
6.559891451267418905e-01
6.579441021233479736e-01
6.578099256809748496e-01
6.613762154426442441e-01
6.556862045801999939e-01
6.550366679773250711e-01
6.594566007444960798e-01
6.578910766991059589e-01
6.606924864232890382e-01
6.585938534436210912e-01
6.582965882543481140e-01
6.594025462094430523e-01
6.612441918586489109e-01
6.599396182853279891e-01
6.600265389661876814e-01
6.586875559180063178e-01
6.636705487942333725e-01
6.628177121752151235e-01
6.631917294748284064e-01
6.646910127005701829e-01
6.651800960453926326e-01
6.666797559851229682e-01
6.639534147482888393e-01
6.659908699056350523e-01
6.641518494267995010e-01
6.650250675421759405e-01
6.662241239758913691e-01
6.678372256028034526e-01
6.663558485192168090e-01
6.671003672884741054e-01
6.671465080490335264e-01
6.678900094385158415e-01
6.690158933839337463e-01
6.685881933719090009e-01
6.674891936073477083e-01
6.689134568499690570e-01
6.715954643937381841e-01
6.685700766515542126e-01
6.689273362159523506e-01
6.712033207149635805e-01
6.711039374767170385e-01
6.720557059632478181e-01
6.709569786757971777e-01
6.706546757777372969e-01
6.739997407717218669e-01
6.722262562735950020e-01
6.734187892945099341e-01
6.762265953319902545e-01
6.735950510305434014e-01
6.751157447291125102e-01
6.751519971334084547e-01
6.773008587230811006e-01
6.771820888028292629e-01
6.773448192459399220e-01
6.730431052947892789e-01
6.795729731543940222e-01
6.776888641218292708e-01
6.768859050860843718e-01
6.765923964867567308e-01
6.786930135238974371e-01
6.789948723972778488e-01
6.777244727170060878e-01
6.806685507112474331e-01
6.791362589432969887e-01
6.808832108787773452e-01
6.815472129195452311e-01
6.811292762839091797e-01
6.804655883689588736e-01
6.799877540252511343e-01
6.819035403797032435e-01
6.802213936158989505e-01
6.836785245311322035e-01
6.804358494764740639e-01
6.819947823469563186e-01
6.819264045674958696e-01
6.853406481747140733e-01
6.838074072490815114e-01
6.856089289522155905e-01
6.877085582791298002e-01
6.858330277842779044e-01
6.865993884123916535e-01
6.887964860724339333e-01
6.883604163164677159e-01
6.887269583754345170e-01
6.880532526155891393e-01
6.854867858228721467e-01
6.877548040676647600e-01
6.862462112637812695e-01
6.886207122665279901e-01
6.884156074907525902e-01
6.852458392073622617e-01
6.856935581977922078e-01
6.857001669600321092e-01
6.809550913875140887e-01
6.811102302315370505e-01
6.830547662647650231e-01
6.849179933157418798e-01
6.867946806299811691e-01
6.910958126896433740e-01
6.928145591049461594e-01
6.945864744235462629e-01
6.966650851234540420e-01
6.974404992018693461e-01
7.011876070375713255e-01
7.012146480801297876e-01
6.998634961058954884e-01
7.021338136412044184e-01
7.000633712467355663e-01
7.003044743467834454e-01
7.001897453422183393e-01
6.976146614507872101e-01
6.971406293044627445e-01
6.959939059328462685e-01
6.965984461019809615e-01
6.980500061623392538e-01
6.963503402367752226e-01
6.977289258796367521e-01
6.979273631639354436e-01
7.019578062064135704e-01
7.027753451078915248e-01
7.003149502204176757e-01
7.045085981664923613e-01
7.085147577853511125e-01
7.067631945850603170e-01
7.080508089698821506e-01
7.062813085839708682e-01
7.086595424453179248e-01
7.082832211159071356e-01
7.043487998962143504e-01
7.037635023637721643e-01
7.023923556608809848e-01
7.031818983699675840e-01
7.013148207635557796e-01
6.998246021841989517e-01
6.990541965287579984e-01
6.937641504929121794e-01
6.939928478823239599e-01
6.929137331366642671e-01
6.951680668660358275e-01
6.970515509362912310e-01
6.978566924387787918e-01
7.012999892047584449e-01
7.044997139684272547e-01
7.103271597669985615e-01
7.107710857585605169e-01
7.160312066886576066e-01
7.182373603080324242e-01
7.205476550567267990e-01
7.257307727598383273e-01
7.273604856045283729e-01
7.270876352718081970e-01
7.293244440350468150e-01
7.325250543063521746e-01
7.317532993750403003e-01
7.350037776428077763e-01
7.363263566287464590e-01
7.365167426007840357e-01
7.340436855550649398e-01
7.355291054392427696e-01
7.368936223847529776e-01
7.388584373849192977e-01
7.424302163417533240e-01
7.422731116593787037e-01
7.404626529644785515e-01
7.407955275544204632e-01
7.405883533749884062e-01
7.441769579818309222e-01
7.427130540226549726e-01
7.441884878727543784e-01
7.455581563880548934e-01
7.444679255296533515e-01
7.479823108955989674e-01
7.444587003827517480e-01
7.446164572256346315e-01
7.471067963929702849e-01
7.477824137865978216e-01
7.477028354608531435e-01
7.479556141141104897e-01
7.471007822832848033e-01
7.478644831575594898e-01
7.476506723536762156e-01
7.498194761322420909e-01
7.508189837670621314e-01
7.506311691896861982e-01
7.510807133897420274e-01
7.501554195702365702e-01
7.509871682310018670e-01
7.537804288966688526e-01
7.536792476718539024e-01
7.513657563383857596e-01
7.510699104141796978e-01
7.515868032040358138e-01
7.553393265153564018e-01
7.542038716431869183e-01
7.537645345207744096e-01
7.520737941140651639e-01
7.525409628073801427e-01
7.544446150920216532e-01
7.558758436234507272e-01
7.507915014717355673e-01
7.548890579693975367e-01
7.526134648956452899e-01
7.556318295738899682e-01
7.544506585851715741e-01
7.534222339247945710e-01
7.520111020279878211e-01
7.563257335826080174e-01
7.546388552574513353e-01
7.548198082072956616e-01
7.558664531884101700e-01
7.534657553100475580e-01
7.508819350409532412e-01
7.517958500960327806e-01
7.509611289148727664e-01
7.518233778753036223e-01
7.517018489240596679e-01
7.511928558479511464e-01
7.536010300908908555e-01
7.539044448322791414e-01
7.529828533796347756e-01
7.536371425776156041e-01
7.515080943925517287e-01
7.480194003003111103e-01
7.526930620747033229e-01
7.508921396038574780e-01
7.520021812986893428e-01
7.529180947319452644e-01
7.528594578962247708e-01
7.528991979116705924e-01
7.550293969285063467e-01
7.534822516159859207e-01
7.538352887265757918e-01
7.543794012799123205e-01
7.587334138504187031e-01
7.560731927416867171e-01
7.557821536982816113e-01
7.563414353965507431e-01
7.586515113538959687e-01
7.568616574111801665e-01
7.590012660386070698e-01
7.588879685334467551e-01
7.615067302560213358e-01
7.603283903499469254e-01
7.583866466513592419e-01
7.591656464265688076e-01
7.641593177582333141e-01
7.622978263347807149e-01
7.601614377016598922e-01
7.620074953809372609e-01
7.648462381155286538e-01
7.652292126815906093e-01
7.625460159154039408e-01
7.659073599891589312e-01
7.633375339108313673e-01
7.644729009940487430e-01
7.677170567719399097e-01
7.684596404856983698e-01
7.673644980968006291e-01
7.684414674836593795e-01
7.689532807918203483e-01
7.684117737582588648e-01
7.689755124141266496e-01
7.698208398673774822e-01
7.691388708513751116e-01
7.722974492097348653e-01
7.724189175211456648e-01
7.720306504344397469e-01
7.708808083132350220e-01
7.718127887117838259e-01
7.733401045602721346e-01
7.752802409386417848e-01
7.767710064130411984e-01
7.788121862231752734e-01
7.764601838115059440e-01
7.787454016391422984e-01
7.792552039405480357e-01
7.791882150005955410e-01
7.823710399494185896e-01
7.801956776990468523e-01
7.829020937550787984e-01
7.804678638510429423e-01
7.835614712244595159e-01
7.834610286002502422e-01
7.854481759298379551e-01
7.867420062359190558e-01
7.892714327188531387e-01
7.864040876188985729e-01
7.908128261010382021e-01
7.907611420551586834e-01
7.895480247938831964e-01
7.896350050517711994e-01
7.913945297812280399e-01
7.931524939279164244e-01
7.918178644243101250e-01
7.924583722401593588e-01
7.921385611202752530e-01
7.938863440043678610e-01
7.926363252978064766e-01
7.953939914383822973e-01
7.947293535330267611e-01
7.975216693758733211e-01
7.969797681292768443e-01
7.974773513382023005e-01
7.993638982021820105e-01
7.990550101100044600e-01
7.956901141485419604e-01
8.000264707224342686e-01
8.015691385058639762e-01
8.023080664075874502e-01
8.031992069201185913e-01
8.045742636521542313e-01
8.060817353152077702e-01
8.080058375058054576e-01
8.064564124798144773e-01
8.108776985292568407e-01
8.094779252995160101e-01
8.132899039559159382e-01
8.111016794635307336e-01
8.141152864358237595e-01
8.143079005585313057e-01
8.119421895608159856e-01
8.144612608396747389e-01
8.183345127619762183e-01
8.163683167265404217e-01
8.158604786679267695e-01
8.199702831893717070e-01
8.190710313631071049e-01
8.184944115474874771e-01
8.183135674823516226e-01
8.212237438806919698e-01
8.218725570956406656e-01
8.218259427902924186e-01
8.212579027295816569e-01
8.210717258313393607e-01
8.265010587045239498e-01
8.233874001321763725e-01
8.235546749687926438e-01
8.282405372028321944e-01
8.285706662584305660e-01
8.269863224503046784e-01
8.301003806524425155e-01
8.304358299426455314e-01
8.292696096818978901e-01
8.274479637905723939e-01
8.281183524685762354e-01
8.297021123627547068e-01
8.336144749276431787e-01
8.336515737622713917e-01
8.334710556758352373e-01
8.336939867182008301e-01
8.328199395412855255e-01
8.367193107385344497e-01
8.350034320994896841e-01
8.382022653802601031e-01
8.377229974298812110e-01
8.410663043822241836e-01
8.380051269072837927e-01
8.395221882091002952e-01
8.398451461839138155e-01
8.403147534368594629e-01
8.405838012462492070e-01
8.435255350299594168e-01
8.430154207135115429e-01
8.436361236603237002e-01
8.440351504107748148e-01
8.420840815882552066e-01
8.445143449493215382e-01
8.448318302877856345e-01
8.459711687787894174e-01
8.489316849418686584e-01
8.493439222834741065e-01
8.484731872574554634e-01
8.513885723487319979e-01
8.521744743762004193e-01
8.509562580131299070e-01
8.503084641215776784e-01
8.549976087319131057e-01
8.534525786886025811e-01
8.573222821806422145e-01
8.539415875773400666e-01
8.555551623200274847e-01
8.531326079675486396e-01
8.579990299082891347e-01
8.525910733905511796e-01
8.548851336537586221e-01
8.572992070448263169e-01
8.604363356112045835e-01
8.585929035762118744e-01
8.589218753657639205e-01
8.580873214417794603e-01
8.595004653984535947e-01
8.593437612634527989e-01
8.614168905365187090e-01
8.650812209789126017e-01
8.652854374548399896e-01
8.654391870170529133e-01
8.630176610150194216e-01
8.665533504389050234e-01
8.651939764813908473e-01
8.659310881613704325e-01
8.684874634474208932e-01
8.690751131624167014e-01
8.699281553554768509e-01
8.670102122939083999e-01
8.728466829579627495e-01
8.692418001086066326e-01
8.704106007240798304e-01
8.725474276784227490e-01
8.720953601134467936e-01
8.714841191791914410e-01
8.731554127591518721e-01
8.750950194873851062e-01
8.766641815081532840e-01
8.754420154782082131e-01
8.770803711294338223e-01
8.785985509971144802e-01
8.767855912526463236e-01
8.773078786596484324e-01
8.759124165786570382e-01
8.781569100567716557e-01
8.842187476391381029e-01
8.802370769649053850e-01
8.805163810820374470e-01
8.777835438376041521e-01
8.819502220196403508e-01
8.794906569771588911e-01
8.781674140215897095e-01
8.833326791299925818e-01
8.788897986340260537e-01
8.819049782050766284e-01
8.830261628037916477e-01
8.784320845726385496e-01
8.818907810713602080e-01
8.819749321188299351e-01
8.825859020010117240e-01
8.867230712911553514e-01
8.852937638149378508e-01
8.840941126602680500e-01
8.889450067678970058e-01
8.888218780352830084e-01
8.910027251335856935e-01
8.885756789458105764e-01
8.893503723829470076e-01
8.900276292356017471e-01
8.926924822036766960e-01
8.926408275663875180e-01
8.918251667842179709e-01
8.914141390992137426e-01
8.927077134201001352e-01
8.934533075752308928e-01
8.932054402589406639e-01
8.974457965606783549e-01
8.953149244441183097e-01
8.968412965417629223e-01
8.964061233603572987e-01
8.950959377246193727e-01
8.951913849187612682e-01
8.958818173971481169e-01
8.956905530242657010e-01
9.010548197009924376e-01
9.001352779889100209e-01
8.991911388311920605e-01
8.993538187491939562e-01
9.013004113826101893e-01
9.031767094466582879e-01
9.011733464043333308e-01
9.017536167552787640e-01
9.012123623998622435e-01
9.039779490713314436e-01
9.014299213801056920e-01
9.067833350901737255e-01
9.056430800370025569e-01
9.031413956004241683e-01
9.030042384298447855e-01
9.075697203365697963e-01
9.021335986082517078e-01
9.091156476773333273e-01
9.073265861268866583e-01
9.095501719540699526e-01
9.086990217993685670e-01
9.105833154043670996e-01
9.125073036323301245e-01
9.097660687051537520e-01
9.093344707335780930e-01
9.129965134742635824e-01
9.105841399028948846e-01
9.122198733963687856e-01
9.126323591673485280e-01
9.120184587420762101e-01
9.136481869792261179e-01
9.157375042861012338e-01
9.150530486590865431e-01
9.146051906277904431e-01
9.158767545859444192e-01
9.158694080684167682e-01
9.183148769206889162e-01
9.179400137768835011e-01
9.185952344789598545e-01
9.198037276253470118e-01
9.214592533090821824e-01
9.191530684819290142e-01
9.214848855167722119e-01
9.232658956169553788e-01
9.220368953534323619e-01
9.227010060477028874e-01
9.213223633596498985e-01
9.233911761017651321e-01
9.216943302120543802e-01
9.212917789798296120e-01
9.252768006972392767e-01
9.261330231132335333e-01
9.256498861240479714e-01
9.277433027283684686e-01
9.294681119494950794e-01
9.274363412062445189e-01
9.254875796844285185e-01
9.294336905376932023e-01
9.296450627852811399e-01
9.321027490475667365e-01
9.318251459810648063e-01
9.322700160428678551e-01
9.293485808577566232e-01
9.339526320292785844e-01
9.335583572661008134e-01
9.336511031572780617e-01
9.347024930681314681e-01
9.340981661702102423e-01
9.359836692807578240e-01
9.381458585231463587e-01
9.367905420924126370e-01
9.395292450901385761e-01
9.366430594284649302e-01
9.369951296333982604e-01
9.408842535534051033e-01
9.403361308370467020e-01
9.392037706700724353e-01
9.440896689904196837e-01
9.421223105910491169e-01
9.465347588872848883e-01
9.458565377260363949e-01
9.468973200483183916e-01
9.458805460808623611e-01
9.451989443012003278e-01
9.459409809736271102e-01
9.487254432506091462e-01
9.509765117228516917e-01
9.513808517305938350e-01
9.552157943496795145e-01
9.526012298262762634e-01
9.552018805495500198e-01
9.527395364566049185e-01
9.550108647320751931e-01
9.538885756699573282e-01
9.522308424962636630e-01
9.538053330679471253e-01
9.533709594702174384e-01
9.566554820618853316e-01
9.561390514840701904e-01
9.565863708942420329e-01
9.572763542213826859e-01
9.606805052136765388e-01
9.591720475045142358e-01
9.588150831036740263e-01
9.600334883004454367e-01
9.598343946514273917e-01
9.583285039307937181e-01
9.607477579967189651e-01
9.614101266458724426e-01
9.613058632551694238e-01
9.610215540659008404e-01
9.615250937824422195e-01
9.618066460586277566e-01
9.645600303882108095e-01
9.678202707138460203e-01
9.699214925519583641e-01
9.691992366986745822e-01
9.698101760475695832e-01
9.700844651941249452e-01
9.684849406035475061e-01
9.746815183433703567e-01
9.751393270013521963e-01
9.728504756597733394e-01
9.740888129544810203e-01
9.716944962059993474e-01
9.756238196733175716e-01
9.688200370969436426e-01
9.749595921212511618e-01
9.709497371782319641e-01
9.699069143398717507e-01
9.720525579954202300e-01
9.686296780363781167e-01
9.704338836523164202e-01
9.731871854007706490e-01
9.771748265298643155e-01
9.706504460498532882e-01
9.718949219555669261e-01
9.732067735163751898e-01
9.734039600882247179e-01
9.721245092643456820e-01
9.756459539304763728e-01
9.768683900673328369e-01
9.758421716048718553e-01
9.748187030721500168e-01
9.739091734941847101e-01
9.797647484740279467e-01
9.806713505822030053e-01
9.772038168638819133e-01
9.766635159872429917e-01
9.767517994911895096e-01
9.829970522450171000e-01
9.817946456575985525e-01
9.785283855202312475e-01
9.803903271754369486e-01
9.861889843278891510e-01
9.874749119232485439e-01
9.933995140475030405e-01
9.909286734912948758e-01
9.979009386917845337e-01
9.928642858898236723e-01
9.973022725833681212e-01
9.974173696645777243e-01
1.000706864411558206e+00
1.000155165875366015e+00
9.955480068231447044e-01
1.000345256560947638e+00
1.001813465496502964e+00
1.007616713329881231e+00
1.001713859309386612e+00
1.000817128168914882e+00
1.002826819983941853e+00
1.002509542706003343e+00
1.005758005974746183e+00
1.005373397916406120e+00
1.005753353309974285e+00
1.004650984674983150e+00
1.006926041479161427e+00
1.005369460506152723e+00
1.006432642146932732e+00
1.006096962903960446e+00
1.006737276363415035e+00
1.003297600386556576e+00
1.000717867406553330e+00
1.002852622593232379e+00
1.004039066618694021e+00
1.007308683866555477e+00
1.011090321342612564e+00
1.007277350531613935e+00
1.013175978780703090e+00
1.009110676095760883e+00
1.011944805564774397e+00
1.015739610293790562e+00
1.018846528105066485e+00
1.019854308511802810e+00
1.023091113273994157e+00
1.024014782656693878e+00
1.026677026198009601e+00
1.021266459096504819e+00
1.029717564720664225e+00
1.030730624702627773e+00
1.027741129644871743e+00
1.032669040434601948e+00
1.032825365696125264e+00
1.033405443362092280e+00
1.034052699516013085e+00
1.032061611981947236e+00
1.036212783488965394e+00
1.035827666594939300e+00
1.035553736213838949e+00
1.037292506560568262e+00
1.042226084451619572e+00
1.037877328581272129e+00
1.036027927471803167e+00
1.037363924436294216e+00
1.040319532458071849e+00
1.035507090511658790e+00
1.037275405342311219e+00
1.033956485429629257e+00
1.037695528493374209e+00
1.038354358112248965e+00
1.039426811315452337e+00
1.043519028854192676e+00
1.047761380864641101e+00
1.049687826571489513e+00
1.051951936891385664e+00
1.051144417051570912e+00
1.054746695064293416e+00
1.055100875193426324e+00
1.056353866829866872e+00
1.056422299552995048e+00
1.058930034645662044e+00
1.061258633571101173e+00
1.055006704257167360e+00
1.063069552395236261e+00
1.062792691371831078e+00
1.062638098823133870e+00
1.063104118221215089e+00
1.067468248108833340e+00
1.065630396080538000e+00
1.066427590033909301e+00
1.063843367493739978e+00
1.062841236573004444e+00
1.065922388115441821e+00
1.062494048957075998e+00
1.063744519007432165e+00
1.069439259472517056e+00
1.062764173890789143e+00
1.068450718980690217e+00
1.065155726853646456e+00
1.068805352504355266e+00
1.069449056131484888e+00
1.069664694162064000e+00
1.064824487170706435e+00
1.065545780059891312e+00
1.066855123834079988e+00
1.064426313264641877e+00
1.068456541841866780e+00
1.068247073391369817e+00
1.067533855125135656e+00
1.071053914233217164e+00
1.068866826432646411e+00
1.073996497195640165e+00
1.072171930607227042e+00
1.074855152799865765e+00
1.073754601270859421e+00
1.065711762322803624e+00
1.061612448693973310e+00
1.059471544541756405e+00
1.060171807682170453e+00
1.056612363047370273e+00
1.057060530824475375e+00
1.071271772418095791e+00
1.074886599624924832e+00
1.078971253599254831e+00
1.081972347314435812e+00
1.091133890560803898e+00
1.095781473555127672e+00
1.099549702376090066e+00
1.092238784580443767e+00
1.096377527462267354e+00
1.099583786243401473e+00
1.095877224916629311e+00
1.097473878084279653e+00
1.101163440755875911e+00
1.100667847131847399e+00
1.100818411146583964e+00
1.105192161012140906e+00
1.106962908988072147e+00
1.111773897087655838e+00
1.109211869417940921e+00
1.108608976814917435e+00
1.106281523715990200e+00
1.111355883397058264e+00
1.107451931409060952e+00
1.106771405292170884e+00
1.109601246613689751e+00
1.111302123084004778e+00
1.113741526335248366e+00
1.110159688653268750e+00
1.110778821710192599e+00
1.115114762638540036e+00
1.116895882367932025e+00
1.114870303608241242e+00
1.120081631481062878e+00
1.118387516332234322e+00
1.118580340488711355e+00
1.119496303614094801e+00
1.124244265085475591e+00
1.125882423055315940e+00
1.124746649566372048e+00
1.120860795737093296e+00
1.122681056571629865e+00
1.127616163386133685e+00
1.135792477018203295e+00
1.130299885204014698e+00
1.128935458027791494e+00
1.127333501449417907e+00
1.133506217549429707e+00
1.135846267097313733e+00
1.135428880018480857e+00
1.132268043936794255e+00
1.130152800717680206e+00
1.128487164674274235e+00
1.135784174102353550e+00
1.129754121392674282e+00
1.136295991392308524e+00
1.132562487379006777e+00
1.130512983766199131e+00
1.135862455999654852e+00
1.135074897215995637e+00
1.140378728766588301e+00
1.136579160344120432e+00
1.138029896967355903e+00
1.143065955010074575e+00
1.142961583220881705e+00
1.141125069646231616e+00
1.141095331322181217e+00
1.143771135842637676e+00
1.139341417163261427e+00
1.144662329083231844e+00
1.143454605458960716e+00
1.141667397640856008e+00
1.147139266551816750e+00
1.143007619576810630e+00
1.141421671046973341e+00
1.148728105261331400e+00
1.142996791554824476e+00
1.147113041760673191e+00
1.152269893609981111e+00
1.155823884504431742e+00
1.149806070390192225e+00
1.160126816143414619e+00
1.156247710493062186e+00
1.156469992707444661e+00
1.150689638447980112e+00
1.151474434811413872e+00
1.154691914525384000e+00
1.155117809863853706e+00
1.150245725888024317e+00
1.153976652645635870e+00
1.147992937807426284e+00
1.149779037307229634e+00
1.151437266866019327e+00
1.148026449026152918e+00
1.152682383215501982e+00
1.160466891078799190e+00
1.156143127708474605e+00
1.159768079214865244e+00
1.156544301344283987e+00
1.160706231434410318e+00
1.155688849256443440e+00
1.156769001578310530e+00
1.160090183283791321e+00
1.160597291024055622e+00
1.157097827157813397e+00
1.162092069473566136e+00
1.162471460901249198e+00
1.166256978396325028e+00
1.169712960733980012e+00
1.168208166104464096e+00
1.176701092223494172e+00
1.177874142536654789e+00
1.184410309252939442e+00
1.176776850589572154e+00
1.181307882233301187e+00
1.178494270908944541e+00
1.180354370517206153e+00
1.178493190865615992e+00
1.173539054027636030e+00
1.178562263702396251e+00
1.171282186044515727e+00
1.177551627170660309e+00
1.173444273512226799e+00
1.177306195755257301e+00
1.182630059822886492e+00
1.187422011119514842e+00
1.189013881689250596e+00
1.191005656299497506e+00
1.196833478469762069e+00
1.198545977327310386e+00
1.201067738305702015e+00
1.201045620155275273e+00
1.206636495654874519e+00
1.202305790380240991e+00
1.204597030695176985e+00
1.205048703691408596e+00
1.206587866990695757e+00
1.207445638033633806e+00
1.209434041722630360e+00
1.212352921824137120e+00
1.212596243599322055e+00
1.223573814155072714e+00
1.220864359400190891e+00
1.223074648073547932e+00
1.220311434535170214e+00
1.221097507960897222e+00
1.225178204467593401e+00
1.226121435415514549e+00
1.221806946216996703e+00
1.228123116094854250e+00
1.231897472368115976e+00
1.229925677161707975e+00
1.224854481997835087e+00
1.232257275556612797e+00
1.227605299724369381e+00
1.226747189932559934e+00
1.230710634334736486e+00
1.232864977232287718e+00
1.235566645261830576e+00
1.233314848071461078e+00
1.239711163146598460e+00
1.236276033835022048e+00
1.241037609767386529e+00
1.244576282762978936e+00
1.237622705993804528e+00
1.243989591616934121e+00
1.233520858911147489e+00
1.238799698010396133e+00
1.236555385761799464e+00
1.235757520209350036e+00
1.238555198792960610e+00
1.248880994388935628e+00
1.235620372862612726e+00
1.245109845562793138e+00
1.250193747225540220e+00
1.245941909868264474e+00
1.240721314973229239e+00
1.253907729342476740e+00
1.248452958944166857e+00
1.245998530467344434e+00
1.249349811068721339e+00
1.256317995750065863e+00
1.254095749280047301e+00
1.248121586796820504e+00
1.252368603921630408e+00
1.248445543551504500e+00
1.262757818980551505e+00
1.251952483860440113e+00
1.262059702020060126e+00
1.258550802929432555e+00
1.258381810419182845e+00
1.253319257789166974e+00
1.261410181885540549e+00
1.249591338166142984e+00
1.252978910491904685e+00
1.250877425069159887e+00
1.256639058479675830e+00
1.252818827839524030e+00
1.248273974655939478e+00
1.249144735450363974e+00
1.240332871490791078e+00
1.251518877664451246e+00
1.250918929978811267e+00
1.256141605777038261e+00
1.260909924457603193e+00
1.259396702485662489e+00
1.277545178615187238e+00
1.258684019421812073e+00
1.258633477658473554e+00
1.263562430850127205e+00
1.263221050338309448e+00
1.266678826424084248e+00
1.261790403562353058e+00
1.260504904322289343e+00
1.265958614145754835e+00
1.251415024088767369e+00
1.259236195241980161e+00
1.248194292535862671e+00
1.253649214458812500e+00
1.239570316069101619e+00
1.236861191948596117e+00
1.234118380857624375e+00
1.232850972899124153e+00
1.223155545303415526e+00
1.219237979579234077e+00
1.209662197150595642e+00
1.201795354414090689e+00
1.197289663262062431e+00
1.185436520877142241e+00
1.172859851250571461e+00
1.168156266935620247e+00
1.143835031782332035e+00
1.133946590026354340e+00
1.112372864445338339e+00
1.103399199351237758e+00
1.078064632618806140e+00
1.055868846545123363e+00
1.017325710148887730e+00
9.998648408330904624e-01
9.632569147588628811e-01
9.221103508144080640e-01
8.841201070550925856e-01
8.396206631950594579e-01
7.881378435348365130e-01
7.301390718553301129e-01
6.836649476439115025e-01
6.463898390717554010e-01
6.080089394905640043e-01
5.945738335249256545e-01
5.855359864878898479e-01
5.881432014300613798e-01
6.104950932128065944e-01
6.409916075616934883e-01
6.774863221060252183e-01
7.294901473266252045e-01
7.860828424463450759e-01
8.412332915434360681e-01
8.929951176658178502e-01
9.342168604373403129e-01
9.675626357889857143e-01
1.002272975006405664e+00
1.040169419287266583e+00
1.074123134932609691e+00
1.089935111742676987e+00
1.123491881690550365e+00
1.152632179921934563e+00
1.162033061633612308e+00
1.180276746656126363e+00
1.202386353199013325e+00
1.222220531764571572e+00
1.228761776566481778e+00
1.244291000139930103e+00
1.253065539578402054e+00
1.263556659691634998e+00
1.269791082058275400e+00
1.266174884106287424e+00
1.276602714173198372e+00
1.281527705917029580e+00
1.290869988111122080e+00
1.303579308279252613e+00
1.305262006920792528e+00
1.299816988279951957e+00
1.313420065998635922e+00
1.325367884508176219e+00
1.311807075479366036e+00
1.317571299335541068e+00
1.339966699570614095e+00
1.324778494318253008e+00
1.327295460667051730e+00
1.331865232659489306e+00
1.335141495700649550e+00
1.345444088230588475e+00
1.348581086694879527e+00
1.344125612910153533e+00
1.332378409321282486e+00
1.342232578815436117e+00
1.346675868486864713e+00
1.347618375989534600e+00
1.350473312353354771e+00
1.356130766695453627e+00
1.354104032158651938e+00
1.354782128478086323e+00
1.355717913412521014e+00
1.355979769717563954e+00
1.361359794519454214e+00
1.363137478337411723e+00
1.363547286108906187e+00
1.370930657504063399e+00
1.360812450616663005e+00
1.371458999725368999e+00
1.372822563630109016e+00
1.369681748939059807e+00
1.369855870217187244e+00
1.360448465695121234e+00
1.372775727758796638e+00
1.375178482090292365e+00
1.369101625356657026e+00
1.370398199518753080e+00
1.369414330248510003e+00
1.373062848891366761e+00
1.380212865527538524e+00
1.383794367776818302e+00
1.392509471696744550e+00
1.380322462550062079e+00
1.378664871755528099e+00
1.368188441077720308e+00
1.382422507051597638e+00
1.381741968025295586e+00
1.394731076293964200e+00
1.398582078521364291e+00
1.389575105007756939e+00
1.387373735560749166e+00
1.391096337412854211e+00
1.403211995424156422e+00
1.403284133611805817e+00
1.397236678292151479e+00
1.422156265786273632e+00
1.417294238833941566e+00
1.413164410317159669e+00
1.425626679328250601e+00
1.409872873754351552e+00
1.433781768256451095e+00
1.418752876242389327e+00
1.417019596344938348e+00
1.433432480923337637e+00
1.413618571071693308e+00
1.432586518616212112e+00
1.429575374702012569e+00
1.445879254117669932e+00
1.426157792976644911e+00
1.429119487595526206e+00
1.432156017749528942e+00
1.430993712544950558e+00
1.439075368894812579e+00
1.442443200063024733e+00
1.449686877821919850e+00
1.450617299111384817e+00
1.448742860481205152e+00
1.439759432111387794e+00
1.443393380693626549e+00
1.452236183389703950e+00
1.439144806142550026e+00
1.438433997638446815e+00
1.464509174665838964e+00
1.457918228730874732e+00
1.450984973274562995e+00
1.462062737406664814e+00
1.461254296063731362e+00
1.471139225792768013e+00
1.454045299146290215e+00
1.459427269805449567e+00
1.460816927178744562e+00
1.460461410207216426e+00
1.472309804546210188e+00
1.477654905025166610e+00
1.462443898740422021e+00
1.486351354074298303e+00
1.456354642542985856e+00
1.488191612552616006e+00
1.479019595360550499e+00
1.467582457352159642e+00
1.479677077882290748e+00
1.475850437736066390e+00
1.483222490815748751e+00
1.485738527521926811e+00
1.497187004647593023e+00
1.494609124704046721e+00
1.479614087795862565e+00
1.489615595484330646e+00
1.506390289409575534e+00
1.498101568191393840e+00
1.486774013502316638e+00
1.503257152832904620e+00
1.500810300911849859e+00
1.509209833427817893e+00
1.507623582574668886e+00
1.508879264385112995e+00
1.502595611744269366e+00
1.523586056629367969e+00
1.510412380419178024e+00
1.505847446731668482e+00
1.509030700685728865e+00
1.524312089617359423e+00
1.505292076304608706e+00
1.513620487411927451e+00
1.499429720066912664e+00
1.504454292700148965e+00
1.507805304469852725e+00
1.518313907899820459e+00
1.520633623962703629e+00
1.509252247542405945e+00
1.520317724919540536e+00
1.523457170570194474e+00
1.507114600512836633e+00
1.529711689855182799e+00
1.531599482053257688e+00
1.526911647143988526e+00
1.514377307492054792e+00
1.530301824845391678e+00
1.535215276205217805e+00
1.528748988374660778e+00
1.534192978601618851e+00
1.518392503153028317e+00
1.517135764659431008e+00
1.538673696650037837e+00
1.542345549879486466e+00
1.518443867382851309e+00
1.538059143103156945e+00
1.534674506155490059e+00
1.514795244566950583e+00
1.550569206873186223e+00
1.537295449300003281e+00
1.533594311127384202e+00
1.550409500423105102e+00
1.542636891654226572e+00
1.560114071518830414e+00
1.545228712400024351e+00
1.523637085467676400e+00
1.553902179870185751e+00
1.522899817419871127e+00
1.520905253485498321e+00
1.556694718607775529e+00
1.520630042592625797e+00
1.568126213763026300e+00
