8.669666484407898555e-01
8.636664426853560839e-01
8.714686015491008853e-01
8.815718291425677089e-01
8.730173280899604649e-01
8.784587990081866860e-01
8.723322010397602799e-01
8.733355256761955454e-01
8.801179552735922673e-01
8.686383004370989980e-01
8.725969291294507491e-01
8.678517756648814752e-01
8.765089547958125893e-01
8.824886345667024568e-01
8.742501792086072587e-01
8.712434001125928251e-01
8.727173237608799594e-01
8.771399701090143441e-01
8.772240783524323238e-01
8.773640970503936432e-01
8.742912588243427763e-01
8.780068428997663821e-01
8.842816462279435852e-01
8.794119354721657844e-01
8.730971478951013998e-01
8.838745379274071112e-01
8.703450441367462931e-01
8.730509427734396422e-01
8.824380203100645748e-01
8.771640685220903899e-01
8.741871231112210427e-01
8.780132084813944138e-01
8.875097350425639187e-01
8.805321681435138714e-01
8.924378729336062133e-01
8.892949250085941948e-01
9.056469031021984195e-01
9.023403221564278986e-01
9.043813888704624881e-01
9.002244923334802307e-01
9.127984448384901528e-01
9.069004107000901982e-01
8.993118102989128282e-01
9.123320346738432729e-01
9.106364355152622991e-01
9.092845001471860922e-01
9.056742809233100377e-01
9.085335093872187739e-01
9.125653614864640550e-01
9.007058495059883096e-01
9.009340796464682111e-01
9.001859617718143136e-01
8.926571546227983767e-01
8.907203849437715926e-01
8.887563422355854170e-01
8.848722473292595092e-01
8.805966417878006158e-01
8.770930631770307295e-01
8.782285330302828097e-01
8.803219686605827654e-01
8.831813165349746697e-01
8.769256353898803313e-01
8.840470433306647502e-01
8.812533407814613362e-01
8.774867974116558056e-01
8.735023345884693757e-01
8.732098309533228297e-01
8.683989322679732670e-01
8.721784113626316337e-01
8.655690999358225390e-01
8.747260878381959426e-01
8.672340172814194670e-01
8.624634506516911658e-01
8.660080900107040014e-01
8.749468053823999947e-01
8.748780526445883998e-01
8.740213694115636089e-01
8.730724445625898111e-01
8.837728303147974751e-01
8.876232233939903571e-01
8.861091536892484744e-01
8.836007278343349647e-01
8.791274470264859309e-01
8.888002738317346552e-01
8.823519965117918584e-01
8.754087556120712099e-01
8.809681476737889483e-01
8.830560073706427149e-01
8.868353892948688255e-01
8.766045088297610421e-01
8.805433792884719280e-01
8.831752587092253082e-01
8.767112756105528426e-01
8.834937545637761014e-01
8.655213196663040787e-01
8.679165175612767458e-01
8.625726318968108819e-01
8.512987103611291406e-01
8.527326374432236955e-01
8.519908780600720100e-01
8.418937201077075771e-01
8.360278013259568874e-01
8.317955956572175014e-01
8.279562157390086830e-01
8.158531181786788933e-01
8.055607844746223156e-01
8.125302644766069227e-01
7.954886806256578069e-01
7.866115021009386643e-01
7.897011718941649994e-01
7.891053896085805652e-01
7.763761532791322306e-01
7.718516010092643098e-01
7.742834534224143361e-01
7.656632107972062284e-01
7.598362127484824535e-01
7.728214273116502664e-01
7.830629584285577760e-01
7.921054845141555223e-01
7.982826566762729614e-01
8.054887926733732550e-01
8.112251741756650869e-01
7.974701742167563667e-01
8.073930140840477332e-01
7.872843803313108735e-01
7.700668377118925489e-01
7.457978097656912109e-01
7.218353027592269155e-01
6.891771083712115997e-01
6.504615712793969662e-01
6.190570927596623640e-01
6.132924702872226685e-01
6.239957571922161161e-01
6.357127495636255565e-01
6.550392546869738819e-01
6.880084320936510345e-01
7.322430310088170469e-01
7.763317113103885836e-01
8.200867930844218945e-01
8.580394195399301260e-01
8.923152891141460374e-01
9.267340220006435869e-01
9.488447204594292472e-01
9.516180475186117871e-01
9.479539229680539192e-01
9.472929466804814735e-01
9.475766865216197488e-01
9.546834707996806335e-01
9.507368671344450517e-01
9.549888239336082885e-01
9.551648820761142744e-01
9.517322612594072417e-01
9.514970404868697829e-01
9.519694634689881418e-01
9.547760178460575897e-01
9.501751040037408336e-01
9.465593796614297784e-01
9.492676059390418031e-01
9.519703557219328927e-01
9.501722903915003071e-01
9.581055242513208947e-01
9.547157982839791224e-01
9.574202679032932650e-01
9.541055304569807660e-01
9.570396459646119958e-01
9.567399040514568131e-01
9.514703611755449542e-01
9.610159076209757734e-01
9.621705404908502679e-01
9.646163911037097805e-01
9.520289831288599736e-01
9.560817607183962341e-01
9.625748345869296063e-01
9.550374461091781786e-01
9.560962737110292320e-01
9.537100923450108070e-01
9.628198660280554710e-01
9.587244843039035569e-01
9.610588610278427701e-01
9.587944055276205191e-01
9.608182974709613688e-01
9.649565310413711350e-01
9.613533232926300132e-01
9.621921653474669878e-01
9.636333883269718736e-01
9.688846259384024107e-01
9.694175656051903234e-01
9.671407024666343055e-01
9.651053656333177244e-01
9.613339903434674483e-01
9.601916663601508528e-01
9.672221591246672467e-01
9.685293275008152181e-01
9.594256158586741412e-01
9.680350728054444298e-01
9.700231681252982074e-01
9.631908806124968025e-01
9.652192930928926717e-01
9.643048858495488762e-01
9.687829018840651285e-01
9.701780359025838907e-01
9.719946699742099128e-01
9.686500589161753938e-01
9.704086908384713661e-01
9.744907845990827822e-01
9.695960545005568587e-01
9.702096875317093305e-01
9.781978685789152195e-01
9.709712272366972652e-01
9.663833405076047711e-01
9.700321681751500336e-01
9.681683026621155097e-01
9.715955300331401423e-01
9.718487273977702845e-01
9.737615343121770461e-01
9.731366469703782718e-01
9.754962988295274862e-01
9.713330828767690051e-01
9.750315411393531972e-01
9.775360876244757469e-01
9.730527141944185221e-01
9.762003229042509611e-01
9.759491275407654598e-01
9.737020595185471583e-01
9.756886136533851062e-01
9.789061990882123032e-01
9.786571528810547038e-01
9.790159901269147591e-01
9.786894598738611339e-01
9.778510709983807558e-01
9.728179823304510254e-01
9.757726884054412908e-01
9.721878396074954409e-01
9.778123335103628966e-01
9.812221012077652071e-01
9.816452290112621659e-01
9.787981353717744026e-01
9.808116724173624457e-01
9.799017473548997659e-01
9.820605605217099798e-01
9.834725411736847667e-01
9.790155634317192490e-01
9.805107653417491909e-01
9.830120459339861672e-01
9.827262837589071376e-01
9.813881290052003381e-01
9.797251836685776372e-01
9.774795948258958589e-01
9.818400701778452477e-01
9.809475071030836490e-01
9.905971158988619019e-01
9.855146025151940714e-01
9.851364672293857483e-01
9.871722491575648517e-01
9.889202936555527845e-01
9.952363511721269429e-01
9.907696080642551806e-01
9.966207250590231048e-01
9.887277592559292616e-01
9.871264701772095584e-01
9.875495347044143113e-01
9.879544621594187337e-01
9.882113976370268116e-01
9.875854201118293707e-01
9.889470477986529451e-01
9.885962432631655306e-01
9.907797799816168149e-01
9.906202987212529010e-01
9.906169685517978163e-01
9.925403306360637279e-01
9.983215993908746144e-01
9.941242520307463915e-01
9.905430433455801875e-01
9.945829088867029766e-01
9.944523776800763271e-01
9.953707532541699043e-01
9.938471696596097305e-01
9.946577694733910180e-01
9.920256106109164307e-01
9.985701565765797705e-01
9.912821018935632500e-01
9.952735759759995249e-01
9.949596372536483324e-01
9.916695381193770809e-01
9.983255419267152986e-01
9.963324999294566053e-01
9.995344172514167846e-01
9.945142762286801608e-01
9.994035406041460456e-01
1.002931355209271125e+00
9.954796831347509922e-01
9.983514249128171425e-01
9.944702799584119735e-01
1.002708399190668453e+00
1.004726035960040065e+00
9.966524298552054129e-01
9.967621254956727794e-01
1.003197827896556538e+00
1.001424581294267258e+00
1.001984446783887206e+00
1.009547231627160757e+00
1.000444281150810966e+00
9.989028968360050831e-01
1.001262298704945541e+00
1.000783008143567798e+00
9.984151252246775687e-01
9.991364786641586671e-01
1.007597723182440230e+00
1.005326127125110380e+00
9.981978541428827567e-01
1.008691520681104015e+00
1.006637069688105957e+00
1.002441837974447747e+00
1.002030837837258659e+00
1.001394663887841929e+00
9.987775646418621811e-01
1.007935380450877938e+00
1.000483956352390624e+00
1.001557511730684968e+00
1.001162529444391769e+00
1.007469730857466494e+00
1.000390711143428479e+00
1.004500433716748686e+00
1.007913803845581047e+00
1.007902342749752878e+00
1.008388723157074951e+00
1.008684057572406090e+00
1.004475744153438432e+00
1.006102800021106525e+00
9.999832573344642483e-01
1.006253952584172717e+00
1.009586119669813931e+00
1.006776554264924073e+00
1.004174824093153617e+00
9.997071579782825790e-01
1.004087098132659506e+00
1.009789245678493375e+00
1.003992447779496811e+00
1.002313099195079937e+00
1.010805907524093161e+00
1.002736854990253335e+00
1.006914775273143769e+00
1.002827894560101907e+00
1.006013286799537276e+00
1.006076945801287703e+00
1.006347463214154025e+00
1.009045498551768949e+00
1.003018698392339925e+00
1.000430505481487264e+00
1.005931599147267708e+00
9.994641218380942993e-01
1.002040692410174128e+00
1.003053176431045301e+00
1.003794062482936456e+00
9.954076975629404522e-01
9.987424662650158380e-01
9.976377196250595381e-01
9.927122182417579266e-01
9.898623669359389865e-01
9.921550488677574053e-01
9.934522024761414105e-01
9.878638484420734223e-01
9.916796925750651637e-01
9.894170206736845330e-01
9.906662056865918053e-01
9.821187202555841100e-01
9.828084992657794006e-01
9.756305265842460939e-01
9.793964233639242956e-01
9.778063719190100977e-01
9.736787570157351412e-01
9.702486736145954360e-01
9.652074540530730662e-01
9.618167837518600827e-01
9.564774127449230390e-01
9.509553275674565986e-01
9.495099354936576974e-01
9.432139893945797882e-01
9.300232143608442303e-01
9.263905112537246245e-01
9.195235995596717782e-01
9.096599235777330650e-01
8.945495262163642991e-01
8.873028509569771405e-01
8.791703639474035548e-01
8.607621930990642101e-01
8.493383617152541198e-01
8.328317543457900429e-01
8.153794636284856789e-01
7.963461878213299316e-01
7.688134615007491401e-01
7.457597508986085755e-01
7.174658440144732197e-01
6.802099900438957070e-01
6.571317346448238839e-01
6.301010744664417018e-01
6.029808542304154750e-01
5.839341193638746264e-01
5.765410936735898551e-01
5.748451744512941275e-01
5.896490964528886547e-01
6.095145424098669107e-01
6.305589158359894419e-01
6.541713817745425930e-01
6.981291279832091412e-01
7.228683914534693722e-01
7.525859801981744646e-01
7.773494825437411437e-01
7.912869181873383173e-01
8.139003056802672775e-01
8.285709590963897808e-01
8.482026694916908749e-01
8.650971079556661891e-01
8.709234523953398588e-01
8.846005574102194791e-01
8.945394310233191204e-01
9.104152088027515077e-01
9.186024347991478267e-01
9.255971312368593829e-01
9.324199103535338873e-01
9.398091516310550508e-01
9.429249676548475678e-01
9.492950229341707846e-01
9.567919980812423786e-01
9.676207030237790052e-01
9.665604620091368115e-01
9.657755882230143474e-01
9.723594121184242489e-01
9.732347111831063380e-01
9.798514257478054823e-01
9.761431059405526467e-01
9.786004742248711752e-01
9.773163881902319217e-01
9.696951576750563184e-01
9.735021779238218764e-01
9.722325145203841723e-01
9.734133303022998174e-01
9.735603292064300973e-01
9.722348019783457751e-01
9.782790529250494638e-01
9.788211183919489633e-01
9.828225380579429515e-01
9.879613106920643872e-01
9.990854721722958187e-01
9.961951798706479844e-01
9.971187821304261512e-01
1.002282066350118628e+00
1.002496048849388588e+00
1.004734166602510248e+00
1.001726071122272632e+00
1.000631514156593349e+00
1.003677791662190844e+00
1.000061553473230669e+00
9.992650222843335595e-01
9.924307775562500877e-01
9.977415548110383225e-01
9.948564576577443308e-01
9.923973605507776519e-01
9.880227486228252420e-01
9.923431934338807769e-01
9.917960475950992061e-01
9.947892898648240667e-01
9.912953477616394116e-01
9.939559140887389566e-01
9.955006314529462053e-01
9.948291086329360544e-01
9.951529902521726312e-01
9.842962364628791150e-01
9.889800825026522357e-01
9.847366583003643870e-01
9.897723776027832487e-01
9.911007295822880092e-01
9.929558333109067547e-01
9.881272671831825560e-01
9.954636080607061066e-01
9.980017770106476283e-01
9.933783046552282503e-01
9.970247090791080069e-01
1.002579158901182321e+00
1.004995866829213158e+00
1.003511554825610830e+00
1.009327186651885810e+00
1.007909215980603790e+00
1.008072844605378826e+00
1.001332332676656112e+00
1.006263121924250159e+00
1.007519970464593406e+00
9.981412246374656849e-01
1.003331203161844654e+00
9.991675190556346120e-01
1.007326291564414777e+00
1.000474236656159865e+00
1.003828373566437726e+00
1.007749874634625176e+00
1.009714786622729621e+00
1.014439986707125430e+00
1.013349784970353662e+00
1.010704172208761298e+00
1.010617807657997691e+00
1.015405884369321665e+00
1.013791940721677109e+00
1.017113658039977997e+00
1.013945487845006710e+00
1.013010007700124282e+00
1.014655714796368624e+00
1.008688004734345167e+00
1.017049460189885401e+00
1.013809362234880274e+00
1.013276792786412805e+00
1.012878714228272248e+00
1.012542828395632810e+00
1.008981554923094714e+00
1.016332733028410873e+00
1.017874081559266619e+00
1.009001907030485423e+00
1.012100077637049012e+00
1.014229319162663900e+00
1.012258465213234926e+00
1.012537171746818121e+00
1.013783213681046069e+00
1.011095240811784368e+00
1.008250864562850291e+00
1.018280543892778889e+00
1.009445407693672969e+00
1.009360210735321228e+00
1.011477988373566506e+00
1.011785358299363891e+00
1.006409058678832125e+00
1.012155459531846713e+00
1.005915270670842965e+00
1.016507576817111458e+00
1.018215907942511933e+00
1.012587708406916587e+00
1.013990324116623265e+00
1.007583483257464385e+00
1.011211720918322454e+00
1.007796281109419656e+00
1.011513264363448794e+00
1.010266142678531764e+00
1.011307558418458319e+00
1.006143887869747511e+00
1.007973249594513288e+00
1.011796028304227102e+00
1.009593297515373189e+00
1.010902836292720153e+00
1.009255454604151003e+00
1.006891614545772029e+00
1.009632763539763944e+00
1.010044934534105820e+00
1.010294957886316070e+00
1.013756937570877259e+00
1.005777566407914492e+00
1.012436846043704985e+00
1.011739898639819168e+00
1.011765577195708143e+00
1.002271385837563589e+00
1.005808431986347395e+00
1.002261379590837276e+00
1.000281507712737605e+00
9.996980902609600150e-01
9.979687792936691171e-01
9.976649126629028030e-01
9.997084183010515046e-01
1.002594830693106953e+00
1.001455865120050470e+00
1.001620625998756342e+00
1.004524177250279315e+00
1.008533412494587944e+00
1.002401091693191137e+00
1.003904951054751971e+00
1.006122515783451243e+00
1.001402532716399119e+00
1.007896913521665327e+00
1.003321689087429691e+00
9.988940526610374793e-01
1.000219334258208859e+00
9.955003572520479960e-01
9.972885061916186844e-01
9.901554593393092629e-01
9.901170968739686495e-01
9.861155541703241489e-01
9.894749256548098781e-01
9.896842202460893745e-01
9.911430303927767360e-01
9.924819948785986723e-01
9.947279992946973515e-01
9.957669343996862210e-01
9.959555745417376649e-01
9.967915782138435654e-01
9.946788042399985486e-01
9.963673461226211225e-01
9.982759857238734380e-01
9.956964501588846383e-01
9.959357694612518408e-01
9.927315504167679716e-01
9.933185622509611568e-01
9.957205005139848630e-01
9.911552332604276483e-01
9.914759416597913599e-01
9.911757694623792858e-01
9.989450087411954060e-01
9.900359536418835704e-01
9.883824367451748971e-01
9.856513518593446044e-01
9.926215156863028577e-01
9.859082379940826701e-01
9.857755226544230309e-01
9.828200620006504185e-01
9.861285068345859717e-01
9.831917470368328749e-01
9.834626909362834679e-01
9.845154112178737815e-01
9.796350856994789913e-01
9.808642111362558813e-01
9.818962781072673174e-01
9.801576583681981258e-01
9.749661048956568266e-01
9.773241006753807802e-01
9.728432716337583885e-01
9.748600323379766897e-01
9.656132774554451181e-01
9.699335767169549039e-01
9.661607866935207900e-01
9.643442143501936847e-01
9.670193174682136794e-01
9.675847968222071049e-01
9.723157777678178570e-01
9.658587005102623468e-01
9.704059379057642376e-01
9.693821424660185038e-01
9.736567288519509811e-01
9.691503399188281520e-01
9.619037603897947486e-01
9.524871501791096762e-01
9.489050072922539103e-01
9.408168166224222251e-01
9.384007946070447304e-01
9.312188971765312795e-01
9.364561736563991046e-01
9.441791939962743685e-01
9.494074212549727942e-01
9.571327086910571547e-01
9.701321785520088392e-01
9.778989398942105060e-01
9.879558897137126205e-01
9.933477401861532385e-01
9.973905008385053339e-01
9.987170091522052928e-01
9.957580281411961831e-01
9.980716841564623021e-01
9.935993147549971871e-01
9.967420259921527803e-01
9.964598148166874392e-01
1.000338701191130220e+00
9.949352255065792017e-01
9.964485290434715870e-01
9.978197781455439008e-01
9.993344270156815368e-01
1.001333081773605027e+00
9.968504211439914720e-01
9.990683716384752833e-01
9.941007565471402518e-01
9.952026678877013977e-01
9.989808989331024902e-01
9.946630226921968632e-01
9.949289293056059469e-01
9.976538219627431037e-01
9.956163571324447847e-01
9.986983788932817241e-01
9.960116343408139672e-01
1.001652430934350191e+00
1.000224447231792491e+00
9.976353999003763073e-01
1.002802820732713096e+00
1.003606185567347930e+00
1.001343402224202928e+00
9.988523861175397922e-01
1.001927989783878870e+00
1.001773564137873329e+00
1.006505114247497445e+00
1.002696127350537703e+00
1.006317870171494544e+00
1.004200070181263893e+00
1.004298860839094365e+00
1.006122056661966635e+00
1.006802753367483483e+00
1.005100271358174036e+00
1.003807568155281382e+00
1.004290824063788001e+00
1.009834209945758232e+00
1.008422593082013874e+00
1.007663060657964182e+00
1.008302906249953113e+00
1.009205353429533325e+00
1.006042048360005881e+00
1.009157462685425610e+00
1.004661502743692481e+00
1.003741254263387672e+00
1.011140217042231448e+00
1.007239488537660543e+00
1.011381472518029900e+00
1.004324254291044882e+00
1.006889811615552910e+00
1.008500728052454498e+00
1.008416393975232417e+00
1.013632684031625208e+00
1.011888781902610779e+00
1.009023586033887199e+00
1.006107004600054644e+00
1.010096980204743033e+00
1.012053770705094058e+00
1.012023835229277635e+00
1.011076420327473135e+00
1.006781815961346638e+00
1.013179927929626523e+00
1.009597576944781361e+00
1.008582700524261577e+00
1.011431560341919944e+00
1.009854410286718851e+00
1.010764350733087458e+00
1.010948143407582878e+00
1.010093198477632681e+00
1.011491066443051645e+00
1.007727820115355222e+00
1.011669959019716236e+00
1.006906564126349712e+00
1.005380320669152283e+00
1.010251548136673838e+00
1.009158412061413879e+00
1.011304622230559280e+00
1.010986225727101617e+00
1.009968319587781105e+00
1.009554593247981913e+00
1.008670948998143135e+00
1.007201652793658253e+00
1.001356079606888549e+00
1.000781595486742725e+00
9.951362347809180608e-01
9.959914186488386667e-01
9.957651065035514337e-01
9.970234537014337484e-01
9.981317481392958380e-01
1.000693626722354290e+00
1.002356303106608726e+00
1.001670562070920534e+00
1.005662226640197332e+00
1.009571666158693537e+00
1.005742953926325400e+00
1.004762659882494358e+00
1.008004103738674884e+00
1.007275103937307348e+00
1.005160395586822908e+00
1.007536567905292335e+00
1.008497958040018405e+00
1.007054753319822193e+00
1.010960003729880929e+00
1.006329853100922600e+00
1.009144435372501203e+00
1.006059598708924696e+00
1.009544389214640070e+00
1.006581162346281921e+00
1.011435556949146219e+00
1.006285082455544488e+00
1.007297991708670404e+00
1.007167012400117523e+00
1.003227916682143173e+00
1.005253372691753189e+00
1.003894755153253771e+00
1.007319416769804743e+00
1.011202432016803154e+00
1.011298766632164225e+00
1.007126595240942057e+00
1.007701978408734877e+00
1.008009466778355012e+00
1.007030432972295442e+00
1.004771000204269349e+00
1.008240184948567819e+00
1.012653175665451544e+00
1.014297562489732574e+00
1.008037663445586984e+00
1.007491943851423155e+00
1.009995181035979295e+00
1.007185821889374333e+00
1.011178242322069876e+00
1.006156870729325803e+00
1.007090008537814718e+00
1.005195865668739863e+00
1.006979107128167072e+00
1.008526078021974248e+00
1.008037098168283574e+00
1.008809200454011457e+00
1.009692000329593276e+00
1.006348740303183664e+00
1.008481031961903751e+00
1.008559616452789465e+00
1.004052172423692602e+00
1.006247297481872138e+00
1.005745476125154969e+00
1.004853055118232641e+00
1.010666801913362445e+00
1.004618006192879776e+00
1.005015192788820011e+00
1.007831339586993336e+00
1.004135904277743352e+00
1.001238364156860960e+00
1.007066188332782497e+00
1.007242915130766692e+00
1.008586755822368897e+00
1.006593061113812748e+00
1.006040552967703672e+00
1.004685622917961041e+00
1.010391761737350125e+00
1.004647775095383277e+00
1.002107619653379578e+00
1.003702568840155074e+00
1.004951978606406504e+00
1.003574323117619072e+00
1.003036980577870274e+00
1.003157798872190698e+00
1.002640872134013428e+00
1.003371473834071992e+00
1.005752267932913613e+00
1.004938016909144194e+00
1.009773951614846288e+00
1.000479696464547485e+00
9.988824737145192145e-01
1.005012479162566086e+00
1.002018153033798598e+00
1.005674007674490777e+00
1.001870756554667841e+00
1.000810160538398108e+00
1.001882292475279712e+00
1.004069640950838282e+00
1.001479251945011084e+00
1.001001775399714910e+00
9.983630684147466461e-01
1.005303276320573591e+00
1.003399929134041635e+00
1.003354436339939371e+00
1.005009802856237311e+00
1.005136070867075571e+00
1.006787714083190011e+00
1.002058736493645519e+00
1.004520213310878596e+00
1.001134735610225590e+00
1.001838696840501530e+00
1.003031767883220571e+00
1.004845768190345989e+00
1.002003764814729525e+00
1.002509687172107533e+00
1.001965522212917348e+00
1.002468127682843990e+00
1.003543104546644082e+00
1.002287172670131454e+00
1.000026445013982634e+00
1.001545902786049602e+00
1.004944929871575354e+00
9.998041390782896887e-01
9.997244859007213824e-01
1.002510140938849714e+00
1.001746100976289577e+00
1.002550471101773644e+00
1.000296268633027230e+00
9.992308544043972951e-01
1.003597141847668350e+00
1.000340536162775296e+00
1.001498351296295164e+00
1.005054868073421037e+00
1.000527038875557828e+00
1.002167925077346977e+00
1.001603979827773827e+00
1.004172297082702281e+00
1.003376902677143745e+00
1.002998721749251088e+00
9.960136199442086724e-01
1.005055928032831725e+00
1.001650277539161138e+00
9.998452195586527980e-01
9.987938412936108179e-01
1.001275206628549741e+00
1.001100829135248116e+00
9.986093754461757843e-01
1.002326475015112184e+00
9.994507127162078897e-01
1.001400810205172132e+00
1.001756131451809528e+00
1.000521123775374832e+00
9.989262713600911558e-01
9.976054500382329771e-01
9.997951415301674638e-01
9.967095505586716087e-01
1.001152943046144550e+00
9.957853557209253026e-01
9.974463821788051021e-01
9.967261996176139949e-01
1.001093447624977761e+00
9.982322350918110265e-01
1.000239073774661591e+00
1.002677437781836600e+00
9.993199837256302454e-01
9.998131677659179983e-01
1.002387233127992383e+00
1.001127880965535732e+00
1.001036043039075452e+00
9.994326866079989991e-01
9.950830960792323987e-01
9.977518894706329800e-01
9.949412814488792778e-01
9.977598798586947426e-01
9.968390167541955060e-01
9.916284809257122079e-01
9.916554846779142007e-01
9.910442995439076030e-01
9.835699403946489561e-01
9.831777521985949342e-01
9.853668054354892680e-01
9.874352785471760541e-01
9.895199350979883013e-01
9.950922585801844633e-01
9.969409874621060208e-01
9.988632327415827294e-01
1.001223211188233320e+00
1.001707865272817743e+00
1.006456732901980455e+00
1.005862721919438041e+00
1.003293109987124510e+00
1.005914410198950337e+00
1.002316889325267857e+00
1.002030741052824414e+00
1.001235500348448770e+00
9.969246657652423016e-01
9.956192452225149925e-01
9.933547458998175372e-01
9.935903826185973342e-01
9.950324752015933250e-01
9.919830525047869108e-01
9.933191932697080784e-01
9.929739652709311803e-01
9.980770727325769531e-01
9.986077257731615919e-01
9.944822444382214188e-01
9.998044445512899170e-01
1.004853369565807508e+00
1.001734526487831012e+00
1.002923861015359464e+00
9.997835214062698039e-01
1.002514168773489978e+00
1.001346420439068741e+00
9.951523861302902230e-01
9.936944433292741463e-01
9.911288232715577129e-01
9.916127869511909276e-01
9.883515699868450355e-01
9.856246274001773111e-01
9.839136506870518328e-01
9.758469039650394805e-01
9.755475027851063796e-01
9.734106317965335320e-01
9.759557283611015599e-01
9.779766480305194243e-01
9.784823935194150168e-01
9.826835308567973826e-01
9.865375972183416664e-01
9.940634632195798348e-01
9.940499583585993282e-01
1.000767226067746263e+00
1.003209594470413801e+00
1.005793563603705643e+00
1.012381116765327604e+00
1.014005830570149813e+00
1.012977163315039508e+00
1.015443371002040518e+00
1.019246813657619155e+00
1.017521055119127604e+00
1.021386278153069593e+00
1.022568529176312691e+00
1.022177282881933991e+00
1.018091775289382772e+00
1.019497585164104825e+00
1.020733455041928472e+00
1.022798063555330650e+00
1.027082438447830981e+00
1.026205395142747001e+00
1.023044487271206782e+00
1.022846360522050801e+00
1.021902632336736394e+00
1.026193694196755990e+00
1.023515817285622909e+00
1.024888742655618357e+00
1.026113663506295515e+00
1.023952949219890440e+00
1.028123526702203083e+00
1.022620360460937849e+00
1.022177240543469035e+00
1.024934021880828050e+00
1.025198614683750176e+00
1.024427497530320696e+00
1.024111769469391531e+00
1.022280197942793123e+00
1.022663573823436423e+00
1.021709950151255653e+00
1.024010765649048471e+00
1.024712080949809145e+00
1.023792411765532595e+00
1.023741992100430931e+00
1.021818235257263341e+00
1.022288084236459449e+00
1.025425040903877427e+00
1.024622273574685050e+00
1.020814197433517423e+00
1.019749801929167088e+00
1.019788873198428591e+00
1.024214621235340017e+00
1.022010312089581152e+00
1.020750872668927389e+00
1.017798837615695673e+00
1.017768411609060841e+00
1.019678843126598178e+00
1.020948012898072577e+00
1.013420115580190517e+00
1.018287018678348810e+00
1.014555616403329141e+00
1.017960230235742003e+00
1.015705948684540783e+00
1.013659433291586698e+00
1.011100348219828637e+00
1.016237349885858787e+00
1.013308297807395730e+00
1.012888825034467422e+00
1.013630127769995726e+00
1.009749856192960316e+00
1.005628731197107939e+00
1.006193644107018947e+00
1.004418320325886516e+00
1.004912872342635044e+00
1.004092008909754252e+00
1.002754324084266457e+00
1.005309237764527408e+00
1.005054198869192117e+00
1.003166791444213057e+00
1.003379281933213463e+00
9.998875611151600840e-01
9.945919174266629748e-01
1.000148368397070442e+00
9.970993262838917515e-01
9.979165028961974881e-01
9.984744854980364126e-01
9.977395161694464498e-01
9.971351253367232159e-01
9.992976190759043087e-01
9.965927467472456280e-01
9.964023778107913287e-01
9.964639730208607604e-01
1.001554005168429295e+00
9.973837212360303628e-01
9.963415335299479203e-01
9.964202713514630494e-01
9.988032331688464494e-01
9.957881647876557496e-01
9.979428986929326229e-01
9.971339141808706064e-01
9.999127048894913550e-01
9.977045674843214584e-01
9.944975914538285444e-01
9.948596168293940556e-01
1.000739995870878918e+00
9.976403516610734545e-01
9.941846032200193362e-01
9.959377792286934206e-01
9.989845134224583090e-01
9.988211055348390488e-01
9.946577409691875760e-01
9.983784221803441161e-01
9.943671881346999308e-01
9.951839860380388147e-01
9.987423857712741659e-01
9.990431687334229149e-01
9.969552971495512228e-01
9.976896294245269914e-01
9.976890226517759475e-01
9.963219905086760919e-01
9.963881938621800272e-01
9.968182380249305252e-01
9.952706844532630548e-01
9.986908798152002165e-01
9.981810208043720989e-01
9.970128671841596013e-01
9.948627263061489145e-01
9.953996719739109933e-01
9.967024908309392028e-01
9.985345708626882644e-01
9.997851158119442916e-01
1.001741255061241676e+00
9.980471624260334185e-01
1.000313920315817784e+00
1.000297913290582708e+00
9.995413204106720073e-01
1.002951101189988758e+00
9.994913509291509790e-01
1.002285281553137342e+00
9.984980305308700510e-01
1.001782497471572775e+00
1.000981003146885095e+00
1.002845277051998885e+00
1.003821720635524217e+00
1.006371608684991203e+00
1.002040759194813946e+00
1.006980018933797849e+00
1.006236073541299181e+00
1.004015502915391211e+00
1.003449347988119245e+00
1.005007243783762272e+00
1.006560348188281440e+00
1.004188598331849924e+00
1.004322529203520720e+00
1.003239329182853856e+00
1.004773709016167693e+00
1.002513732403786273e+00
1.005321527562583306e+00
1.003802189411532764e+00
1.006647628334574218e+00
1.005282835933754226e+00
1.005229457922145464e+00
1.006925056028043830e+00
1.005854017592168637e+00
1.000939404714383585e+00
1.005711971387281300e+00
1.006967790463114909e+00
1.007212178025030935e+00
1.007646471865318194e+00
1.008686136957181123e+00
1.009889563740453466e+00
1.011612249265468666e+00
1.008986017720149286e+00
1.013827720570124935e+00
1.011389084625436086e+00
1.015460348554716452e+00
1.012038689390253099e+00
1.015107040814881012e+00
1.014655431085180970e+00
1.011018119904548263e+00
1.013463349046206385e+00
1.017588421409616029e+00
1.014450811309869804e+00
1.013127726766999137e+00
1.017535946948612935e+00
1.015725709538851884e+00
1.014317033021116199e+00
1.013399678081801092e+00
1.016308147827608366e+00
1.016415262871277037e+00
1.015662045211403353e+00
1.014265155368416771e+00
1.013340727161460064e+00
1.019342567079059902e+00
1.014806401088708121e+00
1.014316620299384075e+00
1.019388196550985448e+00
1.019094772690949169e+00
1.016447934843375034e+00
1.019574826484398233e+00
1.019286187584888426e+00
1.017155304222616463e+00
1.014223237285393431e+00
1.014346909403617936e+00
1.015587674101916305e+00
1.019674330017470876e+00
1.019017672240920769e+00
1.018095352763574102e+00
1.017666038484136726e+00
1.015898445364516123e+00
1.019951288015586988e+00
1.017157592304612557e+00
1.020349719774686026e+00
1.019062406539364529e+00
1.022422948721858127e+00
1.017998014338324930e+00
1.019136188521106767e+00
1.018823464601844586e+00
1.018688203079233912e+00
1.018309415938521978e+00
1.021165938348591595e+00
1.019841866867899904e+00
1.019885941674532503e+00
1.019661401758642061e+00
1.016599287288016296e+00
1.018826328066754661e+00
1.018502431352306337e+00
1.019168344563769146e+00
1.022025088743335752e+00
1.021811381103076455e+00
1.020054794468495452e+00
1.022848494434975608e+00
1.023080997058333441e+00
1.020908040604721734e+00
1.019421219528064970e+00
1.024329628361020594e+00
1.021766795213747692e+00
1.025684860465605919e+00
1.020928505645495310e+00
1.022144747755771910e+00
1.018539871964333043e+00
1.023635374192274794e+00
1.016473717469620341e+00
1.018497363126743549e+00
1.020660307398694622e+00
1.023679705079143742e+00
1.020772781550428832e+00
1.020450102290870298e+00
1.018745741032289764e+00
1.019709666042659890e+00
1.018810318925061464e+00
1.020553236277569997e+00
1.024176786160895469e+00
1.023700907156617212e+00
1.023165263241323730e+00
1.019587118468855635e+00
1.023046268106157397e+00
1.020724778817739375e+00
1.020877402473730156e+00
1.023172334557013841e+00
1.023145532468404006e+00
1.023430220429627280e+00
1.019280466773407445e+00
1.025420465223302990e+00
1.020467155858325370e+00
1.021120280582718864e+00
1.022906554780663946e+00
1.021656661899500662e+00
1.020221417938331987e+00
1.021457639573743359e+00
1.023005011040087897e+00
1.024116675138587729e+00
1.021967475383984469e+00
1.023157473297507503e+00
1.024204924881782386e+00
1.021369668906016104e+00
1.021256055692682407e+00
1.018910993227416295e+00
1.020799680602201054e+00
1.027119195564708765e+00
1.021770586123225133e+00
1.021371364223889966e+00
1.017480414897350416e+00
1.021586090027831739e+00
1.018015259078585588e+00
1.015763078722468071e+00
1.021013154410399970e+00
1.015157167543015548e+00
1.017916993708501083e+00
1.018487581507689699e+00
1.012469244634875087e+00
1.015733608525950515e+00
1.015108626949640769e+00
1.015089667583963795e+00
1.019122666079452566e+00
1.016756073994830256e+00
1.014655640997334185e+00
1.019496554872536098e+00
1.018629343670300669e+00
1.020401162955536511e+00
1.016896347514062438e+00
1.017057241372124388e+00
1.017105775284661728e+00
1.019423221973928539e+00
1.018636636247268079e+00
1.016979166084803987e+00
1.015784366495245949e+00
1.016531530774825942e+00
1.016653301205150406e+00
1.015644469601734823e+00
1.019736107047077844e+00
1.016586881596708514e+00
1.017591028357452299e+00
1.016368899019634675e+00
1.014156331894865426e+00
1.013537609705255527e+00
1.013592149808905551e+00
1.012648998224728869e+00
1.017982875059617820e+00
1.016214159792880212e+00
1.014419444554740313e+00
1.013874275506700284e+00
1.015338726446591844e+00
1.016721152342235479e+00
1.013736541221768483e+00
1.013659690111244904e+00
1.012322363381170875e+00
1.014698038234689959e+00
1.011109366555384304e+00
1.016381520927988502e+00
1.014372008472344211e+00
1.010840820017655073e+00
1.009958520143590777e+00
1.014332541686904454e+00
1.007529375427612006e+00
1.014594205017240958e+00
1.011866347934429644e+00
1.013613378776496932e+00
1.011933046186753060e+00
1.013298354032500681e+00
1.014705033800858747e+00
1.010924923750637472e+00
1.009714081486423609e+00
1.013046437060681315e+00
1.009637977750065696e+00
1.010718871120536599e+00
1.010443055045136651e+00
1.009031278833302236e+00
1.010101241283127393e+00
1.011676594935978057e+00
1.010186716740574697e+00
1.008959209888761865e+00
1.009628115113422764e+00
1.008886453159514307e+00
1.010845034797546838e+00
1.009697717187279853e+00
1.009683496588757778e+00
1.010276190470356994e+00
1.011357867791928156e+00
1.008092116355115531e+00
1.009913399828183067e+00
1.011128005643277872e+00
1.009045986115077564e+00
1.009036446381553764e+00
1.006793858790218099e+00
1.008318270869652311e+00
1.005730661075438626e+00
1.004557300407519005e+00
1.008165476819583795e+00
1.008360986107528889e+00
1.007098196376097876e+00
1.008637665613796974e+00
1.009773624635148082e+00
1.006828956762298111e+00
1.003977843638162781e+00
1.007520233684252364e+00
1.007011083891182324e+00
1.008933346370038064e+00
1.007893404083615385e+00
1.007635057990161176e+00
1.003740514885817614e+00
1.007972798008581083e+00
1.006807555853643121e+00
1.006168064836763243e+00
1.006561049022883347e+00
1.005170952580030752e+00
1.006459395943059443e+00
1.008042437119764712e+00
1.005845543172868783e+00
1.008043644891075896e+00
1.004207064910950908e+00
1.003844612770929956e+00
1.007268497052338008e+00
1.005939709136713489e+00
1.003987532047499132e+00
1.008466059972347617e+00
1.005621997708297855e+00
1.009586103236205012e+00
1.008117778278597942e+00
1.008481610440882470e+00
1.006654333308750759e+00
1.005185385240400908e+00
1.005230663924665757e+00
1.007443896802390659e+00
1.009087052270245088e+00
1.008768833926995123e+00
1.012085113867706943e+00
1.008567241753064669e+00
1.010571282798109927e+00
1.007219026797776085e+00
1.008871563103039604e+00
1.006938477488085182e+00
1.004442636975119596e+00
1.005356601267670236e+00
1.004152523297992206e+00
1.006863489550274604e+00
1.005572142861027807e+00
1.005294717994099640e+00
1.005271715642185759e+00
1.008096055475826258e+00
1.005764130402462930e+00
1.004641382012591011e+00
1.005168918190130434e+00
1.004211810416164141e+00
1.001889109238847331e+00
1.003669551042925878e+00
1.003612510257070323e+00
1.002755044538103713e+00
1.001710366804894115e+00
1.001487018783894456e+00
1.001032141269347475e+00
1.003147840069814833e+00
1.005786293200080950e+00
1.007216392204286270e+00
1.005713673113026063e+00
1.005594761737842679e+00
1.005126389428826483e+00
1.002717842876801768e+00
1.008377700627433482e+00
1.008095532286120033e+00
1.004975595766150143e+00
1.005500435752696653e+00
1.002276673911256299e+00
1.005574689332317639e+00
9.978126245792833249e-01
1.003382050573019768e+00
9.985048399591390789e-01
9.966830697844243359e-01
9.981372387305457172e-01
9.938747411190604897e-01
9.949771111106184840e-01
9.970493656122686454e-01
1.000381328414581716e+00
9.929538813547236220e-01
9.934781733237019186e-01
9.940696700494867644e-01
9.935217468273714880e-01
9.914678033212276365e-01
9.943088616818812620e-01
9.948035894696085624e-01
9.930085306709559578e-01
9.912181492714352560e-01
9.895454123100426713e-01
9.947429018904313525e-01
9.949108763875297301e-01
9.906434719996304317e-01
9.893469383549515772e-01
9.886878040519287980e-01
9.942563312837819911e-01
9.922883374723386884e-01
9.882381593007303344e-01
9.893684511916873703e-01
9.944659575285054176e-01
9.950077506537831074e-01
1.000218403027570702e+00
9.969736564026201453e-01
1.003226496298602610e+00
9.974051634101339658e-01
1.001102572767564203e+00
1.000457459724285680e+00
1.002994138199366336e+00
1.001679071498239537e+00
9.963066095896212504e-01
1.000345892958157457e+00
1.001051678919275822e+00
1.006083991243635234e+00
9.994284001106663595e-01
9.977729965549615443e-01
9.990146463918925246e-01
9.979372038328337968e-01
1.000407330660370908e+00
9.992618581269320233e-01
9.988766231277815821e-01
9.970200653335449248e-01
9.985147092108438427e-01
9.962094968524616290e-01
9.965008711793227336e-01
9.954069571892748547e-01
9.952787546263525131e-01
9.911194369614361177e-01
9.878144944926936510e-01
9.891639060918103743e-01
9.895757602553585386e-01
9.920377337949545238e-01
9.949989631098524745e-01
9.904867955599200302e-01
9.955230913216165378e-01
9.907679999769777313e-01
9.927881799175667377e-01
9.957461785435653967e-01
9.980249576611266438e-01
9.982447262542246680e-01
1.000643421442808600e+00
1.000776931726248042e+00
1.002607195066244516e+00
9.965563020184508014e-01
1.004029735585000749e+00
1.004243900062155470e+00
1.000560175858393075e+00
1.004583340251638202e+00
1.003961211137220033e+00
1.003750771275921494e+00
1.003604994260266947e+00
1.000899897352111712e+00
1.004150317821380423e+00
1.003002326140183698e+00
1.001962823232242616e+00
1.002869972083578975e+00
1.006861257500284434e+00
1.001885074506048801e+00
9.993265335839329744e-01
9.998412649855467071e-01
1.001914157623758017e+00
9.965074911431457405e-01
9.974363385215286870e-01
9.934748276161352587e-01
9.962949670292222670e-01
9.961548444405101677e-01
9.964105829336108444e-01
9.995576098563698775e-01
1.002842588537149693e+00
1.003906701734279983e+00
1.005290980129455392e+00
1.003739134012361589e+00
1.006396476791593386e+00
1.005952023120448180e+00
1.006363663000115150e+00
1.005646164350517457e+00
1.007249159699459051e+00
1.008678524362088158e+00
1.001955730184169058e+00
1.008826900730414922e+00
1.007778478937787936e+00
1.006846660905696744e+00
1.006502986552893608e+00
1.009846661535326318e+00
1.007321617229392841e+00
1.007288550583963715e+00
1.004063249523947876e+00
1.002334128834722060e+00
1.004454646282500585e+00
1.000441653151080912e+00
1.000836165354562102e+00
1.005407357342732677e+00
9.983504258691988653e-01
1.002906967049573828e+00
9.990315305701885640e-01
1.001669683178228354e+00
1.001487923766963384e+00
1.000905020493420450e+00
9.955950112208982183e-01
9.954882910003042262e-01
9.959298193004465505e-01
9.928828774874960406e-01
9.958600197983308311e-01
9.948830853834713661e-01
9.934380225043117907e-01
9.959307103571450881e-01
9.931159241412200744e-01
9.970975579917069620e-01
9.946208210041662667e-01
9.963255468888906341e-01
9.945221419539587160e-01
9.862957418854448877e-01
9.817282011305372702e-01
9.789765999501569560e-01
9.788517026053820125e-01
9.747962667546170579e-01
9.744407367178273827e-01
9.867622479746221975e-01
9.893106573404951698e-01
9.922862484162645602e-01
9.942605421492781703e-01
1.001887406854707896e+00
1.005359857705924176e+00
1.008019774333864360e+00
1.000525736840802482e+00
1.003522617255049987e+00
1.005661029964942221e+00
1.001477817249909252e+00
1.002142887901937618e+00
1.004715609324547732e+00
1.003467795207408475e+00
1.002809690537690424e+00
1.005995867776776187e+00
1.006808604398550244e+00
1.010382127886465309e+00
1.007253786523832906e+00
1.005907148105712468e+00
1.002998192522833509e+00
1.006798400285848105e+00
1.002464509896904499e+00
1.001052129733722484e+00
1.002813627486411674e+00
1.003551922497736948e+00
1.004954531894464598e+00
1.000925227687848418e+00
1.000686036099780241e+00
1.003792081951556003e+00
1.004594338860252289e+00
1.001973199578427787e+00
1.005854212580244766e+00
1.003531861421527394e+00
1.002904113777092654e+00
1.002924302492736119e+00
1.006373789832206045e+00
1.007035326854815782e+00
1.005215762427904114e+00
1.000942341168986172e+00
1.001766400156917092e+00
1.005365385279624491e+00
1.011845205152929861e+00
1.006146249975633067e+00
1.004127282213610695e+00
1.001899535743239866e+00
1.006578528796020500e+00
1.007848349729339121e+00
1.006670480370814191e+00
1.003063195161508769e+00
1.000386317947003167e+00
9.981104878286300996e-01
1.003758209967107184e+00
9.976275155798209893e-01
1.002598454962174701e+00
9.985014179100242249e-01
9.958935255234713235e-01
9.998015956032105800e-01
9.983049181045223763e-01
1.002162839930482274e+00
9.980200274956175788e-01
9.984895047972052184e-01
1.002100485987708511e+00
1.001201867031518589e+00
9.987876957065918715e-01
9.979566342670844747e-01
9.994902514564982798e-01
9.948162914284871539e-01
9.986558548898456511e-01
9.967970253150771898e-01
9.944355289522306407e-01
9.983947567954848390e-01
9.939951572041455519e-01
9.918137818929111393e-01
9.973556184349026132e-01
9.915770225294722184e-01
9.943429448896096146e-01
9.980047652622837662e-01
1.000272594975333051e+00
9.942589134078828605e-01
1.002370868363583023e+00
9.982097700500182080e-01
9.975924260574060565e-01
9.918013752861225552e-01
9.916728368492775392e-01
9.936369669714454345e-01
9.931967246598006893e-01
9.882046532740359490e-01
9.906048294591809356e-01
9.846676548604530455e-01
9.853981979419575987e-01
9.860171418143302002e-01
9.822968884377355492e-01
9.854783914420506274e-01
9.913263832230189143e-01
9.868288947089366436e-01
9.891169315097728676e-01
9.855640918045728283e-01
9.883048205608493397e-01
9.832306404153955404e-01
9.833472127889678616e-01
9.853661826887387676e-01
9.849926534937049061e-01
9.812212356835852134e-01
9.846518573589178036e-01
9.841689465700341755e-01
9.865672374374543363e-01
9.886821557402866167e-01
9.866031013932228255e-01
9.929631336857226431e-01
9.931399903858166844e-01
9.978339110688717595e-01
9.905914605349106505e-01
9.935914204860086807e-01
9.904130605985269620e-01
9.911635724193454955e-01
9.887896656695526199e-01
9.838257696065559887e-01
9.872266457035794307e-01
9.803235831817446178e-01
9.847621061965300404e-01
9.805216457232780458e-01
9.829408258000402743e-01
9.865746920220730409e-01
9.897582936674693688e-01
9.902705451394011593e-01
9.911138086686966941e-01
9.951443530464816334e-01
9.957483330272072219e-01
9.970221596597287350e-01
9.961829804488603335e-01
9.999959923244630122e-01
9.955860777727931765e-01
9.966613624209147426e-01
9.962131638838408465e-01
9.966630484260686762e-01
9.965488704465571557e-01
9.973663198736911761e-01
9.989481651972111909e-01
9.983236812703815133e-01
1.006529429600644177e+00
1.003470830282086279e+00
1.004456697737373005e+00
1.001358843707167212e+00
1.001175212403671910e+00
1.003689953201428731e+00
1.003631434058984029e+00
9.992719570663216588e-01
1.003605979159157169e+00
1.005856454038790204e+00
1.003414341793876785e+00
9.984488216515787773e-01
1.003650408691007412e+00
9.990321751639044123e-01
9.975055553407690123e-01
9.998978147460494403e-01
1.000816554810453729e+00
1.002176752688632710e+00
9.995192812481978883e-01
1.003868160899785700e+00
1.000254364100429560e+00
1.003271945911339502e+00
1.005295760302272967e+00
9.988472728542185930e-01
1.003150144175444014e+00
9.938799945909768674e-01
9.973019864431448278e-01
9.946658168170833259e-01
9.931956125782711586e-01
9.946142837538057835e-01
1.002070001370992447e+00
9.906029757038075090e-01
9.973777668323641210e-01
1.000614218854405379e+00
9.963785238896809560e-01
9.913748729569172857e-01
1.001074106093686522e+00
9.958861677056397577e-01
9.930972982492720647e-01
9.949355820356733382e-01
9.996477883874779202e-01
9.970444723551182831e-01
9.914641572959141946e-01
9.940047721084901422e-01
9.900610134779320726e-01
1.000572043490694840e+00
9.911787221904412304e-01
9.983429018478405803e-01
9.947322086840477695e-01
9.937641830007097887e-01
9.889355373879272770e-01
9.944841134549343709e-01
9.843389145418524055e-01
9.861782610698816010e-01
9.836969335285473681e-01
9.873972202433894951e-01
9.835677602813613918e-01
9.791753697714830063e-01
9.790339724566994306e-01
9.713093584912949607e-01
9.792440194422330491e-01
9.779502797216358401e-01
9.812059714726024673e-01
9.841006091933985900e-01
9.820909952332264048e-01
9.954032812668955899e-01
9.798803001985565420e-01
9.790141726096489583e-01
9.820185236951282093e-01
9.809242900161295742e-01
9.827785953428456178e-01
9.781587078674867097e-01
9.763363445934786222e-01
9.797316095817429904e-01
9.676572518795506506e-01
9.728812926557431906e-01
9.635343311652605491e-01
9.669260587684102015e-01
9.552576276384098231e-01
9.523625480510767849e-01
9.494455170743418826e-01
9.476666036403675886e-01
9.394168216368802282e-01
9.356138898927125469e-01
9.274781875986700674e-01
9.206645443776801940e-01
9.164342590100686969e-01
9.065911079105311021e-01
8.962109075193764873e-01
8.918583553843634215e-01
8.725474550055065670e-01
8.642688620541328914e-01
8.471047974048353524e-01
8.395562357079028315e-01
8.195815654838776165e-01
8.020242472463335881e-01
7.720893562062460802e-01
7.581912168692649390e-01
7.298092738076646935e-01
6.980392024621702163e-01
6.687098833725040326e-01
6.345108224938472707e-01
5.950965360604698606e-01
5.508331124541060442e-01
5.153316971334088725e-01
4.868184612609082751e-01
4.575213265682219199e-01
4.470292222688350692e-01
4.398578426015725129e-01
4.414386346704015085e-01
4.578232356799892822e-01
4.802819593657173813e-01
5.071922666560209070e-01
5.456567937215699438e-01
5.874844577918250099e-01
6.281629646391799771e-01
6.662429951082050605e-01
6.964001423439135641e-01
7.206388996432641081e-01
7.458508319319778757e-01
7.733877143779165353e-01
7.979475960665447509e-01
8.089989155804208076e-01
8.331901252289816151e-01
8.540664831955830927e-01
8.602923666516282264e-01
8.730476858457481004e-01
8.886373565987524259e-01
9.025190950620772812e-01
9.065686512381686546e-01
9.172358637289346195e-01
9.229088286320906720e-01
9.298343048762041096e-01
9.336171687012599918e-01
9.301561202727446354e-01
9.370082110270921971e-01
9.398120217885682637e-01
9.458466858138454558e-01
9.543349531946425657e-01
9.547421185032133328e-01
9.499385006922876906e-01
9.590510106626339848e-01
9.669391969235183737e-01
9.562187108011628300e-01
9.595902427469280571e-01
9.750570233700665002e-01
9.631711684047329358e-01
9.641661760994357788e-01
9.666483776594716470e-01
9.681873023783754695e-01
9.748133568685756201e-01
9.762397606777779568e-01
9.721712597181746407e-01
9.628394684100323175e-01
9.691195032634739581e-01
9.714842828577672229e-01
9.713207156807264209e-01
9.725336613140035391e-01
9.757599685398904432e-01
9.734555692888670064e-01
9.730969689986994631e-01
9.729229236667612524e-01
9.722649633310624928e-01
9.752737892978484702e-01
9.756979230881637211e-01
9.751420802384458408e-01
9.795690130896962389e-01
9.714927469984248054e-01
9.782407237735248895e-01
9.783603016628256155e-01
9.752713567119061233e-01
9.745451071615736094e-01
9.670085587513636005e-01
9.749197080757208145e-01
9.757740052027875644e-01
9.706142496313555634e-01
9.706852710622430047e-01
9.691412854919956299e-01
9.708744949695702342e-01
9.750773732326712961e-01
9.767530598179531287e-01
9.820451986688981671e-01
9.725990789807490433e-01
9.705811908483572559e-01
9.623627905213203437e-01
9.715235426393331597e-01
9.701949108001020061e-01
9.784573812094264911e-01
9.802992499009285376e-01
9.731323142499911372e-01
9.707387769677796596e-01
9.724897658936610956e-01
9.800989557913604155e-01
9.792891449783674984e-01
9.742128947662493932e-01
9.907171200334835559e-01
9.864627848174085667e-01
9.827240691998776478e-01
9.905190120698841305e-01
9.787120574275754992e-01
9.944338578314523280e-01
9.831444930143861116e-01
9.810792301988233710e-01
9.915690858613041003e-01
9.770018210516033808e-01
9.892390859814488291e-01
9.862899886063487553e-01
9.966590932853431895e-01
9.821981451429677712e-01
9.833698232608418799e-01
9.845898521436241557e-01
9.829225947351563075e-01
9.876011447451797931e-01
9.890382766507792578e-01
9.931270311914962567e-01
9.928863623493475732e-01
9.907269624768669791e-01
9.837131308272366592e-01
9.853238383746756313e-01
9.904833068407582486e-01
9.806858533223814511e-01
9.793338043477469723e-01
9.962037582760242538e-01
9.908419828621377601e-01
9.852562193729326179e-01
9.918984174424125833e-01
9.904710586032841046e-01
9.962869617654391829e-01
9.838370471182992238e-01
9.866023338464963155e-01
9.866651801778588693e-01
9.855491897888701835e-01
9.926622693773737849e-01
9.953809017544054116e-01
9.842589079617755088e-01
9.994598650611040691e-01
9.784184622903278061e-01
9.989180190624507016e-01
9.918781073463507347e-01
9.833319541956372367e-01
9.905530321627956658e-01
9.871113852100108499e-01
9.911583029622965668e-01
9.919548307421112154e-01
9.987073173657253777e-01
9.960986824816727703e-01
9.852254659041136398e-01
9.910000993344794118e-01
1.001265363090742655e+00
9.948669951824598012e-01
9.864627426738487026e-01
9.965081311209949000e-01
9.939970448420354376e-01
9.986665939139336423e-01
9.967248934900673207e-01
9.966627822722553542e-01
9.916241977823441189e-01
1.004576743327756594e+00
9.949990789451061968e-01
9.911035047597342995e-01
9.923088957525012521e-01
1.001459426667357322e+00
9.880769703038873031e-01
9.926529026200930916e-01
9.824644242388108628e-01
9.848722403475875797e-01
9.861800823471963406e-01
9.921617335215766609e-01
9.927852484004532352e-01
9.844694916266639728e-01
9.907962981525946233e-01
9.919498873066381339e-01
9.804266506220524757e-01
9.942317893001848539e-01
9.945631866485162842e-01
9.906267876000328654e-01
9.816103398895352772e-01
9.910393063583761153e-01
9.933257641384377612e-01
9.882506611392921636e-01
9.908760162844943986e-01
9.797869537328525169e-01
9.780931209424450490e-01
9.910836804326943472e-01
9.925522952469743032e-01
9.762886802915394791e-01
9.880074675607245505e-01
9.849428460311002720e-01
9.713061200091365199e-01
9.933462768970889867e-01
9.839523264432923355e-01
9.806957351860614569e-01
9.905517778195459533e-01
9.846940587451378235e-01
9.949486852855097263e-01
9.845634339926833123e-01
9.699267853661884820e-01
9.882969598228102948e-01
9.677013878960740723e-01
9.655578868167319362e-01
9.873829284605367684e-01
9.636328920738561621e-01
9.928298617474138332e-01
