1.108970274989417248e+00
1.022963667184570991e+00
9.972579200319370285e-01
1.104387918057160300e+00
1.057019989005953953e+00
1.114952424446209678e+00
1.134544601213375303e+00
1.058540299318115663e+00
1.045048313984693111e+00
1.084255316894853438e+00
1.090080350097250239e+00
1.018725014289027175e+00
1.010177056590023437e+00
1.005606854546168050e+00
1.028247824027056945e+00
1.024683357465001610e+00
1.003695318422722194e+00
1.063741757015710165e+00
1.063732790654033922e+00
1.060258734002023528e+00
1.055070671126828952e+00
1.050478370858512589e+00
1.038335703548221689e+00
1.019218790190752344e+00
1.046037537021522024e+00
1.018946943672071948e+00
1.003044492228526652e+00
1.081186728240178585e+00
1.028379754316431693e+00
1.017684406885654536e+00
1.037344990999553351e+00
9.773734953785094826e-01
1.054498389908838263e+00
1.035348770842553279e+00
1.061451510849638069e+00
1.059447158236650699e+00
1.086745870970977412e+00
1.036071903543745787e+00
1.070073722590994647e+00
1.057092896929043624e+00
1.007423721044232723e+00
1.061351158657717120e+00
1.091669982850125509e+00
1.079493118630096227e+00
1.118230825833211872e+00
1.042038877113697914e+00
1.025405328387881676e+00
1.049450261081838143e+00
1.070521657509047486e+00
1.065143322303283568e+00
9.817071602406099995e-01
1.046998319874408834e+00
1.030305930199924447e+00
1.009904847554619067e+00
9.861019344957192567e-01
1.012872794844199786e+00
1.027602967709416504e+00
1.028745675106824020e+00
1.067049155265507698e+00
9.434097748260183991e-01
1.000340642515383127e+00
1.009905500566608660e+00
1.012066350802157677e+00
9.777344992889488440e-01
9.683828341078580815e-01
1.007012266425749480e+00
1.020485058731992023e+00
1.004605602162732314e+00
1.005942903795156385e+00
1.002284285754565296e+00
1.009936466987416459e+00
9.315962308645512335e-01
9.882120448642951471e-01
9.915822433637259126e-01
1.009191225177209494e+00
9.545870888850096492e-01
9.670485286030204852e-01
9.649738591639770435e-01
9.424369315652992851e-01
9.648935229507756839e-01
1.023370226446055575e+00
1.017469217643113266e+00
9.652746902240652016e-01
1.010245341112922635e+00
1.047457586481864489e+00
9.616042455038734671e-01
1.002396449805851963e+00
9.627088595957864481e-01
1.023124437040018320e+00
1.014183578167947797e+00
9.993636579592366509e-01
9.716460901083575630e-01
1.010482654788483980e+00
9.966139084529855863e-01
1.009921755287125134e+00
9.460937040286168109e-01
9.175449544276043090e-01
9.251900664749223013e-01
9.568016950389776065e-01
9.536910356686605361e-01
9.031760712335922259e-01
9.281913272864574793e-01
8.660673894280394025e-01
9.383140130774730858e-01
9.149902660581261671e-01
8.873815815182688471e-01
8.924042417366696567e-01
8.689932987772093220e-01
8.922221448538247834e-01
9.118442062471998621e-01
9.118431150929694473e-01
9.016088266536761431e-01
8.633210969385093358e-01
8.689784173197487860e-01
8.537307590459057849e-01
8.617253544301680668e-01
8.792540088869754689e-01
8.610497999174723249e-01
9.054984239256193002e-01
8.771187961986440795e-01
9.232226069267567281e-01
9.419091152224202679e-01
8.697959887751445240e-01
8.846653617533782876e-01
8.853121195942443844e-01
8.661562054600649985e-01
8.597019468852482582e-01
8.421911675951934129e-01
8.010315146437063660e-01
7.461782665324853125e-01
6.933580723767264198e-01
6.793372101408396979e-01
7.199465746081454842e-01
7.003744409615956235e-01
7.355457851569825456e-01
7.584758012492781587e-01
8.392991552825123103e-01
8.345363226110613653e-01
8.576284207918357660e-01
9.128510640779829988e-01
9.695837636070159249e-01
9.946546376017105784e-01
1.017495568378953275e+00
1.066355807816345092e+00
1.031594992547299805e+00
1.046604608978568329e+00
1.021804010539817842e+00
1.014676508170595293e+00
1.055533333935946283e+00
1.057294269197607273e+00
1.056744488802967785e+00
1.067421859048603983e+00
1.000322844296579472e+00
1.022993706251350110e+00
1.000423969482640452e+00
1.067442581435422699e+00
1.042895762639420854e+00
1.014129460833638197e+00
1.019131161012237774e+00
1.031673138190044359e+00
1.055901270222982857e+00
1.059030426733139629e+00
1.050946169621076010e+00
1.062625993746275199e+00
1.077481861274417252e+00
1.025964578872500255e+00
1.048816956168406644e+00
1.020733377768843209e+00
1.005787235135939151e+00
1.057594389843045546e+00
1.011121908467419228e+00
1.019391939268925240e+00
1.045821085221851465e+00
1.020835145844603664e+00
1.044475684301726659e+00
1.024517762085668693e+00
1.056773300017866957e+00
1.043093178669310950e+00
1.033232233272526335e+00
1.014174478119682421e+00
9.833978889097667597e-01
1.043072291010992858e+00
9.681859576588776051e-01
9.979230182982521402e-01
1.016735972551871425e+00
1.072628860631136494e+00
1.038224008501272166e+00
1.034261481186097509e+00
1.013771627415579246e+00
1.021751882718256121e+00
1.064378716231210387e+00
1.034505637129603750e+00
1.025215655880698851e+00
1.032843296001643596e+00
1.012302571215626168e+00
9.907527292127691343e-01
1.015597368184161686e+00
1.049467390204597228e+00
1.040638854713085371e+00
1.053769320765773232e+00
1.042173812378559550e+00
9.952968206957952813e-01
1.033856897546578946e+00
1.054974155221231280e+00
1.021847903799192769e+00
9.991393804381982768e-01
1.028482682410734483e+00
1.037662432611482277e+00
1.031929471596107595e+00
1.062887304104747077e+00
1.043235256539840172e+00
1.034423711168958926e+00
1.042534033766943091e+00
1.051863780597754650e+00
1.048065255198769696e+00
1.056649209656610910e+00
1.051678489348678802e+00
1.020566937845771127e+00
1.012683996343353376e+00
1.079081572120953902e+00
1.043867795247200858e+00
1.031882575105194322e+00
1.039589234112864080e+00
1.061722881429194132e+00
1.048994251555878554e+00
1.039543073166952825e+00
1.025743313977430571e+00
1.050389786039686024e+00
1.053577121980706632e+00
1.019133117188416593e+00
1.014045008700802386e+00
1.040809379096401921e+00
9.923743876043709111e-01
1.024690988345967169e+00
1.040908135893890529e+00
1.045731932251094509e+00
1.004113672731009377e+00
1.035426724654613828e+00
1.064593393685903999e+00
1.043789370307264708e+00
1.025103481515232229e+00
1.011167872792375189e+00
1.036711955163407861e+00
1.012327259675741109e+00
1.058679408509861419e+00
1.031933740646929554e+00
1.074178462068034356e+00
1.038382979151177166e+00
1.003620901505261287e+00
1.009413089306771649e+00
1.044106066407377797e+00
1.051660163293865580e+00
9.970002611560141448e-01
1.028707072055272453e+00
1.041950046203799385e+00
1.033296359066687042e+00
1.059444240546428162e+00
1.013961853346607489e+00
1.020972508628012365e+00
1.030673031089467395e+00
1.043146617339838045e+00
1.046528887699563981e+00
1.046806726478880067e+00
1.019369984095992443e+00
1.007712144674615784e+00
1.022217577233365482e+00
1.037198897910908579e+00
1.042531819527530823e+00
1.059919657890466382e+00
1.013418239027596757e+00
1.017601673358357273e+00
1.039506701915564379e+00
1.025457064419866837e+00
1.036760266609431325e+00
9.905546913860169278e-01
1.035652840631585692e+00
1.029294301987594862e+00
1.025915441484797519e+00
1.045575209867077193e+00
1.038892813924106928e+00
1.029938755523390315e+00
1.044550951230999392e+00
1.024243203329617602e+00
1.023452325693220422e+00
1.060451410945854267e+00
1.007440286121704442e+00
1.026338897865406441e+00
1.033870652467193008e+00
1.032908071471343003e+00
1.025721405644152151e+00
1.000782841666201906e+00
1.035222828276612050e+00
1.049983961206912619e+00
1.025966449371372491e+00
1.027268661015257489e+00
1.042286839016467015e+00
1.038682118412888489e+00
1.031859634471448572e+00
1.013536977921935200e+00
1.023629540542274174e+00
1.012535865823273262e+00
1.026801219936951393e+00
1.034952498506432672e+00
1.035122220112663527e+00
1.042166736395667925e+00
1.027083313039713452e+00
1.056199023835026063e+00
1.042914549724514028e+00
1.044420340593765761e+00
1.032574420653716629e+00
1.046914140531471027e+00
1.013194241759709069e+00
1.025963323005445238e+00
1.017539024683601356e+00
1.040643660517107660e+00
1.022686320692690831e+00
9.959061080487806583e-01
1.019811532102981255e+00
1.024385590684466552e+00
1.024678853750561780e+00
1.044735877638256483e+00
1.014409468941829484e+00
1.054226967926471970e+00
1.030753642735243725e+00
1.048777480199590384e+00
9.812188587029559983e-01
1.041555206269790368e+00
1.012028305970908315e+00
1.062854298249226170e+00
1.002084140931534861e+00
1.039888327464745910e+00
9.946891796453222190e-01
1.036680801309637134e+00
1.006774352477199486e+00
1.007445992277124835e+00
1.022281534892991450e+00
1.031619554824347640e+00
1.026948731458533492e+00
1.004683923012810176e+00
1.014304178874579021e+00
1.000184002372330072e+00
1.031472311323227364e+00
9.948851642770987214e-01
1.042584167185720556e+00
9.964314134428433611e-01
1.044663785559265312e+00
1.008580718723409486e+00
9.872731561583554249e-01
1.038044778836522353e+00
1.013433920137798649e+00
1.018142692608925870e+00
1.031882763866402986e+00
1.033560994642059194e+00
1.035304103271138310e+00
1.012289903754241882e+00
1.018488703542931972e+00
9.983252836920751827e-01
1.012973187191587465e+00
1.007130249489414764e+00
9.841982418393043774e-01
9.943955612873305316e-01
1.020930847975079825e+00
1.023984455358272427e+00
1.020964174735331742e+00
1.009451798517290388e+00
1.010816058298618536e+00
9.978869054948366069e-01
1.026598093646973853e+00
1.021017928834270450e+00
1.004824101873636133e+00
1.006028706923257410e+00
1.001868020815947391e+00
1.020219514706903308e+00
1.008867198721168812e+00
9.726850195500512664e-01
1.003503630217551734e+00
1.019313991412251541e+00
9.877811341894702224e-01
9.944963487265502389e-01
9.909529238749291702e-01
9.778627001800763718e-01
1.001597372046850287e+00
9.646976955502325479e-01
9.567973599344957725e-01
9.137244445927455994e-01
9.357436764633597637e-01
9.368206644769098146e-01
9.105438468611987135e-01
8.920046715671550164e-01
8.875610622140356343e-01
8.470027847198033921e-01
8.178675631683302027e-01
7.985649090333704070e-01
7.755372364871603308e-01
7.622644597668817301e-01
7.592656533558941323e-01
7.449336614833269588e-01
7.194486304347978978e-01
7.185004103939844899e-01
7.130494374203047991e-01
7.677944418720462627e-01
7.876679728062061514e-01
7.797035377434209380e-01
8.174657914691786376e-01
8.173060640365197305e-01
8.630052045870652000e-01
8.566688689814445645e-01
8.858272732895855484e-01
8.980173908463584542e-01
9.104593716872166898e-01
9.304840325860835870e-01
9.432500319160227464e-01
9.543614938393641944e-01
9.625704179287685180e-01
9.669872949554254582e-01
9.585598661306619084e-01
9.639506824469078472e-01
9.733568390125789671e-01
9.773060612810824388e-01
9.771105730694567004e-01
9.856090401054674599e-01
9.950734980328668211e-01
9.933429968576705793e-01
9.880181820327832432e-01
9.966051831278516238e-01
9.878387850874822407e-01
9.983014932006080144e-01
9.749062598302876692e-01
9.775335860642760943e-01
9.870526942943009807e-01
1.007063329460124335e+00
9.894811274299672998e-01
1.008621486945122436e+00
1.012088404128879571e+00
9.968058630701653877e-01
9.617876169667205488e-01
9.826160148988301035e-01
9.857761428479371313e-01
9.953248636432778795e-01
9.755808034752577740e-01
1.006944792638280628e+00
1.017500233169748025e+00
9.844041900729384453e-01
1.006923901388826259e+00
1.021740080102014225e+00
1.002279232268032949e+00
9.995353117551079025e-01
1.002097247514507128e+00
1.013249974444296653e+00
1.003218432176989694e+00
1.008653375785615758e+00
1.012960958025564961e+00
1.000791294079853344e+00
1.028957654388479082e+00
9.874265760694721505e-01
1.009540037930979572e+00
9.973058671551775500e-01
1.008843680206444882e+00
9.927732595512236413e-01
1.005689413173094238e+00
9.691150500664773570e-01
9.951033443230289377e-01
9.833396580629416572e-01
1.003470230093954862e+00
1.005688473009249240e+00
9.957887421107769477e-01
9.910610593892552611e-01
9.778465033208241231e-01
9.813836978459312688e-01
9.782259266041853918e-01
9.954434607440658667e-01
9.747551402354321937e-01
1.001494197267249975e+00
9.976138629968137606e-01
9.756678033549099904e-01
9.977143991628374398e-01
9.784543633523096196e-01
9.927745180095396416e-01
9.967022607686230051e-01
1.003137764748349037e+00
9.936130613905761466e-01
1.022133095911467393e+00
9.985122432779008905e-01
9.984101652921959502e-01
1.001120145251182425e+00
9.878491248537895064e-01
1.002738554983031660e+00
1.004997709888385771e+00
9.959558562957657735e-01
1.006055690047036100e+00
1.002983246153595465e+00
1.006028892211970671e+00
1.011263993598777944e+00
1.005066304291409196e+00
1.025159261127374988e+00
1.032715225000929937e+00
9.913045153620206884e-01
1.016301786760577253e+00
1.029150319056256091e+00
1.023740258664086467e+00
1.005915494945869071e+00
1.018503661503163071e+00
1.012788722887421056e+00
1.020628810978725154e+00
1.023990318076741568e+00
1.025561968718418093e+00
1.028004704815018489e+00
1.031195194926874059e+00
1.035682908717181272e+00
1.028456508029157890e+00
1.035223913002407237e+00
1.015629295603128757e+00
1.029920922683162043e+00
1.007337210567198937e+00
1.018020199887353705e+00
1.008972035280459645e+00
1.016892157471182223e+00
1.022227771325695089e+00
1.027437474723594368e+00
1.017792360034211363e+00
1.008899818463409259e+00
1.002164651079738844e+00
1.025173812368912696e+00
1.033553365237838362e+00
1.021487445089645840e+00
1.017121126270521758e+00
1.004706550709066892e+00
1.018127825789771235e+00
1.019518416637003710e+00
1.019746840960558343e+00
1.017801298753495676e+00
1.021216806580048653e+00
1.012515737996697807e+00
1.017432133028340013e+00
1.029104390555715121e+00
1.014524796419803865e+00
1.017829451913713434e+00
1.022228013518249989e+00
1.034140658116296407e+00
1.033774358693506645e+00
1.012217958608224500e+00
1.029535829315455508e+00
1.020531248545428538e+00
1.019028357207779401e+00
9.971942138553625545e-01
1.015014744016063952e+00
9.993746226983993841e-01
1.000480701342053802e+00
1.018375680666498306e+00
1.018120945306625114e+00
1.015515829766246547e+00
1.006699064169090274e+00
1.044252819533384224e+00
1.030723181604963790e+00
1.015493411990642691e+00
9.760931269376573738e-01
1.019280230995659453e+00
1.007889612169583060e+00
1.029677088179504318e+00
1.019270573107099231e+00
1.012941738140051173e+00
9.955249475989507157e-01
1.021988376439791235e+00
1.005504062079833449e+00
1.017046305027806463e+00
1.028671926169178130e+00
1.029404539309900946e+00
1.019730762050810702e+00
1.015631703272386943e+00
1.024433700915341472e+00
1.048817560831328377e+00
1.001637168054829274e+00
1.016883105110577112e+00
9.891579918500755797e-01
1.030010355243850206e+00
1.014787956034722383e+00
1.031698623605038279e+00
1.009078916720975272e+00
1.004840760406992439e+00
1.002322087160114172e+00
1.011835777668706138e+00
1.017787085825812898e+00
1.007778744131495596e+00
1.000662907630064158e+00
1.006455570402175814e+00
1.009896216684329717e+00
9.945758361194911856e-01
9.904973531922853791e-01
1.013467475122046713e+00
1.011535899385604953e+00
1.018429070301178685e+00
1.013147878194358142e+00
1.005405478698354615e+00
1.003674302784712147e+00
1.014952127458936593e+00
1.019972789062542518e+00
1.029613468738459492e+00
1.024491450869537301e+00
1.012268408792231122e+00
1.010718424914002211e+00
1.014181799243017768e+00
1.015655145918895608e+00
1.019747856242509298e+00
9.991758982897064323e-01
1.012574446412414453e+00
1.013473959668651059e+00
1.004913388914811412e+00
1.012960748821926105e+00
1.011281624620559594e+00
1.012093536811376371e+00
1.027234561166390892e+00
9.903959665816512992e-01
1.010229535488971431e+00
9.911807158481694691e-01
1.000546966781941771e+00
1.007132291545258962e+00
1.028767989140166872e+00
1.001788495261719536e+00
9.825952365835947111e-01
1.017049599333126331e+00
9.994558031979715595e-01
9.965442083674544982e-01
9.845270779707543385e-01
1.023061117212247684e+00
9.985006099642458333e-01
1.006462308423522689e+00
9.897147518612084971e-01
9.905143801192439756e-01
9.707442239330799083e-01
9.893707750871573170e-01
9.927355130543493722e-01
1.004008146811633750e+00
9.776876037910632311e-01
9.805915038717539778e-01
9.849650739236091024e-01
9.720851675855934904e-01
9.743220098900194914e-01
9.741766581922011170e-01
9.818272980263209604e-01
9.696895874701427775e-01
9.890586002150140166e-01
9.747525311751155108e-01
9.750458778325477027e-01
9.963842305687105050e-01
1.003665454731049733e+00
1.018312188515800409e+00
1.004109118501730347e+00
1.032059536578627812e+00
1.017540540364956225e+00
1.019344917380665683e+00
1.018144803615066207e+00
1.031352511317078724e+00
1.016131806897211387e+00
1.021492089935361891e+00
1.022843014113560711e+00
1.014552928367635776e+00
1.012264036068623696e+00
1.016474077664620834e+00
1.007730999679568029e+00
1.010292425333212396e+00
1.005610777635060016e+00
1.023544050547873452e+00
1.024577037681760894e+00
1.010873207270550411e+00
1.011799335480722872e+00
1.023381088690616725e+00
1.014307244771037730e+00
1.019193715078958951e+00
1.026323665867037604e+00
9.880970270569322533e-01
1.027271866287441160e+00
1.007999076112395587e+00
1.018676093470053834e+00
1.019754660209561514e+00
1.028865938176916295e+00
1.033195273247502044e+00
1.012671202205423171e+00
1.030993121952240577e+00
1.019350119948367883e+00
1.015502198397857159e+00
1.029538329491209936e+00
1.018848316057828107e+00
1.016883549934810560e+00
1.007346745148075096e+00
1.026529054632412175e+00
1.000786858955099445e+00
1.025645546676196007e+00
1.015635746975509290e+00
1.024631093829566186e+00
1.015271115935489465e+00
1.006258293095953826e+00
1.014159857020409783e+00
1.001411811230668469e+00
1.026130461034726382e+00
1.041900167406866640e+00
1.024337447836602522e+00
1.025425596722019161e+00
1.010191309537859183e+00
1.034756878777774780e+00
1.017380879677441730e+00
1.032523882977798513e+00
1.031767275313910215e+00
1.033245835223567388e+00
1.030589162368943601e+00
1.020733144184651442e+00
1.003681080681502635e+00
1.024215769689499789e+00
1.010189422676953663e+00
1.026394570705685183e+00
1.014318960932290459e+00
1.037461455509340214e+00
1.008701572732109142e+00
1.010865277113709437e+00
1.019448233940761561e+00
1.017132284405761089e+00
1.026188255765660751e+00
1.004207816534405495e+00
1.007777827845288687e+00
1.020556599796035746e+00
1.013695860929673787e+00
1.033845672242158731e+00
1.017752062965489479e+00
1.018901514246307816e+00
1.021269709688074734e+00
1.029592799705619788e+00
1.012032977871253570e+00
1.007980742869748481e+00
1.011622195284218151e+00
1.026483407616646470e+00
9.989719311522994305e-01
1.020911923851369307e+00
1.016936029430390853e+00
1.010478188435288027e+00
1.015658013709280771e+00
1.007486459196233142e+00
9.913318153216971185e-01
1.024313565239978185e+00
9.951860518339984418e-01
9.961437164331944372e-01
1.010900515785970288e+00
1.013571882929131363e+00
1.006499075546521960e+00
1.004645049743011498e+00
1.018668450735628950e+00
9.990178625199290785e-01
1.007142702792453992e+00
1.014404070167315375e+00
1.015704087768101838e+00
1.003994991687827243e+00
1.013375006257455135e+00
1.019779954074078177e+00
1.003555420414731003e+00
1.018069089417827033e+00
1.013899701894462879e+00
1.023542278765123603e+00
9.996353769403824030e-01
1.026960103469007235e+00
1.025360958132329303e+00
1.021259868796528192e+00
9.984179203449320417e-01
1.011659350998000750e+00
1.007016556103231597e+00
1.018516849529778057e+00
9.963155225505871959e-01
1.017944921684462933e+00
1.005026735089434853e+00
1.004161262987101289e+00
9.880080473041051858e-01
1.012366456685736660e+00
1.000874489550470869e+00
1.020767179325533958e+00
1.006184515810267133e+00
1.038920223480940264e+00
1.031018301323889386e+00
1.010929741422551764e+00
1.037155633147365696e+00
1.011789180855582337e+00
1.028548680276772043e+00
1.025169662340955856e+00
9.932681965848971783e-01
1.008132374491403693e+00
1.018306402819189715e+00
1.004073776616845715e+00
1.015899272674656517e+00
1.006887949785532532e+00
1.009956759248432645e+00
1.011039235255801083e+00
1.000223476915618859e+00
1.006206991292970088e+00
1.010603168697477683e+00
1.002913042903686325e+00
1.005170467068890350e+00
1.008248598296011878e+00
9.921712615242871403e-01
1.009859875934743911e+00
1.018768038693599554e+00
1.001689498574194204e+00
9.828770243866067347e-01
1.033068249128922700e+00
1.015241454672354049e+00
9.872335190555409090e-01
1.015509781533142419e+00
9.928265813892418468e-01
9.979355187452324527e-01
1.025524996652141363e+00
1.017959012212437342e+00
1.003922931337439817e+00
1.003795595650053496e+00
9.981806872881157089e-01
9.982667513986257513e-01
9.929622738935850457e-01
1.009471423789442435e+00
9.955615753635490561e-01
1.021052633860733083e+00
1.002662933257262967e+00
1.003931924144440435e+00
1.016938316055080449e+00
1.012042067189340644e+00
1.010712504745823637e+00
1.003509576309119078e+00
9.999793042192377523e-01
9.997506073384804237e-01
1.030818566504111189e+00
1.006951310118255449e+00
1.022475525878436153e+00
1.014241262025020074e+00
1.010545246157420252e+00
9.999442685557734523e-01
1.026992532188729434e+00
1.005379197192011409e+00
1.014100720149401669e+00
9.964671614707343306e-01
1.012398470583357524e+00
9.924196742377279223e-01
1.015119649390992418e+00
1.002886780504721242e+00
1.018907195905701002e+00
1.013310541459439884e+00
1.005789580691306195e+00
1.003106279272590218e+00
1.009969443419963753e+00
9.976625044524615182e-01
9.906358204671494860e-01
1.013064089172776239e+00
1.011901106698466446e+00
1.012603401615902676e+00
1.003413584671054126e+00
9.909493853747830538e-01
1.004290501240745259e+00
1.010503865294377857e+00
1.047978168664447374e+00
1.004098669463473925e+00
1.022329907027690332e+00
1.019542178544644573e+00
9.978211027412081657e-01
1.003097696358234314e+00
1.001329003781080029e+00
1.002158493743694923e+00
9.909320008535217328e-01
1.000187559523747716e+00
1.021809262577364485e+00
9.934111485008949582e-01
9.981095372497722495e-01
1.003141045653104468e+00
1.009608032288990209e+00
9.974815779361166923e-01
1.021236681322960749e+00
1.005311739178804231e+00
9.778180240510681021e-01
9.908365762081560169e-01
1.008328437691004664e+00
1.001120666418924943e+00
1.001162479570517405e+00
1.005909097427821530e+00
9.926110912783814300e-01
1.021736261377077515e+00
9.990088594918302700e-01
1.014069651839656361e+00
9.974381510099965542e-01
9.664077353909155121e-01
9.933495628289537027e-01
9.817291414755145995e-01
9.855740861740822645e-01
1.000966009858540007e+00
9.865824101417510761e-01
1.006613817641741626e+00
9.844503554405480417e-01
9.913102748426412258e-01
9.767936081117571945e-01
9.837273281759015831e-01
1.001120587274319851e+00
9.972355875662984870e-01
9.809273266082884080e-01
9.847508887491905893e-01
1.004215847845740583e+00
9.932671440977649535e-01
9.924136168007118286e-01
1.003140347464803073e+00
9.979148450062828024e-01
9.962287269668281819e-01
9.753257678166437072e-01
9.949361304200557976e-01
9.968642457391563294e-01
1.004825906296597848e+00
1.011787501471235862e+00
1.001772691567785145e+00
9.864656469421956286e-01
1.000352015599401234e+00
1.007259673968268432e+00
1.007546254822649923e+00
9.888536994356784682e-01
9.887030547481673315e-01
1.014015293284969976e+00
9.806191616297971203e-01
9.745583740215247870e-01
9.904831789273709219e-01
9.800229998672398413e-01
9.892310324659258081e-01
9.978146114630118690e-01
9.922242109315477787e-01
9.848056645626670491e-01
1.007427433888642643e+00
9.861838372524464047e-01
1.001216978195423435e+00
1.016709127616375330e+00
1.001843270753148163e+00
9.921529685262658882e-01
1.000438859411000303e+00
9.930426077851499667e-01
9.876925546335645345e-01
1.008596626023925413e+00
9.811242909314628058e-01
9.864719400962256302e-01
9.678662148099407281e-01
9.965753101520041790e-01
9.991659848502019159e-01
9.920190842303545642e-01
9.671320335311794913e-01
9.917446270323366786e-01
9.868481037497864872e-01
9.781102204075819984e-01
1.004631228925086717e+00
1.007592164036551940e+00
1.010061346568895457e+00
9.791600866436341866e-01
1.011673599069729201e+00
9.811163175184549612e-01
9.771601307945551040e-01
9.758457653951994049e-01
9.800393841714956089e-01
9.915294628476168937e-01
9.725353108896631626e-01
9.962688968581522309e-01
9.973601952231248013e-01
9.722510770065680985e-01
9.629518210971512726e-01
9.710169400024916131e-01
9.833499647670231880e-01
9.902358957885427637e-01
9.953093421701123544e-01
9.962450879748315780e-01
9.951660907268545797e-01
9.768643308625598598e-01
9.827361769066469410e-01
9.829135908347974571e-01
9.894606070248299634e-01
9.870072606587343422e-01
9.900323785424230971e-01
9.919718487086608416e-01
9.892915918151715671e-01
1.008660664101305837e+00
9.886819483987142609e-01
1.009499764700454882e+00
9.872326408881821891e-01
1.010135892125003876e+00
9.903901141347366543e-01
9.955254703616011058e-01
9.715735155064405548e-01
9.995489877839387471e-01
9.878866024500559950e-01
1.006330568440113593e+00
1.014626337699043424e+00
1.005416351110251183e+00
1.006867522506262658e+00
9.951216150757632439e-01
1.042302067687355338e+00
1.003027028776481089e+00
1.003865602646607291e+00
1.015341350688420574e+00
9.869382965699518007e-01
1.003789069136986400e+00
1.001523999698067158e+00
1.005436850046522057e+00
1.006179052960699538e+00
1.000615392950233939e+00
1.002489443070500474e+00
1.009191520519565399e+00
1.023608660024028616e+00
9.957347631418337341e-01
9.899688840190857819e-01
9.945813450224708641e-01
1.019324604593607742e+00
1.000528081255963819e+00
9.797961349028214695e-01
9.931559106381079305e-01
9.921032893512237161e-01
9.983439342772301162e-01
1.000108164265608224e+00
1.005291117885157126e+00
9.899573308154089313e-01
1.012590053901297305e+00
9.888037565299044873e-01
1.003305452133781195e+00
1.006104248557653902e+00
9.906262090019368749e-01
9.996970127658763028e-01
1.008052584064958346e+00
9.957261518527759092e-01
9.941572045856803541e-01
9.930349917034071439e-01
1.000159921510588967e+00
1.007887126493945518e+00
9.855027316127633608e-01
9.774804487396367980e-01
9.758176012794796961e-01
9.828895120853218259e-01
9.832925365281172114e-01
9.877380375853648253e-01
9.879529979641489268e-01
9.898878397481598590e-01
9.779011389694559631e-01
9.905756233210263328e-01
1.004475868428118535e+00
9.917138353746303148e-01
9.818272646267933723e-01
9.881768567325202035e-01
9.845713995591890422e-01
1.017252954646884922e+00
9.836936264815671072e-01
9.806713568775830003e-01
9.787375290362416713e-01
9.768803465171038702e-01
9.787717471943180314e-01
9.756067746055905321e-01
9.786539621554128932e-01
9.660874033584985199e-01
9.654308079145902388e-01
9.827454792765804026e-01
9.711432294541881838e-01
9.674574978815045911e-01
9.789175649549592961e-01
9.737292192854742900e-01
9.755094846439719136e-01
9.654289035828030885e-01
9.608714260114126215e-01
9.854172385412256485e-01
9.805829572255478910e-01
9.673628816819649368e-01
9.685638723223578550e-01
9.792494198238212988e-01
9.731528231377594151e-01
9.786015292777394681e-01
9.917518189709546572e-01
9.625478375275782206e-01
9.727929854379591124e-01
9.729540477830189715e-01
9.598394580420516187e-01
9.805750241201908191e-01
9.734077386079061922e-01
9.777735245322758395e-01
9.586414669368548136e-01
9.646215873124691642e-01
9.638528759432627435e-01
9.749024264407961660e-01
9.723538426330773365e-01
9.661967410567077197e-01
9.620067501116096320e-01
9.730731556273556349e-01
9.661772574402746061e-01
9.621372670943142413e-01
9.747628678234023791e-01
9.656523895613829955e-01
9.681420192726262197e-01
9.576314396171932142e-01
9.577124618555864499e-01
9.625937739932836079e-01
9.604366739956301524e-01
9.756449889625582461e-01
9.695258574785510230e-01
9.666251506176404273e-01
9.770755348706932075e-01
9.525060561301659234e-01
9.640483123374093966e-01
9.621325590932758853e-01
9.833854668761270457e-01
9.760772955942523810e-01
9.741575022625025282e-01
9.792158926100263949e-01
9.779149117981462691e-01
9.772033104594048947e-01
9.913447679928363288e-01
9.950620361068496234e-01
9.755183815577649353e-01
9.824989475092641422e-01
9.853098060597040853e-01
9.803337894825923104e-01
9.748107231967768627e-01
9.848259100744839456e-01
9.734935231784115350e-01
9.676819003495643612e-01
9.708841273473368672e-01
9.825960088403448145e-01
9.782217925018273919e-01
9.733550868607647732e-01
9.788746779674538656e-01
9.781103828388113541e-01
9.758566745570341761e-01
9.903332159047352201e-01
9.778434781367132400e-01
9.848564323691542111e-01
9.610572754664421513e-01
9.735100723973827419e-01
9.727015414824753403e-01
9.832798023355207029e-01
9.638806339570162862e-01
9.730643623150107002e-01
9.813544566701150051e-01
9.690409575659186814e-01
9.846823429411762918e-01
9.946907382142277099e-01
9.834549157751998338e-01
9.802402408203026996e-01
9.848860343693801589e-01
9.845735207476816742e-01
9.817420989019316480e-01
9.711621763977984489e-01
9.893197749513531480e-01
9.753723104577124436e-01
1.000567382644979242e+00
9.860628760473477694e-01
9.797125099147846461e-01
9.684227234220794678e-01
9.846581152756259669e-01
1.000783089996879482e+00
1.003028131455226291e+00
9.916043141939312466e-01
9.898924449783230717e-01
9.932154781955669920e-01
1.003069855351282458e+00
9.773121789391425729e-01
9.874074185985206586e-01
9.978920174055817549e-01
9.930771974905009403e-01
9.885380069885130183e-01
9.984859117552918883e-01
9.905467889160296524e-01
9.786561447624659849e-01
9.920104189236159664e-01
9.893856754121244101e-01
1.001707841855394188e+00
9.808965959652033995e-01
9.870989821666553699e-01
9.813909240817526580e-01
9.928996696060417015e-01
9.989239496468859114e-01
9.927053404741573717e-01
9.791535142886110821e-01
1.003609460670080944e+00
1.001603833762773732e+00
9.909934635366619560e-01
9.797555815263196966e-01
9.933100930663099071e-01
1.001003887436296758e+00
1.002024352387653527e+00
9.944191486571160032e-01
1.008898507117119037e+00
9.940747209483489222e-01
1.002678603352144648e+00
1.008003786429157334e+00
1.016470372337702432e+00
1.000170703674378769e+00
1.003894275365290190e+00
1.001287652977223219e+00
9.823591566426821409e-01
1.001064496695115436e+00
9.988644826111956476e-01
1.012318717000914470e+00
9.940700960322500501e-01
1.011171432534718528e+00
9.995660339861421884e-01
1.010756290061509688e+00
9.964647561978184909e-01
1.016216092654901315e+00
9.933497267275136489e-01
9.826372573818310530e-01
1.010700345420409763e+00
1.015237844095629116e+00
1.012520477622820714e+00
1.013866745106552836e+00
1.009267823592609137e+00
1.002755755841537200e+00
1.007002496452582330e+00
1.016646605122640379e+00
1.010129937795384514e+00
1.017921623084776961e+00
1.028310781611046165e+00
1.012029842543100022e+00
1.001004595197910296e+00
9.956980476338171959e-01
1.005274799354552329e+00
1.004018936115609106e+00
1.005305226297787957e+00
1.016859858034276476e+00
1.001793929441306075e+00
1.017837811853889329e+00
1.011228056424065436e+00
1.003070323875568937e+00
1.011820690465484285e+00
1.033449141045411190e+00
1.003656305372285340e+00
1.018133181381890351e+00
1.008568814925149049e+00
1.016839721443699940e+00
1.019462785868006316e+00
1.019284722090908035e+00
1.004006745904735265e+00
1.020149352887739225e+00
1.025488688412536931e+00
1.020102378860087144e+00
1.002602595688614429e+00
1.009818375837355564e+00
1.012142940853250517e+00
1.023466214710479605e+00
1.020753154096514681e+00
1.007572874247325778e+00
1.004552096101853254e+00
1.028472827484025798e+00
1.010730326063789652e+00
1.012618909557002178e+00
1.033434344831183793e+00
1.012475306001544784e+00
1.011731840219022960e+00
1.008518999556523799e+00
1.010330432996251249e+00
1.001006566295911338e+00
1.006201381521812266e+00
1.015947111494289290e+00
9.960823123198025986e-01
1.014884673823266414e+00
1.018194077652736951e+00
9.986416683566061714e-01
1.007117418269763531e+00
1.002575706463918692e+00
1.012185401220997427e+00
1.007280744273888473e+00
1.018620591454595381e+00
1.022112713533651407e+00
1.001225655402986137e+00
1.016926438924338649e+00
1.027975989564572590e+00
1.010671149037744687e+00
1.017529775631793365e+00
1.016947886389059308e+00
1.007113977131448346e+00
1.000041188060539099e+00
1.008892336275934554e+00
1.003498868169048430e+00
1.007756326165319960e+00
1.013372064742910084e+00
1.010292016471560750e+00
9.993484902962905814e-01
1.010988588902326013e+00
1.019095386374153644e+00
1.017189724866863099e+00
1.027042667819674904e+00
1.007966249323702712e+00
1.022365061094866023e+00
1.020543599361207532e+00
1.002025987487469072e+00
1.019416263308786652e+00
1.017479642104084814e+00
1.025760249598688389e+00
1.017307796865482228e+00
1.019669449851095866e+00
1.011758807432095342e+00
1.016110335911508011e+00
1.030760624168415074e+00
1.008465378338867291e+00
1.018794330535869319e+00
1.032843585741796355e+00
1.027187694081812097e+00
1.020375615206777331e+00
1.015016526113712736e+00
1.017072384044285904e+00
1.014692300856490315e+00
1.000669791874225112e+00
1.022059675535663237e+00
1.014007065727924539e+00
1.006225361716366562e+00
1.025017813097234276e+00
1.011674613574437886e+00
1.023261107114483703e+00
9.969726353383968620e-01
1.002962332997023420e+00
1.019322070216957421e+00
1.004700999934347028e+00
1.022041055924578723e+00
1.018438879666105690e+00
1.013945876408560931e+00
1.022931028301341527e+00
1.018102521672185956e+00
1.007682887448194231e+00
1.004845584867084529e+00
1.023327536731362342e+00
1.018221719709426099e+00
1.022228923398112554e+00
1.011489868649419810e+00
9.900242057740187285e-01
1.012041175772179002e+00
1.013691216071910928e+00
1.022787346199624858e+00
1.008407492061506705e+00
1.012902297675992047e+00
1.024441570783026112e+00
1.012928003030765911e+00
1.010153495593564266e+00
1.010590506302448732e+00
1.007616875554768310e+00
1.006397275705592120e+00
1.011239838134045499e+00
1.001817990323067731e+00
1.006644147681325707e+00
1.008563638019458697e+00
1.004084065826428951e+00
1.009310625331878208e+00
1.015573371819222581e+00
1.015742500692010886e+00
1.017222308100730777e+00
9.998625687509344884e-01
1.006625714581158126e+00
1.005704813578259804e+00
1.014503484243426623e+00
1.012494548120779436e+00
1.000198945551545204e+00
9.859540223603563414e-01
9.931413379494883342e-01
1.009991557498642889e+00
1.008466730289362179e+00
1.000586980631260836e+00
9.991693187256421860e-01
9.913146283645781764e-01
1.010363539016292167e+00
9.867273357192122285e-01
1.004608856150829732e+00
9.968746263022019161e-01
9.866252166966424930e-01
9.952606386828367624e-01
1.000073393946792510e+00
9.953284537779415464e-01
9.943394794999345088e-01
9.993845899413889011e-01
1.013028574825943995e+00
1.000998880704636163e+00
9.913406147501006016e-01
1.004361898886596105e+00
9.824659708178400397e-01
9.968623809330163787e-01
9.908698234851115449e-01
9.876649333556754007e-01
9.892308874049215994e-01
9.923773668432919193e-01
1.003374597017202552e+00
9.962231691344078932e-01
9.916885553268078857e-01
9.905349322543395285e-01
1.002223354361746477e+00
9.783045214710979209e-01
9.988150647666350634e-01
9.785735096385184129e-01
9.874948685121652803e-01
1.002025105721260134e+00
9.861407862268041224e-01
9.999369791310506184e-01
9.808202870861505440e-01
9.960118540048141789e-01
9.872914867070162748e-01
9.817249551981498401e-01
9.891654806866815308e-01
9.856193649859856798e-01
9.805640353875401116e-01
9.895254404357248790e-01
9.896854775121438630e-01
9.923554678151128572e-01
9.913563826348565922e-01
9.882186573262569107e-01
9.986024589252227024e-01
9.816569501454716073e-01
1.008365921204333659e+00
1.000152832685090587e+00
9.836006172724698349e-01
9.943670709006267039e-01
1.005716382998077529e+00
9.812385475338873952e-01
9.996213183238118472e-01
9.803401250399529365e-01
9.829281584975064767e-01
9.843460424388720265e-01
1.006966971492147200e+00
1.000534282091463556e+00
9.925916936559384673e-01
9.899504295237605556e-01
9.858975831377625454e-01
9.854156574358524656e-01
9.944687029755434615e-01
9.784611554635144204e-01
9.846483001658241641e-01
9.783596423472700199e-01
9.970524669864043732e-01
9.950286855970346123e-01
9.819274590004321013e-01
9.782664538706372648e-01
9.837104778764094171e-01
9.837803818232243591e-01
9.909396036193592883e-01
9.879981491483904588e-01
9.923111483868659599e-01
9.917643410636665102e-01
9.931531923440839460e-01
9.752912570769618483e-01
9.634517304452042685e-01
9.957300057780630320e-01
9.828007832492688944e-01
9.977802342241757216e-01
9.975124853416874604e-01
9.940634950060974750e-01
1.002477666094231168e+00
1.004880322215127242e+00
1.005431221398061403e+00
9.736952453677987229e-01
9.897463884079532592e-01
1.012895227714852853e+00
9.944838353525564667e-01
1.004001241227180596e+00
9.982973441213830457e-01
9.959742511632694306e-01
1.000736663925217540e+00
9.997950102342031409e-01
9.924806272760288151e-01
1.006792107367119549e+00
9.922145719505340855e-01
9.861213934263248770e-01
1.009152937765521951e+00
9.888240619293702238e-01
1.002291567746550482e+00
1.006682569548538853e+00
9.875209905327394511e-01
1.006609281684361035e+00
9.915015854007643847e-01
9.908873720970489130e-01
1.025498865997347409e+00
9.980965803654948676e-01
9.927054686223503177e-01
1.009987083986705558e+00
1.001529915798857528e+00
9.855553542213018048e-01
1.010140734807373875e+00
9.995926709763631735e-01
9.953640180835153783e-01
1.006417899428824647e+00
9.910251512075654023e-01
1.000594970282860929e+00
1.011266526814686095e+00
9.939941709433387507e-01
1.005131073533482855e+00
1.006487535238192121e+00
9.963255117293872143e-01
1.000424266479921220e+00
9.995106205740802441e-01
1.016245623091139416e+00
9.937287037747716267e-01
1.020281155199540768e+00
1.013147489019172953e+00
1.012340312112118834e+00
1.007080448679103180e+00
1.001391622292682859e+00
9.989579846080323122e-01
1.001403535881478346e+00
1.007746201222937454e+00
1.000630432589663332e+00
1.006432779016495749e+00
1.009673223009033505e+00
1.007782785407529635e+00
1.009742006076013388e+00
1.014619183450578221e+00
1.010620652118238594e+00
1.018211750265100912e+00
1.007793541637328705e+00
1.009685643638916330e+00
9.891132407590047526e-01
1.010976684344311760e+00
9.802880159426411444e-01
1.007636351540477371e+00
1.001444068074032634e+00
1.002082501661045510e+00
1.017978478458054115e+00
1.004865473949683174e+00
1.029320624588832889e+00
1.011579456365063745e+00
1.005443301566565362e+00
1.017516714998917937e+00
1.008909629250703377e+00
1.014984210152135580e+00
1.014441682045110538e+00
1.003954231435040700e+00
1.012126351131866997e+00
1.027218868175504118e+00
1.013682341124865438e+00
1.021860222834638066e+00
1.014308943176098321e+00
9.863108371997674206e-01
1.006978123016816440e+00
1.020091805746723201e+00
1.001446460871564081e+00
9.996157531728668832e-01
1.006637979862940790e+00
1.004716259391889466e+00
1.001094647358016010e+00
9.923744825894117438e-01
1.020742626637160644e+00
1.017629274307154663e+00
1.016750849561769421e+00
1.002907353188664530e+00
1.011543276688207316e+00
1.018073014926532238e+00
1.017871628208472767e+00
1.028608126797251776e+00
1.014289974688444174e+00
9.979453892522629488e-01
1.020907617597191397e+00
1.012147420025726552e+00
1.010844563678332753e+00
1.005801025014672945e+00
9.994033524601576568e-01
9.902913712963916648e-01
1.023281912690475082e+00
9.999654468362759729e-01
1.016763174264314840e+00
1.019402941573219978e+00
9.853741791835475272e-01
9.919795462978964196e-01
1.002120496489080193e+00
1.008386678121813596e+00
1.001134960992457357e+00
9.991123652889108975e-01
1.014719460287580866e+00
1.003130611210443446e+00
1.011510790272031723e+00
1.023433974226192644e+00
1.023001787025440201e+00
1.001612073267328595e+00
1.006511477807030319e+00
1.023243796525660221e+00
1.005710328681932664e+00
1.019978852313207840e+00
1.016316045788060229e+00
1.003578265570175043e+00
1.018819600510036505e+00
1.013885037911902209e+00
9.906446399647650392e-01
1.015030254273371124e+00
1.022158693353066639e+00
1.024670072400561960e+00
1.011604678903531340e+00
1.018595610984229793e+00
1.010085945400999607e+00
9.974083407898096665e-01
1.015375528927475068e+00
1.022196172958871774e+00
1.015770157953544306e+00
1.003450345241019726e+00
1.006078253552317392e+00
1.012136947245805718e+00
1.008621179843026905e+00
1.005139545825157077e+00
1.017405377601273475e+00
1.016829624824110878e+00
1.025288764974666256e+00
1.023214665657496747e+00
1.009831967903769945e+00
1.022668464158258406e+00
1.014204403138908139e+00
1.010293307857534240e+00
1.024661003854287600e+00
1.007132353752805631e+00
1.014949147100389526e+00
9.994396579793081159e-01
1.017879094600861567e+00
1.011279828090442923e+00
1.018534479197878539e+00
1.014992438157715338e+00
1.006359638313009564e+00
9.945461538687185854e-01
1.008261306816445879e+00
9.982959805450377644e-01
1.009778116839576967e+00
1.001090913030672436e+00
9.926507201197436459e-01
1.020113441501440343e+00
1.005690151145644418e+00
1.015526339227648567e+00
1.023224267859301539e+00
1.004573678701737638e+00
1.010770293473290726e+00
1.019223921497081298e+00
9.986382090837940817e-01
1.011804343052997046e+00
1.001647636234733962e+00
9.978575809945264830e-01
1.014596504434959412e+00
9.964291381623336941e-01
9.846301868988314165e-01
9.956845252759103371e-01
9.934090255997031216e-01
9.960306762246148304e-01
1.013265673420499668e+00
1.000901222579288374e+00
9.957828922242530911e-01
1.000642117270248432e+00
1.013288525969899379e+00
1.002046094169484203e+00
9.895014886701761769e-01
1.001140591587610595e+00
9.957206872055254232e-01
1.004673926940979456e+00
9.887702900779018478e-01
9.919857842331419873e-01
9.791019369679031525e-01
1.010423860437094534e+00
9.949608809856532732e-01
1.007141603239082084e+00
9.950743127905787855e-01
9.992171637534512652e-01
1.003388372943025519e+00
9.982624751205227964e-01
9.874602159585281758e-01
9.896555623298849413e-01
1.003978549113645258e+00
1.011923023066935379e+00
9.774756539294113811e-01
9.758169011713285768e-01
9.877538314537314124e-01
9.837017269078093262e-01
9.748518079903442102e-01
1.005640594447286373e+00
9.899844775838223532e-01
9.787244379290179763e-01
9.926397619972905373e-01
9.973503442509856765e-01
1.003888271440617208e+00
1.002847729038827795e+00
9.940630284917741921e-01
9.886417249170947885e-01
9.836142317506376687e-01
1.021205787109899177e+00
9.894596681353033940e-01
1.008187932081869409e+00
1.013192896802518339e+00
1.001873360156822157e+00
9.806526369465451420e-01
9.910862760914999070e-01
9.918260871667818890e-01
1.009828849120469219e+00
1.001090965820131240e+00
9.905598619554332185e-01
1.012941071324118703e+00
9.934688467055798888e-01
9.866037372962680463e-01
1.009773332787292865e+00
9.929803927219899018e-01
9.943642408814042932e-01
1.022819656283266321e+00
1.014142186238706778e+00
1.022593946740733228e+00
1.001604128670739779e+00
1.005219431681215303e+00
1.015720574365503337e+00
1.011444488413638876e+00
1.011119611295306475e+00
1.015917666913313866e+00
1.010728960745593152e+00
1.009946386097712701e+00
1.014156167292702859e+00
1.018960413551136313e+00
1.032614647518365958e+00
1.015620782756724738e+00
1.027092249168709559e+00
9.951165781929787180e-01
1.030084802117766651e+00
1.001270958198569483e+00
1.022520272131883567e+00
1.022234649938960072e+00
1.013001478081447360e+00
1.004218528861850590e+00
1.021471082604091585e+00
1.011448787932219373e+00
1.009867818287231600e+00
1.029888243663714453e+00
1.023003690860944337e+00
1.014807824465389308e+00
1.040576989531105223e+00
9.997750270518002136e-01
1.019785316645537732e+00
1.014552764400876939e+00
1.016867232322310910e+00
1.025516278204205101e+00
1.034683539545119269e+00
1.020831858779257750e+00
1.026082634016741268e+00
1.008832581244893500e+00
1.006989391031462677e+00
1.047417817603865098e+00
1.026019422560460637e+00
1.022748799854206858e+00
1.020480101602172063e+00
1.024982379713298197e+00
1.011245719795158093e+00
1.016110467269881967e+00
1.017303549011054908e+00
1.010944298267812513e+00
1.023890277933702242e+00
1.013734526273094572e+00
1.028131704680734337e+00
1.016677209617213196e+00
1.037345751336648858e+00
1.011161797133288909e+00
1.035703613978526283e+00
1.032600114404843783e+00
1.036545685584257859e+00
1.011355909277851017e+00
1.003201369572895629e+00
1.012353489329854916e+00
1.034585030349728596e+00
1.022230156499943643e+00
9.977568639301989117e-01
1.014993513708663198e+00
1.006755665972456137e+00
1.032032596373492872e+00
1.020315338872986644e+00
1.005014283075456927e+00
1.007985114436972918e+00
1.021784377165888769e+00
1.020506195082935053e+00
1.006774564322750365e+00
1.026278454546923458e+00
1.027366312953999827e+00
1.050293219801501143e+00
1.039424838235824211e+00
1.020889617105624758e+00
1.047536318703979452e+00
1.004299038732192173e+00
1.023594049013180296e+00
1.033619601275311828e+00
1.054419933585419633e+00
1.037131393617738429e+00
1.036367633017865719e+00
1.050593172954680909e+00
1.031262636829173296e+00
1.043378987038749761e+00
1.017392430242645585e+00
1.018453219777449625e+00
1.020765868809770049e+00
9.936387262883950022e-01
1.018525472679251864e+00
1.045821188080248376e+00
1.021301769932851711e+00
1.012900677654266834e+00
9.792712829306229327e-01
9.940103291553634701e-01
9.974833084914815906e-01
1.009250159053247886e+00
9.886884150087934531e-01
9.960890242762070468e-01
9.808786821694073232e-01
9.855813114034145395e-01
9.737080665548958347e-01
9.391654544049744535e-01
9.367154823605827740e-01
9.372371742315562804e-01
8.734684724186499993e-01
8.478330567573615362e-01
8.164398977371620791e-01
7.860745990782228576e-01
7.321015463940725443e-01
7.282509654174493807e-01
7.044009521494544179e-01
6.764656640082342687e-01
6.643098852436816193e-01
6.586478124423373881e-01
6.809881829117226948e-01
6.826407079845132619e-01
7.209926475073509256e-01
7.453287598564862781e-01
7.491560018329006532e-01
8.078075103114059630e-01
8.395080046103030602e-01
8.516933863922102610e-01
8.853328051294303558e-01
9.071568942383051448e-01
9.302598639359481725e-01
9.590324962299225930e-01
9.505640727820939828e-01
9.722723888507297518e-01
9.851738247084960154e-01
9.982245526144478687e-01
1.012431203914357702e+00
1.027939689299397941e+00
9.937092942857087552e-01
1.046642143871878483e+00
1.012034673374128557e+00
1.004692429290871880e+00
1.008257580684997157e+00
1.014331621301201913e+00
1.030243204515709943e+00
1.041667519024431332e+00
1.032397033745244608e+00
1.011282471331447663e+00
1.051575882168553910e+00
1.043039343262089913e+00
1.037484297714550197e+00
1.041614689174075403e+00
1.009930018684870978e+00
1.066383683013784944e+00
1.069044531791785380e+00
1.025105484434844394e+00
1.036859615897903764e+00
1.052179158632026157e+00
1.040272051439836920e+00
1.047240710175222134e+00
1.021040988253006487e+00
1.022369227852305107e+00
1.029078326719628622e+00
1.022521137515448375e+00
1.040290190099294909e+00
1.057232562176998680e+00
1.045570018416686064e+00
1.009709577508065337e+00
1.027776446205609373e+00
1.038161490967453915e+00
1.042286630362593502e+00
1.061744706067805355e+00
1.002167231112360835e+00
1.034513925052207739e+00
1.007192537247682651e+00
1.039349810673541930e+00
1.020380817517296368e+00
1.028070214566642493e+00
9.971387921258333398e-01
1.013786854516485425e+00
1.026606507951105307e+00
1.015423539054121083e+00
1.031868788811729720e+00
1.032084300401860055e+00
1.038054830599521194e+00
1.008316106803659240e+00
1.013294141194151399e+00
1.012131081849519498e+00
9.984316186951166516e-01
1.022858739791041138e+00
1.036144311641128635e+00
1.035923066956231819e+00
1.045149255641171226e+00
1.046434403499724608e+00
1.001770231402590250e+00
1.006139805389073993e+00
1.001170930320953945e+00
1.023363450442282607e+00
9.908428083429733357e-01
1.025458059201279859e+00
1.010081110029185991e+00
1.013081318679472043e+00
1.037494536025186154e+00
1.018566998629101050e+00
1.001522212564994296e+00
9.995895681462676485e-01
1.045571128654455118e+00
9.934934219457626225e-01
1.003896951828433082e+00
1.015299702963627704e+00
1.052366847567914432e+00
1.012864748723306008e+00
1.029939829947823071e+00
1.035066618568932117e+00
9.766991352851873698e-01
1.029742546865871855e+00
1.006106624596706967e+00
1.018098972124216184e+00
1.032173363697295176e+00
1.039165070567078519e+00
9.822791374578254686e-01
1.037819802496003918e+00
1.011865009837571883e+00
1.036808704302093043e+00
1.034897908481263062e+00
1.072723828516586320e+00
1.033605407199851056e+00
1.056594089721229146e+00
1.020621613952008122e+00
1.023054947999036957e+00
9.880094322159502784e-01
1.004951877387292969e+00
1.015870040035434130e+00
1.027682677146476209e+00
9.945211323968085049e-01
1.005177898180010798e+00
1.035270198198467551e+00
1.030334116724620719e+00
1.011976849364357722e+00
1.007463903882432010e+00
9.803811423089849875e-01
1.001460068854966190e+00
9.911846876168105558e-01
1.018171842275997996e+00
9.744678172590677256e-01
1.026770462542790474e+00
1.036102695696912601e+00
1.025779363581580395e+00
9.870809972479570593e-01
9.975494618849446438e-01
9.872123367029566054e-01
1.034683875344245552e+00
1.032210651185022421e+00
9.896506746093276519e-01
9.664332713286871712e-01
1.030877908775022833e+00
9.911278300238719474e-01
1.019595692172309720e+00
9.589194867579907688e-01
1.000585390364201244e+00
1.009284479622094999e+00
1.001511633299464910e+00
9.851608427912760257e-01
1.014592051871933354e+00
1.014543945382627044e+00
9.873735902204175963e-01
1.011522897574220314e+00
1.068152445286279839e+00
1.001889028250583014e+00
1.001387005984651912e+00
9.766703478856136877e-01
9.633508453369888924e-01
1.009648879408230115e+00
1.054639355953104873e+00
1.012149506850236635e+00
1.007907371042730205e+00
1.011136214162639879e+00
9.968823061880357495e-01
9.848918868333910170e-01
1.011448444621286136e+00
1.030551633613566942e+00
9.853708376834019456e-01
9.839388733520368913e-01
9.980638343015146852e-01
1.019600251369499055e+00
1.016434061758443530e+00
9.897007326643773029e-01
1.018271777060021144e+00
9.815454269510225371e-01
1.000295762088852403e+00
1.014179690107666065e+00
9.921116721761638058e-01
1.001715642103762516e+00
9.986951454956571883e-01
1.049190117676709111e+00
9.821915112698054173e-01
1.009020140098283669e+00
1.010211076109973627e+00
9.441306490375204197e-01
1.016659811272870861e+00
1.044641192057609080e+00
9.191258059959568349e-01
1.030306493788116784e+00
1.014523421967152172e+00
9.842911981556591305e-01
9.692383629929552935e-01
1.038824288502787629e+00
1.022381357977785177e+00
9.738822157851775296e-01
9.448096959279802531e-01
9.885771686227556865e-01
9.664519311697887805e-01
9.897145679125882722e-01
1.067932877570316519e+00
1.011464867026250269e+00
