1.048445161882804566e+00
1.075648202703026302e+00
1.066707963711862606e+00
1.064874232043009350e+00
1.050132338925765962e+00
1.063563047028456721e+00
1.040725425982302443e+00
1.046236403826735994e+00
1.045799140913693526e+00
1.065930363785204893e+00
1.056804730179776053e+00
1.065842908718754201e+00
1.066205425428570441e+00
1.058512323580004466e+00
1.054911622410081407e+00
1.052379684718905306e+00
1.052670471818584197e+00
1.039031759513625142e+00
1.039040189425200156e+00
1.031072483872299106e+00
1.037027091568798465e+00
1.052893176771106498e+00
1.045555671125245611e+00
1.058286322904549159e+00
1.048368600063321887e+00
1.061695195953452409e+00
1.066782850223510382e+00
1.057855255536447325e+00
1.053292259712252710e+00
1.060765719381921768e+00
1.038910955721895624e+00
1.058173749919497642e+00
1.045522090516039393e+00
1.055788553629924520e+00
1.056981624607087555e+00
1.053097537587538213e+00
1.041671331975566828e+00
1.051673243042851036e+00
1.030520235920080463e+00
1.034548630387152279e+00
1.038573466332905593e+00
1.030973982503359032e+00
1.042085335810521540e+00
1.050132095755104134e+00
1.064483272826672211e+00
1.073796081579250217e+00
1.080601009209339214e+00
1.073384792990066616e+00
1.077328816670495515e+00
1.094159111438073095e+00
1.075057968048965584e+00
1.071840808418440982e+00
1.053911715058915455e+00
1.050736332933968509e+00
1.043563076370813913e+00
1.027211478354804086e+00
1.016242186915537582e+00
1.031364044857311812e+00
1.027842190362685759e+00
1.020033943335357796e+00
1.016959985603878458e+00
1.007563936556686635e+00
1.022016635814481544e+00
1.017886807459406517e+00
1.023454436705189430e+00
1.025151976802219256e+00
9.980548603607509728e-01
9.991754459516195563e-01
9.931205634562071394e-01
9.917437788675622645e-01
1.001089436184666948e+00
9.920351177296037326e-01
9.937804101729200701e-01
9.910960382186501105e-01
9.904905504963433804e-01
1.008273690787707233e+00
9.957092335596631205e-01
1.006169580742197533e+00
1.007116533980394690e+00
1.014626058936465736e+00
1.000750552951948924e+00
1.006656699176875502e+00
1.000213051133181263e+00
9.996832936606672160e-01
1.001391449948769719e+00
9.972422721656488687e-01
9.959018178168960178e-01
1.002838098933854560e+00
9.925249718011258659e-01
1.009155587316998837e+00
9.999257845207453199e-01
9.861520466245587979e-01
9.933205686825917757e-01
9.876805102927995739e-01
9.687421413633732215e-01
9.565931144662138674e-01
9.601948848360376543e-01
9.480247737072654557e-01
9.514658114025165148e-01
9.493858948345784698e-01
9.464076994660648445e-01
9.488047034187515605e-01
9.547002427762406596e-01
9.296782708603585910e-01
9.243299124454239513e-01
9.124844460243306532e-01
9.243228495854806104e-01
8.974527776008111024e-01
8.990628824929172147e-01
8.978022755808922062e-01
8.901461307628671937e-01
8.685044953870604267e-01
8.734097581070385807e-01
8.679656727639756264e-01
8.468214518331025342e-01
8.647079436177520506e-01
8.553639636952998782e-01
8.706955658210953075e-01
8.688608173445222516e-01
8.862859906181236314e-01
8.861447008162433026e-01
8.927827523292417577e-01
8.995224299811549473e-01
8.923465966177857034e-01
8.814770122467826541e-01
8.775373172158250634e-01
8.622121127457835765e-01
8.143325135358996381e-01
7.733969595859780943e-01
7.358078766756003253e-01
6.872704846087287489e-01
6.858038237923953506e-01
6.583301966909719249e-01
6.493643594600695401e-01
6.703968584829481658e-01
7.007357829425450158e-01
7.408809167710496135e-01
8.067742566004808547e-01
8.584056822625328875e-01
9.124197023794757833e-01
9.545201870547250778e-01
9.818405435864799857e-01
1.003665173064096194e+00
1.014256380956605419e+00
1.004311836364978561e+00
9.894244555451879863e-01
9.973515915326284231e-01
1.008171623557660546e+00
1.017759722385059407e+00
1.020571375273346515e+00
1.033201444953263382e+00
1.019185360373356275e+00
1.033045550398389745e+00
1.037224542699183738e+00
1.023889678211421961e+00
1.019348563442321387e+00
1.012016816306740230e+00
1.005767855003772304e+00
9.995313530108813627e-01
1.004511718488635852e+00
1.007253678988520251e+00
9.915716043295907944e-01
1.016101998124922190e+00
1.011440346681615532e+00
1.021734187865956489e+00
1.030320481212600559e+00
1.029507564502764261e+00
1.029898644448753675e+00
1.042351391416416195e+00
1.029589062077218120e+00
1.032956199774296868e+00
1.013041007801950721e+00
1.029272238838172315e+00
1.021877923927082543e+00
1.024398407869278271e+00
1.028334533789636573e+00
1.030447488030186376e+00
1.022561610160533929e+00
1.025260017061881967e+00
1.033109863220012858e+00
1.006634008903390276e+00
1.022727197604379468e+00
1.017249030193670301e+00
1.011480453494045140e+00
1.011350454520838937e+00
1.017979381634837255e+00
1.005974189151883413e+00
1.013614093647600578e+00
1.017313621240246491e+00
1.015005953179479503e+00
1.018886104980398777e+00
1.010343413346067587e+00
1.021155396685218930e+00
1.018352641055816132e+00
1.005416004385852657e+00
1.024823596538776638e+00
1.010654769400069153e+00
1.017561118439817225e+00
1.017269362727506898e+00
1.010495839538607221e+00
1.017972592820445499e+00
1.019694541288636458e+00
1.018614000637178885e+00
1.028757704673276097e+00
1.016873420233235015e+00
9.987012928215664997e-01
1.002900318012249326e+00
9.968796639214231314e-01
1.009298405362019535e+00
1.008139943730812949e+00
1.011208689308929820e+00
1.013540593118149369e+00
1.017095721093425054e+00
1.011565120338498547e+00
1.020639840452957081e+00
1.015266603557722691e+00
1.013302988851261022e+00
1.000500385609290888e+00
9.970233790674672969e-01
9.919784681726599995e-01
9.892020300612767159e-01
9.797069154347464170e-01
9.797391835229324331e-01
9.842084105885903211e-01
9.882396912959893198e-01
9.876941631004576561e-01
1.007909055359270889e+00
1.026019892748343931e+00
1.016734983975075668e+00
1.020755893911648782e+00
1.014461870189998782e+00
1.018476330306416600e+00
1.015415699478809053e+00
1.005629259479222437e+00
9.987991452940578885e-01
1.005795810412663194e+00
9.864991926198960481e-01
9.904896410924789452e-01
9.866816936527810222e-01
9.937862533583525781e-01
9.896487631265172835e-01
9.844226135958076274e-01
9.844138880643900080e-01
9.896200566841275581e-01
9.957124740385950856e-01
9.892314515481268611e-01
9.860568717724126353e-01
9.912057500626275663e-01
9.914867298549322472e-01
9.981931878841681094e-01
1.008505059471270560e+00
1.015728573464497853e+00
1.012142174233144898e+00
1.011143130442148985e+00
1.019268913810515986e+00
1.033097882153618530e+00
1.019066591360725527e+00
1.023101680815232228e+00
1.019099268817271087e+00
1.021538922864581700e+00
1.007715189163736369e+00
1.010990740523343145e+00
9.994339275789925203e-01
1.000790408441323942e+00
9.998424229028586296e-01
9.930568045047132308e-01
9.842415996747413409e-01
9.816051029914888426e-01
9.764866972463503991e-01
9.820417987745493349e-01
9.929177938005552262e-01
9.906812885223614806e-01
9.835529190392028331e-01
1.004066884106538327e+00
1.012024977338306320e+00
1.002507351097071897e+00
1.007082806298877253e+00
1.003310754119280279e+00
1.001939026604363070e+00
1.000890346626661209e+00
9.992056929547024069e-01
1.013104452348693840e+00
1.007167619204318409e+00
1.009413270508575655e+00
1.000762012104465137e+00
1.000499762997559605e+00
9.990237210821275582e-01
1.025815353523812368e+00
1.019844854742993023e+00
1.029940233878087197e+00
1.031469272234336820e+00
1.030697626245519416e+00
1.029064041406249963e+00
1.030181580367922622e+00
1.031424028654370106e+00
1.027300089783993453e+00
1.020650974222080176e+00
1.016940480565377447e+00
9.889738158236800469e-01
1.001214081739240980e+00
9.977759433781557830e-01
9.908996069668726259e-01
1.002806670187687876e+00
1.002305876072122626e+00
1.008110611522972988e+00
1.016719129084526108e+00
1.020334900554006330e+00
1.010923043319648773e+00
1.009345302882397988e+00
9.949084190095716096e-01
9.956608010694838473e-01
9.988214179446220919e-01
9.953875757150683068e-01
9.934460669111027098e-01
1.003589443308915197e+00
1.015429628783383054e+00
1.013056411032038362e+00
1.025349629080441360e+00
1.032269854668797615e+00
1.034534014295297011e+00
1.038326614791242442e+00
1.030464405244402526e+00
1.032686409787020310e+00
1.036141543963867484e+00
1.016106915863035365e+00
1.006764826734051654e+00
1.014013404115073902e+00
1.006797040535960752e+00
1.005976433362357536e+00
1.005609223968142452e+00
1.008670273603725631e+00
1.011630851553908306e+00
1.007006564594535414e+00
1.014441067423184295e+00
1.006644700960250827e+00
1.015971229916870389e+00
1.017907537771165716e+00
1.004950120199561869e+00
9.954709877608721724e-01
1.006010586119779671e+00
1.005158586253044106e+00
1.006507897755066772e+00
1.014912553900680470e+00
1.011836506592508789e+00
1.015368328742739967e+00
1.024873306980195187e+00
1.012151872126536789e+00
1.027064786791215489e+00
1.025165847706599465e+00
1.040984173900153964e+00
1.041373128658991565e+00
1.044100082704974009e+00
1.046658340315321123e+00
1.039580870693425974e+00
1.031047823904071903e+00
1.034797048960973909e+00
1.020108189944789912e+00
1.014173336104563061e+00
1.005016516045386998e+00
1.004700660421355085e+00
1.000773684128346774e+00
1.003900456006259212e+00
1.009169966289507947e+00
1.014359896697867081e+00
1.020001772801685913e+00
1.031609771317924418e+00
1.024914975381906901e+00
1.035067542840578669e+00
1.026626861920244549e+00
1.012449682903300285e+00
1.007547273732523729e+00
1.005332582544638198e+00
9.933980942541603687e-01
9.996759753088001466e-01
1.009789099081077612e+00
1.012427343652196221e+00
1.023987681346450573e+00
1.037655429106359550e+00
1.034098943360547196e+00
1.034988785359100882e+00
1.039882935949468123e+00
1.026925234807519294e+00
1.027114077613083820e+00
1.030126144941774902e+00
1.025051113530522029e+00
1.027738424881522672e+00
1.026082474341314166e+00
1.013708261617257911e+00
1.006304504989245174e+00
1.013849109848232732e+00
1.007872108012636492e+00
1.001189512107731661e+00
9.932457515503158030e-01
9.810219425254040893e-01
9.880330437566062773e-01
9.686860055005765968e-01
9.481520811973868090e-01
9.368740834157124331e-01
8.963814749907196289e-01
8.850801128832797016e-01
8.994661510009485106e-01
9.193901279398843940e-01
9.382710584786055907e-01
9.699306913593952473e-01
1.011870502819845363e+00
1.018127825544835607e+00
1.013390199291087423e+00
1.022778145364240832e+00
1.018451459240924839e+00
1.021459780941374795e+00
1.039281137637480867e+00
1.041283933097359782e+00
1.037493104263297328e+00
1.045056333140764071e+00
1.050443150844247775e+00
1.054909710968865655e+00
1.052077677400874212e+00
1.065958517581272247e+00
1.067605648914064842e+00
1.076997615213748150e+00
1.072600114254474324e+00
1.073282789863997833e+00
1.064863297738672498e+00
1.072412778589911131e+00
1.063099756485766045e+00
1.072491374729625635e+00
1.066966356640852709e+00
1.059875871237645706e+00
1.071275524795491041e+00
1.077722788817661037e+00
1.076658682888945284e+00
1.085622120430565385e+00
1.080076010015784238e+00
1.076037382609787318e+00
1.073333965934383905e+00
1.065967559994133396e+00
1.063776794706579709e+00
1.061022889177615003e+00
1.058447143484964048e+00
1.057096656256066414e+00
1.058073970998571145e+00
1.066179061497173119e+00
1.074705032921622783e+00
1.084315335799462376e+00
1.091167884121729159e+00
1.071887862525506607e+00
1.078366950849429351e+00
1.064669636349026005e+00
1.059882657237961823e+00
1.031450959912568965e+00
1.018561526286260843e+00
1.000456358328716044e+00
9.767993880658429884e-01
9.587249914171739329e-01
9.602410340543610090e-01
9.614625925353410540e-01
9.740121478505296970e-01
9.800696855277387654e-01
9.984390581468667314e-01
1.008678981280257680e+00
1.027751740575627792e+00
1.036407645070885231e+00
1.048358816105454450e+00
1.046608814468636295e+00
1.052454085728791400e+00
1.033907705668853927e+00
1.041393531233905767e+00
1.034435400169556152e+00
1.035113316650210225e+00
1.038036461338887495e+00
1.030228791964489243e+00
1.034969227337461550e+00
1.036003828250670056e+00
1.042205572005510117e+00
1.039913504739619743e+00
1.044784906018774606e+00
1.034829932960739995e+00
1.033938987689504208e+00
1.034540783545845999e+00
1.032818286077835435e+00
1.034029302169566567e+00
1.035109906298837146e+00
1.037318781434095172e+00
1.037948466742527609e+00
1.037331775286598257e+00
1.035763031859957550e+00
1.038537405852251627e+00
1.030211247981748679e+00
1.033228760903936783e+00
1.033343479762316441e+00
1.022541830062771551e+00
1.017715867361382864e+00
1.015394301243951247e+00
1.012515675227769529e+00
1.018018496455386668e+00
1.025907680323222770e+00
1.039253053655372350e+00
1.035735677597262372e+00
1.046811951037655453e+00
1.061407441831887732e+00
1.065322471740961285e+00
1.052841537773997249e+00
1.047127425746986251e+00
1.053367413723711010e+00
1.044116855132565913e+00
1.035430049814824560e+00
1.029132908294473792e+00
1.027458599287388807e+00
1.026751645192375939e+00
1.032384698841634529e+00
1.037651978542675657e+00
1.042924239408006937e+00
1.039045849084170747e+00
1.041264704532707919e+00
1.029123225719309476e+00
1.033601541779239907e+00
1.034363906988455373e+00
1.031749568258138350e+00
1.024734647899144147e+00
1.027592320315998009e+00
1.023975826015420143e+00
1.026586511255730194e+00
1.013302883426498768e+00
1.014993230305489380e+00
1.021616182869190315e+00
1.026584802682852349e+00
1.019454339638636631e+00
1.021975500209622023e+00
1.020473468440578513e+00
1.023674606714739088e+00
1.029315925903235840e+00
1.026175411804402859e+00
1.028830316651924592e+00
1.019893616675205505e+00
1.028561023898217242e+00
1.026454447756164789e+00
1.007673487565443171e+00
1.011296702123179125e+00
1.002526612955526142e+00
1.003496932152946330e+00
1.003591054729782828e+00
1.009726011387246825e+00
1.021698998215168741e+00
1.025921319419957456e+00
1.018975188302523538e+00
1.033942024171050189e+00
1.033204362483437277e+00
1.041574356380521094e+00
1.031530246668858508e+00
1.039376690057376873e+00
1.039288053807190471e+00
1.026082897213290934e+00
1.041788140681696007e+00
1.041759836467130995e+00
1.034947735208048281e+00
1.039066006856169677e+00
1.032731059930400042e+00
1.034235217811974916e+00
1.040368263500445201e+00
1.035641258831756950e+00
1.035613110530841041e+00
1.030319252964183141e+00
1.016877883697330676e+00
1.005028644146600758e+00
9.965714172222456257e-01
9.785431132622832706e-01
9.797001678113093082e-01
9.614283087708122011e-01
9.585032647300226749e-01
9.623382544334365685e-01
9.629336153715691848e-01
9.742628341866749198e-01
9.775834821745416070e-01
9.912997161731255114e-01
1.000066848996392643e+00
1.007176244054311276e+00
1.008599340881612516e+00
1.011542314760381034e+00
1.016047980100587056e+00
1.010521465275296293e+00
1.013231616498355026e+00
1.009075203510176211e+00
1.002659039966409260e+00
1.004371196019650636e+00
9.955318586546280102e-01
9.880365611533720172e-01
9.780511575543371361e-01
9.736859337862713293e-01
9.753648231434339788e-01
9.777060811047099120e-01
9.797666226032261116e-01
9.810067906258375103e-01
9.817083268088845349e-01
9.800855121859428642e-01
9.907757038764899438e-01
9.875893715628247804e-01
9.889850811253499963e-01
9.931039171184607994e-01
9.811044615576349770e-01
9.678821171173584981e-01
9.721957542531947105e-01
9.641767110107101191e-01
9.499090820141470326e-01
9.481416381875606980e-01
9.367936492188377873e-01
9.241276356149988880e-01
9.266952471655156565e-01
9.364435676002349496e-01
9.454888022359788646e-01
9.480623616967072120e-01
9.549412416242293311e-01
9.579441227257844416e-01
9.588383018641554179e-01
9.590058226761986049e-01
9.593258932079127277e-01
9.491776272979042250e-01
9.465390010677214860e-01
9.360452712167977030e-01
9.278686330355100376e-01
9.187937312615035435e-01
9.145897953936792391e-01
9.176476637987354135e-01
9.270976652401033968e-01
9.198249325153453615e-01
9.388937550774151264e-01
9.453291322891339554e-01
9.499092142731060395e-01
9.583623739374753647e-01
9.720177535624040521e-01
9.669170092457138876e-01
9.672023963481618525e-01
9.592259344546638644e-01
9.637526488542188519e-01
9.413986538761229816e-01
9.325555458989203128e-01
9.164953575165925015e-01
9.038189409811107078e-01
9.050739848258851916e-01
9.177695606267417539e-01
9.177404531724884240e-01
9.230730343096003043e-01
9.351321978834800097e-01
9.475439844830250147e-01
9.504658989789304124e-01
9.527818167249512138e-01
9.563243270636356819e-01
9.584142232326420263e-01
9.534109986697661965e-01
9.530878766053563211e-01
9.443462524218367848e-01
9.316418966281829750e-01
9.289532658054868719e-01
9.174812696865938255e-01
9.047423200063834381e-01
8.893279104186280204e-01
8.862698062395407694e-01
8.830722106014540218e-01
8.849193402558462873e-01
8.938280194011004598e-01
9.010452807286076782e-01
9.231703217150714069e-01
9.298481969345564480e-01
9.306997052855876529e-01
9.322106486002141867e-01
9.318352181531524003e-01
9.279742192305727722e-01
9.279794429350508578e-01
9.266066912020528568e-01
9.266094793719931166e-01
9.276857221318994817e-01
9.411097665768217713e-01
9.472322409012283728e-01
9.515032615468785870e-01
9.499992393318614781e-01
9.538580488719989869e-01
9.605574921361292873e-01
9.504465326556108540e-01
9.438551978200685477e-01
9.507165380011850520e-01
9.555456734674673269e-01
9.540146750248499341e-01
9.454743254935489283e-01
9.554513170908744968e-01
9.644997310600741391e-01
9.641420508701645797e-01
9.534148944939755399e-01
9.483384708346866976e-01
9.363974261709069324e-01
9.411789528716612008e-01
9.338616120895903983e-01
9.315469456653541203e-01
9.471200945845437147e-01
9.530641084534373642e-01
9.630573073840213993e-01
9.748471931813950109e-01
9.823501335084033892e-01
1.002502252346811673e+00
1.009499356492818301e+00
1.009220328891429652e+00
1.004456173590097867e+00
1.006778368303028470e+00
1.005516156795911220e+00
1.003801513789062572e+00
9.958567868764809372e-01
1.003595835734607977e+00
9.924889790310383875e-01
9.914467837927173344e-01
9.833622121376107694e-01
9.876337103604982959e-01
9.828948372945611744e-01
9.819048329305392064e-01
9.668288107020162059e-01
9.649972249548033343e-01
9.694305561950248284e-01
9.776698995188870533e-01
9.861015270427080370e-01
1.001464641295652047e+00
1.010518166805846940e+00
1.016360661631430462e+00
1.018129602131794043e+00
1.016061112356422047e+00
1.012567404152576955e+00
1.008090441712986784e+00
9.951734984371292114e-01
9.875932081597103007e-01
9.832422708506391995e-01
9.811903514876663124e-01
9.749499902039181487e-01
9.664777805792129639e-01
9.596992640923542872e-01
9.468793200061362825e-01
9.385162697742973625e-01
9.407253714034602421e-01
9.333913524294721320e-01
9.379740489840211470e-01
9.454402363956533328e-01
9.455157387640386046e-01
9.628341128225017531e-01
9.671741962305708817e-01
9.851050425737113425e-01
9.874644483693613140e-01
9.899247189367076372e-01
9.974125594286188390e-01
9.975234749985905092e-01
1.001977909239316844e+00
9.945479842127372683e-01
1.004888773337875962e+00
9.993592611660139235e-01
9.920510900511215757e-01
1.002978661195629728e+00
9.916325772798013638e-01
9.805011260820785113e-01
9.751892356737479339e-01
9.591488005753303625e-01
9.586988736938503175e-01
9.574104078697089903e-01
9.517871890161094806e-01
9.648486687563426756e-01
9.642180444861254696e-01
9.701440842082001970e-01
9.741616084230587669e-01
9.926126858672822406e-01
9.976727812977603804e-01
9.895407922262312583e-01
9.803718286157125927e-01
9.817400582259079300e-01
9.803373571549576226e-01
9.796508156189516203e-01
9.768886464854314999e-01
9.829720396958534501e-01
9.898424114354300585e-01
9.869731130889943804e-01
9.950615881665639817e-01
1.003592013966083440e+00
1.004656577369500869e+00
1.013612299664271355e+00
1.014398056300159556e+00
1.020692273610480871e+00
1.009151706275399407e+00
1.002582138464481298e+00
9.998984598919665734e-01
9.948363685431200754e-01
9.903847048333017655e-01
9.899078509932995873e-01
9.901923867736591722e-01
9.933162867959340891e-01
9.948971796399035394e-01
9.971296256068937769e-01
9.944440673806228537e-01
9.971914583233159046e-01
9.990121000408767049e-01
9.949641494790666396e-01
9.900828652716181510e-01
9.872904548253277346e-01
9.847546458337186337e-01
9.852320016992410778e-01
9.855228762741409243e-01
9.818291805175145548e-01
9.829948562257403433e-01
9.921746488507114936e-01
9.909275424233801033e-01
9.941280757526339551e-01
1.005172674141272759e+00
1.010011707348814625e+00
1.015471391953910230e+00
1.020715407664324115e+00
1.038202418672680372e+00
1.043953907835938333e+00
1.041458742926932191e+00
1.040094743579534242e+00
1.045827871674020138e+00
1.037356812532280070e+00
1.036335652826472664e+00
1.022032038315649816e+00
1.018979915567451044e+00
1.013015301519301303e+00
1.007970927105716896e+00
1.005187531946946988e+00
1.004698342726831228e+00
1.011923276787980663e+00
1.015035208230264496e+00
1.030485833140288854e+00
1.030370213579214322e+00
1.032372411755903441e+00
1.034907429780867583e+00
1.031745893218812382e+00
1.038304218798805412e+00
1.041751057781195255e+00
1.051526799886086661e+00
1.045263877250261597e+00
1.047501001374388840e+00
1.046588190633592763e+00
1.043163828767684098e+00
1.043161669413863013e+00
1.034831555149260840e+00
1.037211942706272261e+00
1.032006885039122412e+00
1.031954720924058710e+00
1.033360740806245071e+00
1.039636369910552194e+00
1.035247491935384900e+00
1.041272334902010321e+00
1.036588241516492204e+00
1.038791751772387695e+00
1.032554448547434278e+00
1.031804908482504279e+00
1.017009144111725494e+00
1.007112608695313494e+00
1.004101793764151207e+00
1.000185118951306906e+00
9.967909653641374712e-01
9.948262626132624575e-01
9.933890255506468980e-01
9.864104324954716674e-01
9.790899905088494837e-01
9.818868229636517064e-01
9.836965180686594312e-01
9.771724806133503805e-01
9.818003824854757422e-01
9.891009889107978958e-01
9.923712266152385775e-01
9.921360949919409977e-01
9.929471127071097802e-01
9.916977738773498086e-01
9.889210569388920957e-01
9.884759607969395567e-01
9.930373890328423325e-01
9.969189931096102963e-01
9.993278397661556900e-01
9.987153472753441674e-01
1.003249630972999906e+00
1.003999070923760728e+00
1.001685644441867584e+00
1.008994232581426731e+00
1.014795450540803889e+00
1.011327949564274187e+00
1.009466446235747883e+00
1.012940715000562486e+00
9.980465867587822171e-01
1.002188493174571704e+00
1.004052055763216655e+00
9.923744966731758987e-01
9.947988762363870752e-01
9.907117102960484312e-01
9.924599874065144212e-01
1.005495033519050896e+00
9.999954516070940214e-01
1.009687318015599855e+00
1.010444109559056169e+00
1.017540562734578602e+00
1.021346768989006337e+00
1.017396156890882253e+00
1.020460862776371602e+00
1.031438987892019821e+00
1.035487939053738815e+00
1.044024697042381211e+00
1.035198025711782099e+00
1.026201020247839102e+00
1.025713592425955945e+00
1.026732717457304433e+00
1.016568607452116968e+00
1.018387075452194868e+00
1.020934010457461794e+00
1.011637142659902455e+00
1.008758370256569004e+00
9.987092677068645230e-01
1.000391961466738699e+00
9.927307574797129552e-01
9.967572996268297958e-01
9.868942976053705074e-01
9.965654019681714493e-01
1.002848012136197342e+00
9.944250760975120729e-01
9.855120697250771000e-01
9.941334658927728496e-01
9.875253651740197869e-01
9.907992494741909573e-01
9.903651720508195311e-01
9.955723742919113661e-01
9.975786921997122914e-01
9.987135696651255889e-01
1.009759519650918369e+00
1.006640711316006298e+00
1.008543699499993673e+00
1.019869097499095378e+00
1.012297852727332304e+00
1.023751022710221337e+00
1.018269651720160818e+00
1.020214775642882765e+00
1.024646846886593909e+00
1.017949502622802704e+00
1.016971967371355756e+00
1.009688011041341094e+00
1.013205745664357726e+00
9.992035829162719818e-01
9.910557074898871388e-01
9.919406204063913046e-01
9.834765751589000793e-01
9.906801638978249835e-01
9.950937226247984491e-01
9.945310196688480486e-01
1.000679170022266140e+00
1.008311991311703348e+00
1.011744409059184058e+00
1.015632262934266006e+00
1.020760299243199887e+00
1.018049374954115738e+00
1.017044645377979117e+00
1.003911735932456750e+00
9.912592677300164912e-01
9.724782360755128696e-01
9.537043214640055222e-01
9.460552876185456261e-01
9.196704302687203070e-01
9.060250903778811482e-01
8.786068343266814074e-01
8.691552128843852421e-01
8.656197130751273061e-01
8.639953982101414853e-01
8.726351099073088591e-01
8.932644634857864752e-01
9.129131268474451888e-01
9.289119354113486438e-01
9.512464723327072047e-01
9.720557197747839995e-01
1.000941627813336066e+00
1.012998620362182578e+00
1.019517116217186992e+00
1.020644606416685640e+00
1.026673210206964670e+00
1.037564506797935993e+00
1.037532530116241691e+00
1.056078573095011297e+00
1.055131434127378753e+00
1.054876630842411567e+00
1.047707119263348918e+00
1.041675347519622985e+00
1.032607965512816861e+00
1.038112307887997465e+00
1.024316488285147431e+00
1.018446997325068715e+00
1.010842601259797080e+00
1.019731014716324324e+00
1.004845982823932227e+00
1.007440398880209642e+00
1.001177910867028897e+00
9.953826282852062945e-01
9.975081325208816629e-01
1.002920251925007999e+00
1.009863133611427211e+00
1.010346743364885613e+00
1.018331469858681837e+00
1.018473254489704383e+00
1.034510883731443176e+00
1.036652239227281447e+00
1.039341624873626468e+00
1.045052516714137125e+00
1.049286854852844675e+00
1.053442414446964515e+00
1.052030414178380724e+00
1.055538904808064338e+00
1.054737482879024801e+00
1.057938814389006055e+00
1.053994304534445314e+00
1.050622414712953034e+00
1.047592772935508565e+00
1.045067838194522425e+00
1.050285327473177155e+00
1.056882179547389722e+00
1.047464037721355323e+00
1.062065901110981203e+00
1.059347291845297079e+00
1.065982976734669796e+00
1.066273126852938402e+00
1.057363002195898627e+00
1.049989890073100840e+00
1.054765500977687953e+00
1.053726974623310442e+00
1.037063500473162758e+00
1.042107987815153791e+00
1.036408880226116880e+00
1.035192689985762193e+00
1.031447452765709150e+00
1.026243274908022141e+00
1.017936182400777767e+00
1.019619872268047400e+00
1.023237835431264120e+00
1.020112871427260259e+00
1.024155402897192202e+00
1.019215141788631485e+00
1.014368835316409978e+00
1.012668085494775161e+00
1.021493735621898935e+00
1.018554457718255035e+00
1.020416389033001581e+00
1.018895375024617689e+00
1.012268262824314258e+00
1.013639270422257654e+00
1.005266781882460547e+00
9.948842322455011544e-01
9.894538304384310479e-01
9.864237919909084606e-01
9.678190479583843597e-01
9.622852176540630520e-01
9.463673526218684406e-01
9.405190352455473635e-01
9.377906522359480412e-01
9.316575462547095343e-01
9.394796931665493345e-01
9.430558936834967376e-01
9.508387764747345816e-01
9.694140089481719791e-01
9.863526506283065709e-01
9.951630027573783455e-01
1.009014176945169039e+00
1.021783662855139774e+00
1.027377124837524747e+00
1.023616133484203994e+00
1.029207508058179288e+00
1.033327087988133552e+00
1.023032853548591303e+00
1.020422783188386529e+00
1.010509164614783018e+00
1.013583639349371568e+00
1.000418866127407824e+00
1.001427932388968101e+00
9.934023179987045982e-01
9.928746303241617888e-01
9.899292038970028962e-01
9.966977842996765924e-01
9.900989895082578096e-01
9.914750796125882948e-01
9.879831242748802200e-01
9.965852774555424842e-01
9.979422545152113466e-01
9.997105222671320846e-01
1.003537320982362813e+00
1.011642138366535937e+00
1.006536018758746875e+00
1.013367589921904344e+00
1.000562384612895483e+00
1.004928029225223618e+00
1.007194260725696955e+00
1.012593821694766083e+00
1.010932164639485320e+00
1.005953241271755783e+00
1.008563581220823790e+00
1.010686759120180689e+00
1.008342657527412145e+00
1.007435284041365842e+00
1.005074413366184416e+00
1.009261967834550022e+00
1.014201019514424651e+00
1.011248879985891413e+00
1.016821257069475459e+00
1.023196848047877250e+00
1.026310854239710801e+00
1.030494178183142706e+00
1.027901062860771653e+00
1.033884360249196499e+00
1.013785764070218365e+00
1.001122183891137496e+00
9.920360878557819007e-01
9.794176139498638189e-01
9.520508210728678700e-01
9.427026693241805644e-01
9.324317010886518098e-01
9.232324587530854609e-01
9.201752259372626419e-01
9.244166601258707594e-01
9.199983089518588564e-01
9.351660087698836499e-01
9.446572642909151218e-01
9.497080540975676444e-01
9.605353565512235736e-01
9.592826973098230736e-01
9.763890737723747160e-01
9.867711897848309155e-01
9.994113032841301925e-01
1.006875029272529698e+00
1.013008812981104345e+00
1.024872805387011532e+00
1.013180358257041780e+00
1.016601552132505137e+00
1.005299221832641754e+00
9.984676080022103495e-01
9.949804295131237097e-01
1.000996299431458958e+00
9.975302013886286900e-01
1.001221606437733058e+00
1.017246308871962546e+00
1.025026690491038561e+00
1.039509287268795656e+00
1.035623289333609920e+00
1.045500645157594333e+00
1.042791331184481862e+00
1.048613164012873966e+00
1.040413966167299975e+00
1.026623860498821150e+00
1.027453965676612402e+00
1.012810804090599204e+00
1.009640647891991039e+00
1.002454289359697048e+00
9.958627593266211608e-01
9.874274881141307247e-01
9.887178181528174514e-01
9.766649226569950049e-01
9.792664558279505771e-01
9.789225882398534528e-01
9.775271436763554034e-01
9.710103004266352755e-01
9.816823269143570840e-01
9.995959208363944803e-01
1.006231078978307547e+00
1.025538588334800050e+00
1.036666524945823120e+00
1.033261729462032319e+00
1.027633408583391361e+00
1.022933601093088507e+00
1.026506216566658969e+00
1.015184103128283111e+00
1.019828449792472114e+00
1.014852548374097774e+00
1.016227104268783599e+00
1.023654641622542938e+00
1.025473237492462442e+00
1.028277754651866216e+00
1.038555084376818094e+00
1.053712316021810258e+00
1.053478920738619484e+00
1.049421063489495820e+00
1.050667543523988723e+00
1.041317096633701977e+00
1.032153253525438297e+00
1.025244308395121928e+00
1.024222915397707823e+00
1.016628661676813428e+00
1.017258604615247863e+00
1.002089224208260854e+00
9.948079472121456046e-01
9.942312772890424810e-01
1.000010483666749828e+00
1.011121543807530054e+00
1.014881912381149887e+00
1.032481594240679312e+00
1.033584910004131441e+00
1.050588745319201323e+00
1.049354520349879083e+00
1.054005381690710008e+00
1.055449906258541404e+00
1.056160599933068989e+00
1.047125974970645856e+00
1.024939733946154563e+00
1.009879926165759834e+00
1.005326225782446237e+00
1.005122549922283781e+00
9.953558234825914397e-01
9.866218838160594196e-01
9.875414752773383764e-01
9.752138749353431724e-01
9.709353687610496886e-01
9.660229023130000314e-01
9.581717649162921902e-01
9.481170529559114213e-01
9.435526963883217322e-01
9.427287766519751866e-01
9.470743194289524824e-01
9.578618197048460736e-01
9.638930049169328607e-01
9.783166640718021778e-01
9.893554213179338586e-01
9.952014423576700519e-01
1.007791913782660753e+00
1.011900661158655623e+00
1.023167271901002540e+00
1.021095260129481375e+00
1.026761435114796228e+00
1.015083126735313757e+00
1.012673567344519521e+00
1.013702031211263233e+00
1.007744388314805617e+00
1.007164928051693886e+00
1.002889538962968619e+00
9.948544923004012386e-01
9.980552039681768184e-01
1.003768523385466960e+00
1.000802608621617518e+00
1.009854665814683639e+00
1.020113950854612206e+00
1.022596103854918059e+00
1.032349070548225445e+00
1.031291916742510528e+00
1.037651887471396472e+00
1.044865265255134235e+00
1.045176758185044408e+00
1.049212628957032933e+00
1.051567376647669194e+00
1.048476264322061757e+00
1.048884497826701345e+00
1.042845012747425582e+00
1.059587890915625330e+00
1.047283168969793676e+00
1.047147448896383892e+00
1.035719496956889696e+00
1.037183096381655734e+00
1.033236839917466732e+00
1.030304851613737638e+00
1.030574584293569629e+00
1.023346461255701723e+00
1.018842646632980520e+00
1.009996261258399475e+00
9.957866218102500167e-01
9.964499521068094223e-01
1.000488933093127919e+00
9.970727997596225967e-01
9.958617303604289095e-01
1.005352670316020269e+00
1.007029165503582790e+00
1.023852792754553542e+00
1.025083966167637861e+00
1.028411835696612320e+00
1.034419151942642223e+00
1.032508528808079751e+00
1.017361436879274939e+00
1.007980225360804116e+00
9.925892078023149656e-01
9.867234644939818500e-01
9.806857268127298077e-01
9.784361663614952187e-01
9.708022796070596705e-01
9.720367511775924729e-01
9.749074695145258929e-01
9.778730931584979080e-01
9.881232002406262760e-01
1.001649825360757307e+00
1.001384921374713022e+00
1.008656398837171286e+00
1.005793605695135096e+00
1.011985598182936874e+00
1.024408568048599921e+00
1.018997380796287766e+00
1.011707384876709970e+00
1.018947919184511441e+00
1.011682849500947112e+00
1.008964251305200843e+00
1.007749863442907623e+00
1.007294932177682956e+00
1.009067881773881847e+00
1.002063008490786000e+00
9.938855880219625849e-01
9.957326642372967829e-01
1.000545453333504309e+00
9.822579333267421609e-01
9.754484887580502361e-01
9.754248290692401069e-01
9.659390792395031733e-01
9.581260917118398224e-01
9.460888001600673558e-01
9.633515415344132693e-01
9.762350644209537576e-01
9.788000201985391779e-01
9.811842342580645582e-01
9.943558263411629294e-01
1.003497620565052983e+00
1.012018531425288970e+00
1.017865303897775853e+00
1.021924310695945470e+00
1.023457810296833914e+00
1.033794821952025655e+00
1.023407292071293107e+00
1.024371871318464855e+00
1.025167458974977741e+00
1.014159035186705804e+00
1.018881750734632163e+00
1.022350601938351700e+00
1.026204829363568161e+00
1.028203173214865762e+00
1.018073726742947382e+00
1.015271633868539247e+00
1.012542036309455273e+00
1.018672288304491191e+00
1.023161705402529043e+00
1.026292102444305021e+00
1.033812083572355212e+00
1.042727694675349648e+00
1.043556003285210032e+00
1.043989350402761085e+00
1.040300305725163854e+00
1.045175401033898055e+00
1.028303096114981052e+00
1.004401093633049191e+00
9.832155603954640943e-01
9.797371544023374401e-01
9.805209647830129827e-01
9.734961748089197009e-01
9.826607030120406705e-01
1.001194444717848908e+00
1.009462733224472331e+00
1.025336635200633895e+00
1.022327729690094777e+00
1.032084661473153808e+00
1.038576880853939954e+00
1.050656260108498552e+00
1.050849173396697145e+00
1.054883517088526235e+00
1.063678954775109986e+00
1.064676489271839666e+00
1.053293172623697371e+00
1.046109703221572040e+00
1.033445125994648217e+00
1.011588105326594267e+00
9.889703350003292703e-01
9.822881391453630595e-01
9.669527224033840351e-01
9.605140477335394333e-01
9.558204992583264614e-01
9.585360005510247250e-01
9.725006493530375939e-01
9.719006866582514670e-01
9.718779202574427956e-01
9.738031154279830348e-01
9.804573367226772085e-01
9.824801993712388715e-01
9.802543362244884317e-01
9.840084130665484041e-01
9.911419352106196623e-01
9.999622191379805569e-01
1.006024510039922326e+00
1.025832442411837908e+00
1.039729448515354759e+00
1.047849245813762487e+00
1.064224554670382128e+00
1.073861363054447349e+00
1.080790656302109687e+00
1.084924213911061752e+00
1.092461443820475830e+00
1.096703632229126146e+00
1.093733630046593852e+00
1.076788320035160895e+00
1.063747811127459197e+00
1.060667231256064102e+00
1.055174924726813401e+00
1.049320441161683215e+00
1.038238480891045201e+00
1.035946346203718171e+00
1.035594887405959064e+00
1.029006513676083756e+00
1.037074736651599993e+00
1.053363800863511779e+00
1.073482846409511415e+00
1.089839183161814828e+00
1.099981848194274914e+00
1.112085495447460826e+00
1.110972547360068896e+00
1.119461798636924854e+00
1.112994280709664885e+00
1.101008257506135291e+00
1.098602187785777007e+00
1.078482112820658090e+00
1.067603309119707689e+00
1.058594152069874728e+00
1.050907371977628291e+00
1.033714389279228651e+00
1.022981783588457150e+00
1.013328492193939168e+00
1.007926534748934566e+00
1.011214833559351600e+00
1.012298986301632286e+00
1.025943401053211579e+00
1.027492268502568251e+00
1.025904451938287609e+00
1.021929606822486125e+00
9.985707686276356077e-01
9.831198555123867866e-01
9.748061728638330870e-01
9.642742460023476792e-01
9.544226328173753826e-01
9.421438941291822022e-01
9.408818727725575259e-01
9.467145837660208008e-01
9.634696796643099637e-01
9.690180563238999234e-01
9.661267280549152847e-01
9.999174042649351390e-01
1.033206968784770252e+00
1.047772131198034362e+00
1.044364199294262940e+00
1.054163530614258271e+00
1.072904840616105693e+00
1.076308632688095956e+00
1.073669562656271337e+00
1.072368975414345504e+00
1.083740550800527558e+00
1.083588560542684709e+00
1.073376993013739122e+00
1.068505380161115292e+00
1.055939656916957681e+00
1.048501758882891766e+00
1.020508046553648240e+00
9.932852441164560231e-01
9.771688761602185247e-01
9.794183333430653837e-01
9.657367586921331570e-01
9.670596432482752025e-01
9.740876764188357573e-01
9.912923627788904346e-01
1.004124357647347532e+00
1.016338625455179612e+00
1.031202934354183753e+00
1.054312720862039754e+00
1.053857183594364422e+00
1.050310162269251002e+00
1.031853640494077462e+00
1.015725890087388228e+00
1.006576852517546250e+00
1.006567678736233429e+00
1.004215312214872924e+00
9.959441516392574245e-01
9.932102900619200758e-01
9.866184453849606850e-01
9.806126800933344656e-01
9.549733750623978779e-01
9.458844008698272798e-01
9.159794418665875293e-01
8.751395629896500106e-01
8.455839256391851633e-01
8.338201101652695790e-01
8.310479221167357267e-01
8.219334628973503643e-01
8.256502137891331694e-01
8.538138382478112076e-01
8.905530341804969163e-01
9.189321193712948199e-01
9.398733371166966277e-01
9.648306938334093585e-01
9.731973807315740244e-01
9.801356476532785411e-01
9.824916152730623908e-01
9.635572007948158824e-01
9.523841002967348146e-01
9.366108418672859370e-01
9.335886766482414112e-01
9.273527435678389219e-01
9.399572409027905362e-01
9.559612834638816503e-01
9.688064574125179185e-01
9.917932965997257044e-01
1.022522105157890104e+00
1.023497085144904784e+00
1.030706702767547167e+00
1.041944153792885741e+00
1.030883247082981846e+00
1.021980491346449860e+00
1.017592799081134647e+00
9.995402697239267331e-01
9.944317508997071453e-01
9.776618268625146824e-01
9.672063050393265859e-01
9.399088450344471601e-01
9.346926356815205006e-01
9.297586080928952335e-01
9.243079261171209815e-01
9.347980199108436583e-01
9.438973279974558483e-01
9.410736858264873161e-01
9.560664702274539462e-01
9.726369275317123808e-01
9.878128956978889930e-01
1.002830547713478238e+00
9.937876686115530989e-01
9.785378942130489310e-01
9.501961326566598087e-01
9.327468002686649662e-01
8.982839257258272703e-01
8.754735717891887203e-01
8.721476038981980095e-01
8.620606140138610263e-01
8.587919325949142646e-01
8.719165493929076360e-01
8.928109332626631423e-01
9.147356201739076376e-01
9.325749450108872241e-01
9.466268329385325586e-01
9.540901075922931796e-01
9.549268736363011323e-01
9.503026355154066129e-01
9.421355832364356475e-01
9.359441506389054588e-01
9.354433302053132282e-01
9.291980405872753979e-01
9.168222953179483437e-01
8.988357468106132897e-01
8.842010247095670739e-01
8.634102642183587584e-01
8.407867836605734668e-01
8.233331645078999506e-01
8.032142468238739896e-01
8.169048862050406479e-01
8.168119200878648511e-01
7.977233242728419826e-01
7.960144721132675905e-01
8.228417035720102524e-01
8.200360808148172698e-01
7.898460735304035918e-01
7.536181779997215280e-01
7.378103293252008532e-01
7.244382459666295349e-01
7.242975405809639611e-01
7.145984593758483161e-01
7.397739542057154560e-01
8.025899409855504762e-01
8.489638235283282208e-01
8.677472202209666197e-01
9.047587401010317443e-01
9.521906390441254864e-01
9.757242126521801229e-01
9.785791833684707175e-01
9.742486279189777054e-01
9.572407579839516956e-01
9.474599299951367293e-01
9.219212705076519354e-01
9.159861677938280211e-01
9.069725113883009282e-01
8.983901046978881588e-01
8.934470998122582275e-01
8.968455186831673087e-01
9.092185309942004690e-01
9.145085151571141768e-01
9.180058848248671133e-01
9.213470148372269186e-01
9.301471282341882141e-01
9.470817001359087550e-01
9.561831112478340611e-01
9.596007827121678657e-01
9.726794266866733985e-01
9.837973734773427514e-01
9.717056220034356873e-01
9.665393385506843016e-01
9.642066749645687995e-01
9.474374636407483230e-01
9.399284220215299301e-01
9.191621455340938107e-01
9.246497911368264377e-01
9.254669225518022957e-01
9.299779393612390699e-01
9.581314044383587580e-01
9.852512545793983278e-01
9.951236116386462660e-01
1.009510176751924782e+00
1.026943304876822394e+00
1.040703214017739908e+00
1.040573167293512125e+00
1.041713010954326446e+00
1.024022214949700471e+00
1.013108191634536803e+00
9.987898150041027989e-01
9.853974170237519425e-01
9.810242177262040730e-01
9.920379649765610486e-01
9.938036901601360329e-01
9.864177743049241665e-01
9.942648420781494689e-01
9.992672026019787657e-01
1.004168365040571054e+00
1.015590744152248037e+00
1.026661726969857913e+00
1.043945859608186089e+00
1.044235649839797553e+00
1.035987901412049439e+00
1.048003242637364441e+00
1.061494206538096119e+00
1.060422040597580162e+00
1.048468143570364441e+00
1.045011850005086673e+00
1.016331098442682102e+00
9.959444374028613156e-01
9.881936776947755074e-01
9.764352203532525865e-01
9.801752596536056350e-01
9.860455382240849165e-01
9.907373424731849010e-01
9.882824586385110521e-01
9.877974108556987209e-01
9.960750550719916774e-01
1.003343346845793738e+00
1.009628910049003458e+00
1.034737845585239624e+00
1.017343758915661533e+00
1.026905058761436562e+00
1.029824275288288682e+00
1.027668214386594059e+00
1.043605598049384797e+00
1.051331855794956027e+00
1.057785101943632400e+00
1.068210548642946289e+00
1.075830831733261217e+00
1.086122687788985797e+00
1.096081534238317445e+00
1.101208436487329356e+00
1.093304411661548237e+00
1.065794480226812002e+00
1.058872826345244933e+00
1.057344977301331035e+00
1.061660849813335084e+00
1.067387688491557407e+00
1.050165719327543545e+00
1.017358836357448393e+00
9.822903347955872499e-01
9.824337653019933336e-01
9.699323157551020813e-01
9.737351213866749511e-01
9.759379991528778220e-01
9.841095179840065876e-01
9.811915134809019445e-01
9.804409963944549222e-01
9.862221135151560958e-01
9.999018694436397903e-01
1.028412713664524025e+00
1.046658687044981439e+00
1.049712236451047609e+00
1.053013607492216952e+00
1.058191413655967361e+00
1.048733368204031624e+00
1.030996695240808281e+00
1.009898375183064578e+00
1.015334695749398275e+00
1.000004162074251468e+00
9.993563946643462259e-01
9.946605930679428553e-01
9.675555413905519986e-01
9.523607480838095496e-01
9.483808199106916748e-01
9.673664828066750321e-01
9.808991579366919122e-01
9.864389100177041181e-01
9.797781017843446572e-01
9.648884671852194783e-01
9.722133980478474546e-01
9.873654665765041472e-01
9.867648590748006043e-01
9.975994085333255157e-01
1.024764931423135739e+00
1.014774158126826364e+00
1.018499223403412257e+00
1.013873138919067829e+00
1.029375977466761016e+00
1.049577395422672144e+00
1.046639795441423049e+00
1.048758818752991706e+00
1.038270546960386564e+00
1.063287335246344112e+00
1.066515405347131740e+00
1.059760927073461811e+00
1.039688106196407835e+00
1.029331011247230254e+00
1.021869015146481985e+00
1.015700353850293558e+00
1.008227969965850512e+00
1.021488993902669895e+00
1.025498052402388671e+00
1.030904944003318890e+00
1.030312538649250431e+00
1.056547363571548326e+00
1.064225639114704469e+00
1.076027087570655683e+00
1.094671095159323482e+00
1.098598739409736069e+00
1.083560881924296782e+00
1.070747352777420280e+00
1.099109597237501346e+00
1.095222378204862235e+00
1.096876755856177832e+00
1.103062975163386028e+00
1.098055557205543709e+00
1.087102786184121817e+00
1.056423129854245468e+00
1.071535296465814247e+00
1.075730400580430235e+00
1.093253548612357573e+00
1.122599615176282484e+00
1.114157956221567325e+00
1.115168168674951055e+00
1.111334738517441023e+00
1.111732130570683541e+00
1.113566289257777120e+00
1.153914628735671410e+00
1.152191162497078869e+00
1.135962079622678367e+00
1.130243761275638636e+00
1.125243368144601908e+00
1.098073418608794816e+00
1.067534943148251481e+00
1.060963379427877884e+00
1.054437347927500435e+00
1.053330084001754985e+00
1.052903365492539933e+00
1.045099488479851457e+00
1.053912478191099789e+00
1.057365589790435267e+00
1.050316508118931624e+00
1.074314288225694636e+00
1.087274024208635170e+00
1.066151932895406107e+00
1.070617738361034244e+00
1.067392560189937223e+00
1.044111685968879266e+00
1.013049777578560295e+00
9.965982919600203660e-01
9.856440160295171227e-01
1.006367537143979085e+00
1.012731451336075450e+00
1.024359959347260540e+00
1.015484783302289973e+00
1.006279167763850735e+00
1.004887848720708021e+00
1.041453567893205978e+00
1.061784888673304117e+00
1.085443750380725936e+00
1.074952780523785068e+00
1.067753050516687230e+00
1.068133311890247183e+00
1.062567216656296276e+00
1.064166520265902971e+00
1.092620519418908032e+00
1.109763142796166502e+00
1.130359767759824052e+00
1.137307790052928480e+00
1.123311942869645641e+00
1.095930970306917107e+00
1.080918503725881497e+00
1.074831983402459334e+00
1.058993296045936061e+00
1.053603930330142768e+00
1.035062289055793450e+00
1.008568860397541789e+00
1.006121159386300645e+00
9.729233733103580528e-01
9.657075491495955566e-01
9.778159625192850424e-01
1.003088972587128813e+00
1.004299005678779944e+00
1.016982949118077295e+00
1.002137033129411936e+00
1.023648797135522148e+00
1.009410725110036156e+00
9.763987091808327135e-01
1.000423587937770309e+00
9.918918058707949514e-01
9.873785795637122220e-01
9.891284037799360496e-01
9.737010121172232635e-01
9.759264842540346097e-01
9.708013008074749539e-01
9.181207318290965924e-01
9.174026300202224871e-01
9.361269668967974189e-01
9.467079929308716002e-01
9.614878446169180526e-01
9.488175750203449166e-01
9.492030136153164488e-01
9.604012857071145826e-01
9.683822805690531776e-01
9.822504686846860178e-01
1.017997217953814593e+00
1.028077738659964879e+00
1.034058567033169895e+00
1.028172401465996977e+00
1.056443535651798049e+00
1.053261774765712477e+00
1.041746258013764637e+00
1.030349195589638001e+00
1.017509880254781729e+00
1.015639441611412730e+00
1.034817035195359392e+00
1.042214944906259211e+00
1.018153052946304538e+00
1.015785710578698930e+00
1.029693358971811801e+00
1.007934877284903497e+00
1.006431574430456166e+00
1.030516832929866400e+00
1.039834730814570785e+00
1.033495054457509443e+00
1.035580183354530170e+00
1.000090936719803425e+00
1.032015987035378224e+00
1.026292516510086683e+00
1.066122268451630273e+00
1.057816503287017484e+00
1.069121493335255302e+00
1.072117080757128527e+00
1.053135237787201417e+00
1.055123137987417747e+00
1.055916629467171131e+00
1.065338512731423881e+00
1.075604250047091925e+00
1.046280306435779961e+00
1.035371936265031989e+00
1.024102706737091806e+00
1.013900072929515783e+00
1.018587477731860202e+00
1.014734789928364300e+00
1.031156775368969214e+00
1.017033388675261163e+00
9.964779324062562615e-01
9.904000614706405248e-01
1.017064206097404222e+00
1.033466123720581331e+00
1.038053800516276048e+00
1.038104918332965587e+00
1.025535850317557118e+00
9.973478675833736817e-01
9.721118782496739330e-01
9.874173880155098226e-01
9.899105331161870414e-01
9.878949905621813299e-01
9.888633858838044022e-01
9.533545654912127798e-01
9.516735930823286838e-01
9.607635576289380586e-01
9.564192560276461030e-01
9.654270784445363462e-01
9.694506542132835802e-01
9.835136277512331882e-01
1.017997528117072337e+00
1.008514560449582653e+00
1.010494494267972776e+00
9.881981189425149692e-01
1.022289061728155479e+00
1.018445518939408601e+00
9.954310688249907724e-01
9.757098142362410353e-01
9.649098601204193493e-01
9.624484039101512955e-01
9.217513192186387316e-01
9.598263237915537482e-01
9.609122989091261058e-01
9.464176191146506101e-01
9.492454151945162177e-01
9.428631840991552604e-01
9.498070469477958300e-01
9.546890337063854703e-01
9.761676337503206735e-01
9.795741607068751966e-01
1.012372085409545930e+00
9.959991111577608525e-01
1.002128064407759256e+00
1.002791324115378080e+00
1.023721278752950159e+00
1.019147940531368146e+00
1.015486607618054204e+00
9.972272447038261767e-01
9.898816119971580729e-01
9.958065751977461799e-01
9.884941010276528939e-01
9.877490109893174441e-01
9.682734937975763234e-01
9.944455773150003841e-01
9.668746680846330710e-01
9.661190478185019970e-01
9.307335034647349348e-01
9.381530408337402926e-01
9.162469009511473583e-01
9.093665593455154683e-01
9.629561994059291363e-01
9.695744553508085506e-01
9.567411796674757385e-01
9.509877722394697308e-01
9.861732974903383298e-01
9.977109652578515231e-01
1.018597938383324353e+00
1.021161922653660792e+00
1.025024368087389615e+00
9.959525786771069589e-01
9.800635226208925799e-01
9.725872275673707046e-01
9.922959631068560826e-01
9.821677936296997480e-01
9.318095947019879866e-01
9.291857466662222231e-01
9.326537115315278736e-01
9.235576071261236697e-01
9.188818835737919688e-01
9.453018749702144508e-01
9.188256656654858467e-01
9.150893919463215509e-01
8.876046824519190359e-01
9.268135525163486710e-01
9.525271714971363934e-01
9.621109412515429504e-01
9.645025719954181120e-01
9.445810438831186984e-01
9.663998985187767232e-01
9.327663646811177323e-01
9.688878421965193555e-01
9.474666719521607217e-01
9.458862945873109940e-01
9.579880604421168178e-01
9.705302157348165704e-01
9.511449393120244844e-01
9.134050598682972311e-01
9.219543827736281782e-01
9.345774137111393376e-01
9.344432326502900565e-01
9.859583690830560077e-01
9.765252311033147947e-01
9.620920732179840673e-01
9.718511645033550694e-01
9.597352609124056855e-01
9.905339022996889620e-01
9.600208469336163342e-01
9.344264649396258893e-01
9.114791021512149705e-01
9.229924236382798242e-01
9.028145445097873756e-01
9.288809055178783858e-01
9.286727513401726863e-01
9.564075738526219839e-01
9.527432934002194598e-01
9.884048767096017540e-01
9.935797318147238100e-01
9.867066243539185377e-01
9.774421305519542802e-01
9.990666147762017335e-01
9.950282112504148513e-01
1.009568263529296184e+00
9.878619780883872714e-01
9.664375009363147528e-01
9.389936860566947541e-01
8.958146901613689428e-01
9.062868147820427600e-01
9.678740487454211561e-01
1.004398948048992546e+00
9.770432408727458551e-01
1.001216440704829624e+00
9.542041229428095406e-01
9.680300854160351909e-01
9.581447936364410056e-01
9.920587903719602085e-01
9.646024932166458177e-01
1.001624419984509684e+00
9.809351559736015913e-01
1.022561389990802816e+00
1.040613175575675786e+00
1.089179551437802207e+00
1.068090585961094741e+00
1.076330819951346163e+00
1.107798624951744193e+00
1.091376653430173427e+00
1.111521291417405743e+00
1.124085283922480416e+00
1.071144751316638777e+00
1.128427022672402691e+00
