6.094889145414093036e+03
6.149325333042294005e+03
6.165080179774911812e+03
6.188900696595945192e+03
6.221905362885786417e+03
6.229686013837372229e+03
6.236594857259367018e+03
6.181101539592260451e+03
6.239848959893732172e+03
6.302005035633160333e+03
6.278034404539875140e+03
6.346551204971136031e+03
6.320398924068047563e+03
6.417539491528069448e+03
6.413790172153212552e+03
6.490198135287226251e+03
6.493403447398137359e+03
6.462355032740937531e+03
6.618717052947544289e+03
6.665623153720247501e+03
6.657684914754949205e+03
6.669582133620756395e+03
6.706632071788280882e+03
6.654809835186045348e+03
6.642842805745579426e+03
6.725409828893553822e+03
6.791877293632744113e+03
6.803372051155559348e+03
6.852212554630126760e+03
6.944755735918202845e+03
6.965284769774110828e+03
6.945858769130115434e+03
6.974050968131178706e+03
7.062625066253837758e+03
7.061638684807058780e+03
7.134006786082713916e+03
7.085054639350551042e+03
7.138348087065693107e+03
7.162843111116872933e+03
7.184259775704758795e+03
7.208474247231393747e+03
7.245356600568899921e+03
7.253199035730685864e+03
7.276839639100595377e+03
7.244160058949626546e+03
7.280707831556059318e+03
7.316225797028316265e+03
7.420168920786814851e+03
7.408330834693855650e+03
7.575838922412726788e+03
7.635797007464895614e+03
7.658194654625504882e+03
7.759210951018179003e+03
7.867287680262518734e+03
7.908757349621653702e+03
7.933174348314241797e+03
7.909283813527199527e+03
7.935050246004441760e+03
7.955039520602852463e+03
7.970627674074547031e+03
7.939977286887004084e+03
7.863137422291148141e+03
7.928200017527628916e+03
7.899025846298693978e+03
7.902351377652943484e+03
7.885579081204222348e+03
7.944183489462267062e+03
7.883057347493239831e+03
8.030777009386138161e+03
8.005605852844958463e+03
8.000558940383842128e+03
8.013010979064245475e+03
8.057263820958140968e+03
8.070205334614421190e+03
8.104021974633714308e+03
8.107727777318460539e+03
8.149800618201843463e+03
8.127540609762190797e+03
8.180644620469172878e+03
8.237861807286102703e+03
8.282009822395415540e+03
8.403880518823056263e+03
8.417356947352491261e+03
8.442140409263196489e+03
8.457523166965967903e+03
8.581130659323347572e+03
8.580559739312537204e+03
8.550492783935254920e+03
8.615839777000292088e+03
8.585708895174837380e+03
8.634837393737374441e+03
8.773796553576477891e+03
8.717307142383908285e+03
8.786653084686946386e+03
8.870234949743820835e+03
8.920629428108224602e+03
8.896234362141345628e+03
8.744033203111384864e+03
8.883047719241147206e+03
8.825819296440966355e+03
8.849056284211521415e+03
8.795396973147913741e+03
8.811996839015449950e+03
8.865118937765320879e+03
8.847582652055782091e+03
8.770512547385329526e+03
8.811909442392618075e+03
8.848252658431672899e+03
8.820721269057863537e+03
8.767624242016505377e+03
8.817481868352264428e+03
8.759405893936780558e+03
8.714095183567453205e+03
8.788846291470790675e+03
8.653439692321557231e+03
8.561433346793342935e+03
8.707901365909716333e+03
8.617311785151936419e+03
8.524737089000516789e+03
8.458527759080709075e+03
8.510991728876255365e+03
8.530952748041019731e+03
8.563166419691473493e+03
8.629106337998113304e+03
8.713239242433928666e+03
8.804960250581340006e+03
8.835725480488918038e+03
9.016743087067843589e+03
9.023549344266428307e+03
9.014497077688432910e+03
9.020172475007537287e+03
8.809615075755205908e+03
8.611616624889304148e+03
8.375701945386381340e+03
8.113859329361414893e+03
7.790799677373543091e+03
7.356786346923549900e+03
7.147715666680954200e+03
7.128184833216059815e+03
7.162627821246819622e+03
7.327419768723922971e+03
7.649821730094975464e+03
8.021044730137370607e+03
8.571666366503926838e+03
9.097673907215910731e+03
9.603881035990340024e+03
1.003515811767989362e+04
1.038774597823402473e+04
1.076702037789031237e+04
1.101895048390126431e+04
1.108433315031787970e+04
1.115542446086821838e+04
1.121910094251406008e+04
1.124100294625956849e+04
1.148291104377752345e+04
1.143133501773101307e+04
1.152955247661725116e+04
1.160996570468632126e+04
1.162573063856613408e+04
1.154311551056827739e+04
1.168896665908226896e+04
1.165686702186591174e+04
1.163929544871539656e+04
1.154669447781836971e+04
1.162415289930160179e+04
1.161918028549557675e+04
1.168583746876307305e+04
1.176097509470979639e+04
1.181532928127249033e+04
1.198015624372602724e+04
1.207823618111241922e+04
1.213259047491975980e+04
1.225694453921291824e+04
1.225338959471338239e+04
1.234575460676694820e+04
1.247794350447510260e+04
1.250586050583017823e+04
1.256986885338396678e+04
1.270909746694009300e+04
1.260731275083794026e+04
1.269152493948847768e+04
1.278985719520451494e+04
1.277554193263215529e+04
1.278293618692334894e+04
1.284493990779720662e+04
1.281087084980588952e+04
1.282564450341798329e+04
1.292505440238132906e+04
1.291598804081704111e+04
1.293902715042708041e+04
1.304121070661590602e+04
1.295661619645654901e+04
1.301991046465670115e+04
1.305411562829943614e+04
1.312608769287206269e+04
1.315723895826631997e+04
1.326083610028357907e+04
1.323827752399628298e+04
1.332545386887696804e+04
1.346283980654228799e+04
1.336599343650019000e+04
1.355535877360147970e+04
1.356315374330019222e+04
1.355623104407456958e+04
1.365669071266771243e+04
1.368940245456267985e+04
1.373305385995898723e+04
1.382208142071442126e+04
1.387744950016000803e+04
1.384685756768290412e+04
1.389083741572181134e+04
1.381603907599971717e+04
1.391691492773517530e+04
1.397672853480251979e+04
1.403808417563014518e+04
1.403675549397629402e+04
1.410390639707484115e+04
1.415009440551067382e+04
1.424101704793950012e+04
1.436540052349387588e+04
1.430757792052773584e+04
1.436225802976210434e+04
1.438529579607541564e+04
1.439774422103731558e+04
1.433870842441083005e+04
1.431831258426681416e+04
1.436179555778112262e+04
1.437576291169605247e+04
1.439176771545271913e+04
1.438068282199047644e+04
1.457176981664634513e+04
1.461618603154826451e+04
1.476916801500296970e+04
1.493704271132939175e+04
1.501551769572188823e+04
1.526194405325425578e+04
1.522432479465160577e+04
1.520530444925377924e+04
1.519764737692168273e+04
1.518866532372073198e+04
1.519288237341204149e+04
1.525303702970372069e+04
1.509959616836816895e+04
1.514861043814627556e+04
1.506853004977015917e+04
1.511867529048689175e+04
1.514127345934631558e+04
1.511950145045845420e+04
1.523654527244915880e+04
1.528401668612544563e+04
1.534418360786216181e+04
1.543477702894065260e+04
1.541062977808352480e+04
1.552355346188977455e+04
1.564913823650788072e+04
1.580885987746282990e+04
1.588380154815032438e+04
1.601886727853070988e+04
1.602796683002756436e+04
1.622107178131855835e+04
1.622083865918363517e+04
1.627603929773814889e+04
1.637610423568434271e+04
1.629926682082091065e+04
1.637219786547814510e+04
1.646635588968705270e+04
1.643757528548603659e+04
1.645884584069349148e+04
1.619327204092248212e+04
1.634512363945144716e+04
1.628879216127149630e+04
1.630541695558468928e+04
1.637560801295164129e+04
1.617024399960152550e+04
1.626692436874084160e+04
1.632017328226937389e+04
1.638365471501751017e+04
1.633323555306912385e+04
1.660605834054538718e+04
1.673068016369382894e+04
1.674806791874070768e+04
1.688893541587035361e+04
1.699365943336982673e+04
1.709103262644979986e+04
1.698580576131177440e+04
1.701131896551251702e+04
1.706129928223753814e+04
1.716659307416569573e+04
1.715461386079051954e+04
1.734786581333029244e+04
1.744462789558947043e+04
1.752981308838707264e+04
1.755282554266351144e+04
1.759642584238254858e+04
1.761074990849535243e+04
1.773266776916952585e+04
1.790190521893497498e+04
1.801576696101297057e+04
1.812246741237747483e+04
1.807936971366708167e+04
1.801571611284589380e+04
1.795085387059122877e+04
1.790286092682347589e+04
1.801363865709745369e+04
1.790583686960376872e+04
1.784919613303419101e+04
1.794478365695539469e+04
1.793489793703501346e+04
1.800341391489989473e+04
1.809449885595046362e+04
1.829156868956644030e+04
1.826874173132751457e+04
1.837416554341650044e+04
1.840893062988830934e+04
1.825750110650284114e+04
1.831680990528036273e+04
1.836692292815280598e+04
1.825387469179510299e+04
1.838503848904501501e+04
1.838599411439170945e+04
1.848282311955389378e+04
1.876114515802859751e+04
1.889940073827400556e+04
1.902378252985485597e+04
1.906056281995101745e+04
1.922144988174131504e+04
1.937093798815730406e+04
1.926788949740811586e+04
1.929486467105025076e+04
1.937059436334219936e+04
1.944600022254300711e+04
1.929425462568494549e+04
1.931513907744719836e+04
1.917655179119811510e+04
1.926543499905199860e+04
1.932056410315834000e+04
1.936353322352612668e+04
1.935485136360293109e+04
1.948290665384300883e+04
1.947562095765114645e+04
1.952534171780702309e+04
1.970197643256133961e+04
1.964368995340693073e+04
1.966944286177759568e+04
1.962447184285833282e+04
1.963022417990639951e+04
1.964517642933905518e+04
1.964054288008494768e+04
1.972203127704230428e+04
1.989149637315859582e+04
1.993624536687496220e+04
2.020188064726713128e+04
2.027320098923310798e+04
2.046164455463158083e+04
2.053367201518288493e+04
2.069547802140778367e+04
2.065003721687862708e+04
2.085104569200170954e+04
2.096982699941141618e+04
2.095055363953739288e+04
2.084497098964987890e+04
2.069600501938449815e+04
2.075572548741778883e+04
2.058590647786040063e+04
2.048475509883627456e+04
2.038761862577117427e+04
2.044016454034257185e+04
2.049428875730464642e+04
2.056724246946341009e+04
2.080057317254614827e+04
2.078390451322776789e+04
2.076336346697851332e+04
2.109322024648248771e+04
2.097310456384292047e+04
2.090085432182147997e+04
2.092413831891665541e+04
2.101388272712530306e+04
2.091842914359561109e+04
2.095280436015902887e+04
2.094194518264140061e+04
2.099378883521546231e+04
2.113848212079692894e+04
2.132829756712841117e+04
2.133732670256607889e+04
2.149997113833642652e+04
2.183570791072855718e+04
2.185160210291303520e+04
2.185347520314757639e+04
2.183475220847763194e+04
2.178017489767345978e+04
2.182438169046206167e+04
2.167208322015817976e+04
2.167208040611605247e+04
2.149481760720877719e+04
2.134088734406288131e+04
2.137163720668685710e+04
2.143985925498954384e+04
2.150436981932527851e+04
2.146238363516096433e+04
2.100272431987006712e+04
2.058765775696328274e+04
2.053432823832873328e+04
2.043923922917985328e+04
2.023459502627378242e+04
1.984512791810478666e+04
1.967044578610643657e+04
1.970813741406941335e+04
1.985586483690324530e+04
2.004848029163442334e+04
2.040714907970930290e+04
2.097004347330054225e+04
2.182628156924443465e+04
2.192490486933967259e+04
2.200824695212946972e+04
2.206306986581808087e+04
2.224357672860505045e+04
2.237830751493151911e+04
2.258460954161482005e+04
2.262023679432587960e+04
2.279942405266140122e+04
2.282021358001959743e+04
2.300135834888415047e+04
2.312916161775258297e+04
2.328827407947188476e+04
2.329687868865735800e+04
2.341127622631193663e+04
2.351650577252397852e+04
2.346268193018824240e+04
2.342004879594363229e+04
2.335859719409381432e+04
2.331172184616552113e+04
2.352693883367783928e+04
2.364013941051587608e+04
2.354272137518962700e+04
2.375081775667910551e+04
2.363048426323474632e+04
2.395865337117413583e+04
2.399329655630580964e+04
2.398272973266244662e+04
2.378846742723348871e+04
2.377421375795506538e+04
2.379843129403057901e+04
2.383538415799922586e+04
2.364300349811660271e+04
2.368666941413473251e+04
2.375970156873087035e+04
2.383846221400412105e+04
2.379865099800307507e+04
2.406773483552541438e+04
2.424020713777357014e+04
2.437541119087260086e+04
2.444092704809507632e+04
2.440695743302406117e+04
2.430881165773086104e+04
2.408557486832034192e+04
2.396184768797037759e+04
2.368026060663262615e+04
2.330627882851425238e+04
2.288293655965443395e+04
2.263628758981240026e+04
2.235484925502508486e+04
2.231064007007830514e+04
2.236199522427777629e+04
2.256053152956180566e+04
2.277497261179550696e+04
2.320366660179301471e+04
2.353812751040640433e+04
2.389488822089304449e+04
2.416449403339388664e+04
2.452995181501165644e+04
2.460594449178158902e+04
2.467630407661552454e+04
2.456110492857408826e+04
2.467948767916373617e+04
2.459762567105983544e+04
2.466477965183558263e+04
2.455813556951830469e+04
2.457772414010373541e+04
2.467737589853717509e+04
2.474969533672059697e+04
2.505708151651189837e+04
2.486771973819034611e+04
2.484463469471503049e+04
2.489472226526246595e+04
2.497828881227954844e+04
2.495266089007068877e+04
2.497474178032115015e+04
2.493154003756807651e+04
2.491078485468452709e+04
2.509696339358147816e+04
2.512633274828615322e+04
2.519697209916005886e+04
2.517865360663468891e+04
2.531848812122235177e+04
2.524481509192166413e+04
2.510190217198340906e+04
2.522114426493175415e+04
2.518901851000463648e+04
2.512367004383555832e+04
2.495379860889818156e+04
2.503245374117669053e+04
2.512422205323845992e+04
2.561373881773375251e+04
2.564091351923607363e+04
2.567232852236318286e+04
2.581581798381992849e+04
2.609922299483418465e+04
2.643689391972565136e+04
2.641681093004926879e+04
2.615196141775474825e+04
2.609349439827974493e+04
2.585904385541166994e+04
2.583709775082763008e+04
2.578972057131317706e+04
2.569871081629472610e+04
2.580279620623762094e+04
2.595710068968579071e+04
2.596708952791291813e+04
2.618249618849033868e+04
2.608296767863220157e+04
2.609932143263089165e+04
2.616410098177789041e+04
2.629971673199549332e+04
2.624671674396230446e+04
2.623021940000806353e+04
2.599109334870267048e+04
2.594999318251058139e+04
2.597912197132014262e+04
2.585431002512035775e+04
2.581755860210068568e+04
2.606997414458814455e+04
2.599917130208872186e+04
2.618213939749488054e+04
2.627338778523771180e+04
2.623900237550948077e+04
2.626023474058141073e+04
2.639766733456758448e+04
2.632087646970378046e+04
2.638133394602451153e+04
2.649585365450353129e+04
2.648984978884750672e+04
2.643756215690964018e+04
2.633345713945830357e+04
2.634787480830573622e+04
2.624162070868782757e+04
2.619567408612905638e+04
2.627273251958662513e+04
2.639672877197338312e+04
2.651326070079573037e+04
2.674885480405256385e+04
2.680463871264265981e+04
2.694087632991225473e+04
2.711599088187414600e+04
2.727390811594202387e+04
2.730617113587755375e+04
2.750636519856173254e+04
2.743333293068394050e+04
2.745215352143181735e+04
2.766414656760419894e+04
2.734932493530621286e+04
2.754568392936355303e+04
2.750990265755244400e+04
2.760106961868393410e+04
2.749795231950798552e+04
2.775489767891340307e+04
2.774338892569457676e+04
2.768846122758054116e+04
2.767827114734312636e+04
2.757152780242210792e+04
2.726849742220401095e+04
2.696394409591809381e+04
2.682671252024024579e+04
2.647374262274801367e+04
2.631556895831644579e+04
2.629136390455100991e+04
2.610196084460684142e+04
2.602860253453445694e+04
2.627799179875339541e+04
2.645114359752663586e+04
2.665083975769975950e+04
2.692079836177309699e+04
2.717099897998945744e+04
2.743499380042957637e+04
2.759761485906812959e+04
2.778381098793050842e+04
2.760621631213110595e+04
2.776995643581288823e+04
2.789357224242682787e+04
2.770794297124984951e+04
2.754333891405000031e+04
2.749942324293233105e+04
2.732729100877777819e+04
2.730506567165303568e+04
2.709436188815396599e+04
2.710277668681019713e+04
2.712823069983238383e+04
2.703403302328630525e+04
2.705029580498261203e+04
2.723513686304041039e+04
2.722249262791503133e+04
2.737882274532285737e+04
2.739526028524621506e+04
2.745699375032012176e+04
2.756085330385285488e+04
2.762964059601682675e+04
2.748205464280546221e+04
2.722443401584412277e+04
2.705874929898041228e+04
2.670832291455023005e+04
2.659126532859815779e+04
2.668951058921239019e+04
2.637243016779276149e+04
2.628719575176462240e+04
2.618478834576795634e+04
2.650485872367365300e+04
2.646779033083320610e+04
2.660439947981419391e+04
2.678152884656742390e+04
2.702697717408604512e+04
2.691760299137259790e+04
2.698339243159469333e+04
2.694556687935121590e+04
2.680444799760737078e+04
2.664136071933111089e+04
2.653610200917270049e+04
2.621827021844958654e+04
2.604776815956217251e+04
2.605450474389524970e+04
2.607195800239768869e+04
2.619189164062630152e+04
2.643185387288107449e+04
2.666045435289050511e+04
2.683782114839858696e+04
2.707597545386853744e+04
2.715825069286047074e+04
2.761201435608839893e+04
2.754573141479305559e+04
2.741970719164509501e+04
2.740645459180996841e+04
2.724500271792282729e+04
2.697652474933712074e+04
2.670350031312821011e+04
2.640185119468633638e+04
2.607218116553055734e+04
2.603536930874711470e+04
2.631481712521202280e+04
2.633826252294210644e+04
2.651090036265938761e+04
2.691124501445685019e+04
2.720746874797135752e+04
2.730623703744836530e+04
2.736960188291928353e+04
2.769622745082725305e+04
2.766358307947399953e+04
2.752429679635889624e+04
2.739553339639933620e+04
2.718023012399736763e+04
2.702084917562603005e+04
2.687271730774732714e+04
2.647567271882666319e+04
2.620556965814857540e+04
2.605013156390626318e+04
2.601078133601541049e+04
2.579742063973791301e+04
2.601904128930451043e+04
2.615436506233179534e+04
2.653303659964745748e+04
2.694953210567472343e+04
2.718771078096006750e+04
2.742026117025987696e+04
2.755248511576820238e+04
2.735136599275823028e+04
2.737096376614075052e+04
2.751242997374261176e+04
2.747310108414514980e+04
2.747207375317078186e+04
2.754921437034423070e+04
2.778708335108578103e+04
2.796770096687461773e+04
2.801865252940918799e+04
2.832942413798265261e+04
2.836992415818073641e+04
2.822983080819115276e+04
2.827310165357985534e+04
2.826689747397917381e+04
2.819553879517184396e+04
2.837416505664740544e+04
2.827205042461972334e+04
2.842161572928124588e+04
2.862292594955706591e+04
2.866375219601692879e+04
2.870518184347489296e+04
2.864942217842576792e+04
2.830470889396255734e+04
2.827394772442660542e+04
2.814521191157756766e+04
2.804851762804625832e+04
2.833764803423213380e+04
2.851494291028930820e+04
2.880745114262393690e+04
2.908525454461435947e+04
2.946707030619419311e+04
2.969371395481867876e+04
3.019558845136706441e+04
3.046473202331427092e+04
3.048088905054334464e+04
3.056058005680232600e+04
3.051508515493148661e+04
3.050034857510402071e+04
3.043619016956275664e+04
3.017798956316045224e+04
3.019179151052932866e+04
2.992273643739744148e+04
2.983759199047040966e+04
2.987585088168266157e+04
2.965453416899099102e+04
2.963368100511353987e+04
2.948527821187125301e+04
2.954113271322704895e+04
2.960067585846278234e+04
2.956418926312263284e+04
2.989668660509165420e+04
2.997170360091184557e+04
3.031511373616946003e+04
3.068501727149701765e+04
3.050109999657489971e+04
3.065225524255462369e+04
3.066274531311024839e+04
3.056024430038268474e+04
3.026620108719488417e+04
3.001360841773451830e+04
2.984395854499994675e+04
2.978131796182581820e+04
2.943221117477527150e+04
2.935967756587054828e+04
2.913588182359137136e+04
2.879191743527384460e+04
2.856066703527604477e+04
2.847714537353153355e+04
2.845557886186494943e+04
2.826240968232719752e+04
2.840026031346406307e+04
2.868694401161979113e+04
2.874453972661313674e+04
2.905102850201352339e+04
2.932638145943259224e+04
2.974559927179731312e+04
2.983322531971463468e+04
3.025183165033322803e+04
3.011923781178098943e+04
3.015619474953967801e+04
3.028266770197265942e+04
3.029203230738932689e+04
3.036097482357057379e+04
3.046164576314057558e+04
3.038868243603255905e+04
3.022876107586402941e+04
3.015475198672830447e+04
2.974969677920166214e+04
2.957006826480705058e+04
2.947164890730950356e+04
2.919139141818299322e+04
2.914873172144412820e+04
2.907396834242644763e+04
2.918446099434797725e+04
2.936488142279152089e+04
2.957326214056464232e+04
2.981179512839706877e+04
3.020575104313466363e+04
3.046730365034680653e+04
3.026563718665922352e+04
3.016468745303833566e+04
2.987234973772824742e+04
2.991719548749681417e+04
2.992231371287312504e+04
2.991297425985384325e+04
3.010701733871820761e+04
3.027494063367399576e+04
3.030577554871993198e+04
3.062459760829986044e+04
3.062070371723861535e+04
3.087245841776484667e+04
3.103462361772255827e+04
3.119305091393113253e+04
3.122190228982683038e+04
3.098296793165630152e+04
3.087904535720144850e+04
3.075750816180319816e+04
3.064727836489685797e+04
3.065676408356875254e+04
3.070963855775189222e+04
3.057502440454774114e+04
3.070283292850968792e+04
3.081998575891652945e+04
3.079004895279643824e+04
3.080495089012384415e+04
3.083612802286838632e+04
3.088831152394826859e+04
3.101197668422623610e+04
3.085602000436806702e+04
3.087986958129874620e+04
3.061919442349357632e+04
3.077530135908261218e+04
3.070330583713232772e+04
3.063014856984174185e+04
3.058250401011871145e+04
3.085692763730432125e+04
3.092960342857311480e+04
3.127105814839617960e+04
3.123309369696693830e+04
3.147930049896964192e+04
3.170215498146606842e+04
3.182717915786129743e+04
3.233277623327934998e+04
3.247463687310064415e+04
3.266385275628326417e+04
3.261223219402624818e+04
3.252693905288200403e+04
3.250481519753949397e+04
3.232692467118796048e+04
3.205152702530273746e+04
3.189606525062340370e+04
3.192098685177090374e+04
3.159936513542217290e+04
3.152686030042755374e+04
3.152234091578705920e+04
3.174597994420239047e+04
3.177428455396316349e+04
3.196840248766903824e+04
3.198389504303277135e+04
3.228489216595550170e+04
3.240425383809050254e+04
3.235106628255787291e+04
3.254401336004601035e+04
3.281947120628740959e+04
3.278762809327353898e+04
3.286108329675456480e+04
3.291600792675541743e+04
3.276656289336285772e+04
3.276716610393549854e+04
3.271104226809160173e+04
3.255119231402322112e+04
3.268161457739671459e+04
3.267246300898832851e+04
3.245664469223575361e+04
3.248324936717250966e+04
3.255618393821502104e+04
3.262592338251403271e+04
3.261577528159486610e+04
3.245491482501846258e+04
3.252679046688561357e+04
3.233764276777500709e+04
3.214727975187538323e+04
3.189740357873936591e+04
3.175032527640758417e+04
3.166560071110096032e+04
3.157145161133500005e+04
3.116470582194331655e+04
3.110506168118891219e+04
3.106701896131769536e+04
3.089964020271044137e+04
3.083640417740696648e+04
3.085218667140628895e+04
3.104417540492311309e+04
3.103744398269684461e+04
3.100190680365285880e+04
3.113057650145750449e+04
3.118009122537512667e+04
3.122075628197433252e+04
3.117185891797667864e+04
3.118271378229159382e+04
3.125194862926692440e+04
3.128732826913072131e+04
3.138526998403421385e+04
3.154540246229105469e+04
3.157233185668268197e+04
3.180957600032962000e+04
3.187941684588950375e+04
3.200386760342769048e+04
3.194459690282922384e+04
3.212637180834941682e+04
3.208168214710273969e+04
3.212152060332204564e+04
3.214816674777768276e+04
3.204678933503532244e+04
3.194567285204566360e+04
3.190567376001366574e+04
3.184912311676321042e+04
3.184564313167923319e+04
3.178600181510359471e+04
3.171015356199678718e+04
3.179892012899784095e+04
3.190260245099779422e+04
3.198835694211128430e+04
3.203205977052805247e+04
3.236679354711666019e+04
3.262348405718784488e+04
3.267727770968620098e+04
3.268943628309251653e+04
3.295003515044816595e+04
3.310919448603413184e+04
3.315510326165656443e+04
3.321362821368927689e+04
3.307704430135450093e+04
3.317877931188449293e+04
3.295631372718903731e+04
3.295941180187070859e+04
3.282740269601454929e+04
3.270182624626565666e+04
3.266123977828528587e+04
3.267186389747044086e+04
3.251934700840398727e+04
3.239047950272384696e+04
3.216940852960732445e+04
3.211896944129607436e+04
3.202636344479363106e+04
3.204976547540224055e+04
3.202788677010086394e+04
3.214888136875581768e+04
3.200014077677825480e+04
3.205016156277229675e+04
3.216970925992015691e+04
3.201921875444358739e+04
3.196799684182118290e+04
3.198666709161145263e+04
3.210303742702628369e+04
3.208654227891650589e+04
3.241160928749047889e+04
3.235988618620721172e+04
3.259343994378610660e+04
3.272841638628856526e+04
3.281084426584051835e+04
3.293057322744206613e+04
3.290228808297895739e+04
3.308208328080899082e+04
3.280495595332320954e+04
3.301162356089393143e+04
3.293026871322537045e+04
3.274497862906723822e+04
3.263200812782396679e+04
3.254172614186296778e+04
3.221883577395293105e+04
3.225088771276360785e+04
3.217287515377289674e+04
3.202624206562691688e+04
3.205287583062444901e+04
3.207047987412277871e+04
3.236031212652843169e+04
3.232131878852154477e+04
3.262514632416319364e+04
3.274343834204193990e+04
3.270751984610153158e+04
3.280323705092175078e+04
3.278278225185883639e+04
3.267734753614571309e+04
3.230464961305233737e+04
3.195606011912706526e+04
3.140795991992201380e+04
3.092699841916724108e+04
3.033767911531080244e+04
2.969563513951998902e+04
2.898391307529299229e+04
2.841844195365288033e+04
2.820826714619153063e+04
2.808906553872006043e+04
2.805518492797996441e+04
2.825449255388005258e+04
2.892637327263348197e+04
2.955378233333678509e+04
3.037046246328468624e+04
3.076717921697281417e+04
3.146485343891204320e+04
3.213049439758465087e+04
3.278167003208565438e+04
3.321886226696101221e+04
3.329915240157919470e+04
3.344443949064777553e+04
3.375513639597055590e+04
3.388659310172911501e+04
3.413885095031029778e+04
3.413492446140523680e+04
3.423315123496785964e+04
3.432965302032014006e+04
3.426244731883851637e+04
3.395429568268546427e+04
3.394500451476207672e+04
3.376184664213107317e+04
3.364518240110449551e+04
3.336900990502740751e+04
3.324449801807604672e+04
3.319269725612794718e+04
3.298038320359226782e+04
3.302635679048423481e+04
3.292811971949729195e+04
3.299414558964785101e+04
3.312013596003990824e+04
3.318925665541067428e+04
3.321250585236526967e+04
3.341904426135641552e+04
3.362490765926302265e+04
3.393269731336622499e+04
3.416784897376627487e+04
3.435797148459131131e+04
3.457792377130249224e+04
3.461435623138044321e+04
3.466976165125720581e+04
3.476002927805083164e+04
3.469200281042059214e+04
3.474674222323409049e+04
3.459573092203609121e+04
3.468157481811902835e+04
3.457877897901055985e+04
3.443457656775703799e+04
3.451726704514059384e+04
3.462181164180876658e+04
3.478798371271965880e+04
3.474112781384491245e+04
3.477812402595146705e+04
3.490126904177414690e+04
3.497549750749558734e+04
3.493657931961999566e+04
3.480838823690431309e+04
3.468196121086730273e+04
3.464925198807251581e+04
3.449180422963430465e+04
3.427519079718373541e+04
3.424438617914414499e+04
3.412516401173619670e+04
3.386441667328155745e+04
3.381962858820012480e+04
3.384716551367849024e+04
3.364499680236940912e+04
3.350945088383638358e+04
3.346582745324522693e+04
3.344522395940882416e+04
3.334972279000580602e+04
3.344259933838951110e+04
3.320898632299476594e+04
3.325573689791986544e+04
3.324965469398261484e+04
3.344008205212981557e+04
3.342859702299181663e+04
3.315042636729696096e+04
3.305367811240284937e+04
3.294478368947406852e+04
3.268458983940833423e+04
3.240125791792133896e+04
3.219578798115168684e+04
3.195924761757268061e+04
3.155804450301716133e+04
3.128676306555454721e+04
3.079524411875939040e+04
3.060997099446871653e+04
3.043367970703076207e+04
3.053027755592399990e+04
3.065638105946234646e+04
3.073984735935087883e+04
3.108584399308187494e+04
3.155365613120710987e+04
3.191594830833013475e+04
3.225677820611348216e+04
3.261816862936816688e+04
3.295097871338538971e+04
3.305294588129803742e+04
3.316514088194635406e+04
3.313346163789596903e+04
3.317722785175575700e+04
3.309467228785247426e+04
3.299118087474429922e+04
3.286195843114479794e+04
3.281247258445809712e+04
3.263810469393394669e+04
3.238365176647264525e+04
3.221136085505590017e+04
3.211800396934177479e+04
3.218682250148877938e+04
3.194950082441140694e+04
3.199901578571773643e+04
3.206540981249316610e+04
3.201834712069223679e+04
3.207259205957354789e+04
3.213344570070533518e+04
3.220523531975668448e+04
3.235546474302822389e+04
3.247437297001559273e+04
3.257899514716706108e+04
3.250222282323679610e+04
3.243537680260185880e+04
3.255145539703511895e+04
3.265570126813739989e+04
3.268806758602733680e+04
3.251562008201204662e+04
3.254713928219929949e+04
3.262460315459327830e+04
3.251860045974602690e+04
3.233649516410342767e+04
3.230598781699905521e+04
3.250833723416819703e+04
3.240561972595996485e+04
3.248370842709329736e+04
3.248992612295993240e+04
3.254841652060181877e+04
3.289229948036132555e+04
3.307231442560980940e+04
3.300073229185803211e+04
3.295587559586602583e+04
3.284975604610977462e+04
3.255621467793483680e+04
3.213814471388554375e+04
3.165061684577582491e+04
3.112685745450498143e+04
3.050356861917943752e+04
3.008846697112692345e+04
2.981246498069494555e+04
2.961368768976200590e+04
2.953183848733386912e+04
2.930776944370009005e+04
2.951733410525387808e+04
2.969846265381400372e+04
2.990032794312898113e+04
3.011814278966966594e+04
3.045519147550518755e+04
3.082534721535517019e+04
3.117301744148850048e+04
3.135583426743733799e+04
3.162997825600166470e+04
3.178626446969609606e+04
3.194859352073176342e+04
3.203260419440542682e+04
3.203263568677852527e+04
3.191263843831346821e+04
3.175663333004262677e+04
3.162295480606045385e+04
3.139692362369448529e+04
3.145394997368082113e+04
3.153660546709343544e+04
3.162863629591539211e+04
3.195981149736066436e+04
3.225771658608594225e+04
3.249995112298210370e+04
3.261783754748499268e+04
3.268232001192280222e+04
3.277585946836116636e+04
3.273197320196092187e+04
3.245743114354701902e+04
3.228697762642724047e+04
3.213148542088788599e+04
3.179696672740058420e+04
3.154090282838313942e+04
3.128392196102943490e+04
3.118944294109240582e+04
3.085473524976961198e+04
3.064819331684111603e+04
3.047509436778165764e+04
3.041825514981685774e+04
3.041987924586038207e+04
3.056683570543526730e+04
3.059779240738018780e+04
3.096646381021228808e+04
3.127387016596672038e+04
3.141234904339692730e+04
3.168854839242353773e+04
3.201846367043679129e+04
3.210998668337316121e+04
3.207033451059664731e+04
3.186707066128492079e+04
3.183351112589228433e+04
3.158317922708249534e+04
3.155209232120538582e+04
3.151451919364731293e+04
3.162018680710660556e+04
3.164341132114285210e+04
3.181470726996831218e+04
3.182888314691979394e+04
3.221096057755126458e+04
3.248707273931921372e+04
3.258990597922396773e+04
3.269175210224463081e+04
3.261563956966143451e+04
3.264565455028651195e+04
3.243001582803228666e+04
3.205793869223086585e+04
3.194665692873430817e+04
3.168561445319353152e+04
3.154905490968084996e+04
3.146536883892463084e+04
3.139016129765615551e+04
3.134981710543235386e+04
3.141351420714183041e+04
3.156970679820175792e+04
3.183262076693610288e+04
3.202482959624224895e+04
3.221578350914473049e+04
3.247236954774364494e+04
3.292663040101302613e+04
3.300872316478675930e+04
3.314781558994016086e+04
3.301139703902347537e+04
3.294413012387594063e+04
3.250619304196847588e+04
3.198589604142720418e+04
3.158832999306183774e+04
3.137673906372651618e+04
3.112140877308788549e+04
3.097770844224226312e+04
3.088190658064189847e+04
3.058301513297990823e+04
3.056963931838545614e+04
3.041592304989760669e+04
3.012626950872058296e+04
3.008394839156117450e+04
2.987269926899903294e+04
2.973561254883936272e+04
2.962867700526376575e+04
2.985057459833847679e+04
3.013248172304733816e+04
3.050216002706543077e+04
3.095946742337318574e+04
3.121000572376394484e+04
3.157159821910922983e+04
3.189783711631795813e+04
3.202065667397272045e+04
3.196271040171110508e+04
3.190316163673668416e+04
3.179186401118654976e+04
3.169727529248147766e+04
3.154487484837775264e+04
3.128587518372828708e+04
3.128876254356815480e+04
3.112908334796586132e+04
3.106519319152439857e+04
3.111263894702423204e+04
3.112638367179342458e+04
3.112192348138861416e+04
3.132103571995238235e+04
3.134569347873292281e+04
3.171479234614919915e+04
3.169381877390161026e+04
3.183223017542263551e+04
3.204425345982918225e+04
3.209918352683590638e+04
3.217573128116778025e+04
3.236873357581498931e+04
3.236094358961798571e+04
3.236027131065009235e+04
3.228757190274229652e+04
3.226421003582583580e+04
3.217599214643613232e+04
3.214117914065309014e+04
3.201004668961873540e+04
3.184528274401887393e+04
3.169369412419720902e+04
3.162381166858365395e+04
3.147427205432583651e+04
3.136916800543919453e+04
3.129021430865230286e+04
3.110659195996687413e+04
3.081598389881977346e+04
3.064556820855811748e+04
3.043766419388748182e+04
3.037876836580963936e+04
3.039751397825287131e+04
3.044843100708186103e+04
3.058993086391971156e+04
3.068501956212165169e+04
3.099550488016537565e+04
3.109903433118934845e+04
3.133143271138523414e+04
3.118807090280181365e+04
3.111526391969277029e+04
3.089631815810741318e+04
3.038386087782071263e+04
3.002762837417859555e+04
2.976185208902625527e+04
2.948894347806720907e+04
2.928574927361619120e+04
2.926178261084133192e+04
2.920796359583202502e+04
2.935275239301802139e+04
2.940640247279392497e+04
2.964674292318646985e+04
2.980852053856831481e+04
2.986406052671516227e+04
3.004679684511620871e+04
3.011245371867594440e+04
3.016496984703396811e+04
3.019672699258175271e+04
3.023236834091249330e+04
3.007801918972877684e+04
2.992305152168098357e+04
2.998502735533406303e+04
2.977173096313229689e+04
2.964771428972609283e+04
2.961130357835627365e+04
2.958921142897027312e+04
2.930834056402093120e+04
2.913490490835329547e+04
2.914756523950920018e+04
2.893723513482741328e+04
2.855549878304650701e+04
2.833566827033218578e+04
2.821765497689922267e+04
2.808397903870500522e+04
2.780222951960158753e+04
2.761397958222750094e+04
2.771069405487209224e+04
2.806638353794500290e+04
2.827950842343164550e+04
2.828005108645893779e+04
2.854746516067618722e+04
2.882568183230422073e+04
2.911060298308683923e+04
2.910409796087367067e+04
2.923503940325515214e+04
2.934019644773959226e+04
2.941194236150840879e+04
2.929601701653149576e+04
2.912290356536545005e+04
2.914557287332434134e+04
2.893141260276542380e+04
2.904318569519903031e+04
2.889183068765021744e+04
2.906350460177924469e+04
2.898174364799357863e+04
2.888282048169447808e+04
2.864294337175191686e+04
2.857479485327182920e+04
2.871877381434252311e+04
2.888484549140791205e+04
2.901583262985855617e+04
2.912993575264398896e+04
2.923823145345531884e+04
2.933964916478104715e+04
2.914421604916203069e+04
2.910399511922776583e+04
2.899813765335895732e+04
2.859671710839036314e+04
2.809012907591308249e+04
2.761355271723612532e+04
2.734300083383978927e+04
2.726119572397601223e+04
2.719743474190319466e+04
2.724241844816999946e+04
2.752947699734661728e+04
2.779362049590584502e+04
2.817865629553761391e+04
2.824786217926731115e+04
2.843776690732580755e+04
2.874488907764690521e+04
2.887416903876907963e+04
2.890040102170122918e+04
2.900718677289575498e+04
2.899126612776895490e+04
2.900163356102821854e+04
2.876210876641145296e+04
2.853572239650385382e+04
2.812490042863262715e+04
2.749841880384012620e+04
2.695321243860497998e+04
2.649679110354157456e+04
2.611522689556596742e+04
2.591171422368581625e+04
2.582758878830519097e+04
2.578011546204856495e+04
2.586064504325504095e+04
2.601895779663499707e+04
2.602103180131695626e+04
2.598029579403572279e+04
2.609213706317899778e+04
2.619941807352804972e+04
2.605635995910156998e+04
2.612139068328901340e+04
2.619372825918492890e+04
2.627812643905906589e+04
2.656709322548965065e+04
2.694821050936660686e+04
2.732333268107027834e+04
2.754266920093851877e+04
2.773068128600210184e+04
2.796864437939757045e+04
2.804317260504967271e+04
2.819895361291917288e+04
2.837138875401928817e+04
2.854042657221705304e+04
2.830454751966812910e+04
2.815442229465994023e+04
2.790746981236751890e+04
2.766118589567822346e+04
2.747172987252512030e+04
2.701408802484583430e+04
2.669040705831191735e+04
2.659368084642424947e+04
2.663830616370679127e+04
2.667079675817102543e+04
2.681182313661404623e+04
2.711387613400829650e+04
2.768877101085548929e+04
2.809254516546706145e+04
2.831942339031301890e+04
2.854383390725887148e+04
2.865593426939452547e+04
2.882310430118127624e+04
2.880981743378517058e+04
2.851332440511489403e+04
2.829925547398928757e+04
2.785639662674273131e+04
2.753761347736765674e+04
2.718445684002248163e+04
2.683360334534790672e+04
2.652407453484726648e+04
2.628555826297999738e+04
2.616249474227040628e+04
2.606260753490479328e+04
2.602654106514138766e+04
2.615459179508397938e+04
2.607075791537772238e+04
2.611304827458615910e+04
2.623100806792774529e+04
2.623214101315767039e+04
2.580158661445970210e+04
2.553722643178712678e+04
2.525988694177976868e+04
2.494940269490613719e+04
2.441165351584113523e+04
2.399487893681082278e+04
2.382960763938422679e+04
2.398341815859439521e+04
2.419746874361220034e+04
2.442688885102402128e+04
2.473776960504645831e+04
2.535960260163613930e+04
2.599677609765641319e+04
2.632366455110054812e+04
2.654085369852673466e+04
2.663275413571422905e+04
2.690964785476068209e+04
2.708038404528318279e+04
2.710652618792364592e+04
2.715262982105398623e+04
2.720467108156566974e+04
2.722861421713168966e+04
2.712674574086765642e+04
2.692495287513880976e+04
2.664215641726358081e+04
2.619570496383054706e+04
2.555283101987431291e+04
2.502275684504102901e+04
2.449881210641949656e+04
2.428320645803516527e+04
2.392058553068035326e+04
2.396756401292612281e+04
2.401489763909154863e+04
2.438279989433006631e+04
2.473776658379274522e+04
2.514373748484910902e+04
2.549584787877697090e+04
2.573489648683857013e+04
2.563469894803187708e+04
2.546858017731624932e+04
2.516023490512765784e+04
2.484378352553008517e+04
2.461458978426072281e+04
2.430893374699448759e+04
2.417131703044379537e+04
2.407303294223730700e+04
2.379306026482164816e+04
2.356054176227032804e+04
2.318852035622115000e+04
2.270348013707084465e+04
2.235999353578195223e+04
2.172184817767982531e+04
2.087671218480161406e+04
2.013171095564039933e+04
1.974641047040736885e+04
1.965021607505284555e+04
1.962487876841158140e+04
1.966935684277055407e+04
2.006532606327379108e+04
2.080152372600620220e+04
2.135188055526157041e+04
2.171023635339237080e+04
2.221106938647117568e+04
2.245132387486782682e+04
2.243996438325428608e+04
2.241674170771153513e+04
2.222413025249141356e+04
2.182192362395558303e+04
2.158057435448723481e+04
2.133417379636899568e+04
2.132375247223035694e+04
2.149878950087627891e+04
2.179663443235783052e+04
2.211266344978207417e+04
2.255522396948364621e+04
2.295720574400842452e+04
2.304810351516073933e+04
2.318078663708346721e+04
2.316978999078553170e+04
2.311279832014139902e+04
2.285729499517835575e+04
2.261282667810218118e+04
2.233126119462466158e+04
2.198096895828224660e+04
2.157066774163860100e+04
2.115178613407184457e+04
2.080410741350806711e+04
2.046149350407254678e+04
2.029481923922456190e+04
2.019011409503295727e+04
2.032180939527264127e+04
2.037763988091573628e+04
2.039923448860192730e+04
2.064674432740135308e+04
2.085056690909732788e+04
2.125134897167612144e+04
2.139762219009531691e+04
2.108766250666380802e+04
2.061450788861007095e+04
2.020544672448530036e+04
1.964038515900497805e+04
1.904041316102293058e+04
1.862454137085294133e+04
1.839664322933746371e+04
1.822813253425909716e+04
1.815027333316057775e+04
1.821847535053396496e+04
1.848575935531613868e+04
1.884561874549592176e+04
1.925181651325976054e+04
1.939710432391960057e+04
1.944366902106977795e+04
1.938472069621587798e+04
1.937638258301532915e+04
1.917026872198388082e+04
1.898880459705529938e+04
1.899982548473674251e+04
1.864823171986032321e+04
1.821841060899512013e+04
1.776996036583698151e+04
1.742076641300069605e+04
1.699106804879004994e+04
1.667342157881994353e+04
1.639838861487832401e+04
1.604302047274776487e+04
1.600849238545432308e+04
1.588708456919390665e+04
1.555409888228913587e+04
1.532412712353165989e+04
1.569783357504187916e+04
1.562980796052834376e+04
1.522681617817525330e+04
1.455658202971433820e+04
1.392458020188246883e+04
1.400918613330933658e+04
1.386448956033602008e+04
1.391904020323525401e+04
1.430756942858387993e+04
1.508563680838139408e+04
1.596439126444812246e+04
1.663588022214229204e+04
1.698533514204734092e+04
1.753436220627294460e+04
1.804993320817765925e+04
1.812603980624717587e+04
1.792501650014333791e+04
1.766533284306339920e+04
1.742824506264946467e+04
1.707362828525942678e+04
1.676377985937508129e+04
1.652942643530713758e+04
1.630986896399971192e+04
1.617986130814325588e+04
1.617819826480699703e+04
1.626524016052894876e+04
1.638128927026921701e+04
1.639804223870161150e+04
1.646670689522452449e+04
1.656756654289746075e+04
1.667675127163602519e+04
1.684913109539563447e+04
1.688938403093023226e+04
1.694015382835809214e+04
1.698886879240707640e+04
1.691175837086331012e+04
1.665076131612708559e+04
1.661976609319403360e+04
1.619967723295973883e+04
1.598895874428326715e+04
1.579246308626447899e+04
1.577487834584205484e+04
1.568758337274751466e+04
1.582293423258845905e+04
1.601380635849727878e+04
1.635332142272304736e+04
1.663576210954468479e+04
1.682979763236074359e+04
1.695620382410615275e+04
1.701971278898320088e+04
1.701809387945566050e+04
1.684839639707451352e+04
1.659740640065019033e+04
1.633192272487696573e+04
1.609849770896229893e+04
1.590804631145139865e+04
1.580866685823754779e+04
1.578642104556648883e+04
1.567673306659266927e+04
1.570430250321153471e+04
1.569136812228641247e+04
1.571942429927918602e+04
1.578040862241604918e+04
1.589125003756253864e+04
1.604063884506794420e+04
1.609268180972712798e+04
1.618828957468848239e+04
1.625150425725638706e+04
1.630000001765044726e+04
1.641601489150402267e+04
1.642295915777653136e+04
1.627062943049455680e+04
1.609845924632173592e+04
1.576285541659191404e+04
1.538475178537601823e+04
1.506210191848928298e+04
1.489672857252560243e+04
1.476072542216866896e+04
1.477952170990497689e+04
1.483253568456397079e+04
1.483326578555798915e+04
1.488757012971801851e+04
1.506209847874240222e+04
1.518951283052499639e+04
1.524415071928351426e+04
1.533345933541532577e+04
1.535881483521395239e+04
1.520061459761132028e+04
1.516288563705955130e+04
1.520698611742711728e+04
1.526180982763936663e+04
1.529838017475787092e+04
1.545636051639787911e+04
1.561652198139076245e+04
1.584015494462377501e+04
1.593600396314716818e+04
1.593150936454095608e+04
1.597104669292323160e+04
1.586211340023757657e+04
1.556404372986394628e+04
1.531115153127599115e+04
1.521226382100874616e+04
1.503633069622289622e+04
1.493684015768002428e+04
1.478793820824670729e+04
1.447662519536688887e+04
1.420021836917660767e+04
1.403941122874453322e+04
1.388372569842670237e+04
1.358672087508720142e+04
1.348857590051458465e+04
1.344909892315140496e+04
1.337239882821119863e+04
1.341324672675681722e+04
1.350791046222899422e+04
1.374577841127604188e+04
1.407070650063535504e+04
1.435039679572610657e+04
1.436686492991936757e+04
1.429604949563349146e+04
1.424053706171272825e+04
1.414432014537902432e+04
1.389335391412797981e+04
1.364506175248858017e+04
1.333128535819933495e+04
1.320642232735623293e+04
1.313153042880836256e+04
1.298134619490651858e+04
1.278008236951418075e+04
1.262620967483070126e+04
1.255213301421365031e+04
1.256721354158932809e+04
1.260546162714999082e+04
1.249885311140505291e+04
1.246574077771068369e+04
1.247503893200738821e+04
1.254548465330971339e+04
1.257861691443631389e+04
1.268115712364730825e+04
1.269147705403532564e+04
1.278171371946988620e+04
1.274290521112818533e+04
1.270279606186252568e+04
1.267727536729405801e+04
1.279588540011438090e+04
1.290107163638862403e+04
1.296709170952501881e+04
1.297417952080819123e+04
1.297552256705291074e+04
1.303809027660559150e+04
1.303483110757961731e+04
1.294295531594394561e+04
1.274976536651842252e+04
1.258396183388765894e+04
1.241647283066672207e+04
1.231459900887532604e+04
1.215408065089563206e+04
1.212185928350583163e+04
1.205155950925345132e+04
1.218738915933108910e+04
1.215776418679317430e+04
1.233767451484764933e+04
1.245384774705358177e+04
1.261343683439984306e+04
1.276492032118592215e+04
1.280646597703186126e+04
1.272043410871804372e+04
1.257837638253255864e+04
1.264820170480744673e+04
1.251148832849194514e+04
1.250383284342037223e+04
1.243449185509063136e+04
1.226123037626962287e+04
1.212806273556465931e+04
1.203113249641766924e+04
1.211532760318080909e+04
1.217087900827524936e+04
1.221771222432809373e+04
1.225339905828313022e+04
1.220573091057639795e+04
1.219230016483369582e+04
1.218695589873991958e+04
1.216002711008598817e+04
1.215401691561437110e+04
1.232885549339178579e+04
1.237627383122643369e+04
1.227956678400231431e+04
1.214908143586737970e+04
1.203005310075565285e+04
1.169906872763521460e+04
1.149005717741384251e+04
1.132068043832231524e+04
1.108861429630013845e+04
1.091458326116085300e+04
1.080839398379690465e+04
1.078065387371853285e+04
1.077086274709929967e+04
1.080708445484532240e+04
1.075502680032095850e+04
1.094402773672220792e+04
1.100420317236741721e+04
1.099057429110900921e+04
1.093821185285521824e+04
1.065146531248271094e+04
1.049342555829807134e+04
1.025159271236272616e+04
1.003802807457601739e+04
9.975550390256401442e+03
9.848758543204316084e+03
9.872571365328789398e+03
9.904472621320905091e+03
9.978389734301823410e+03
9.867339837107048879e+03
9.980223955920206208e+03
1.005633318932638940e+04
1.032008872573045119e+04
1.035970000294840065e+04
1.026818994181459675e+04
1.020063039777627455e+04
1.012917599176671683e+04
1.015713595815386543e+04
1.013035265830831122e+04
1.027546783946058531e+04
1.043859715123015303e+04
1.050667927481177685e+04
1.046738237368086266e+04
1.040237518821012418e+04
1.031568363857216536e+04
1.019255691610934082e+04
1.005062203377246078e+04
9.900878820396390438e+03
9.686257813576101398e+03
9.469785727374381167e+03
9.247752152116227080e+03
9.073794764614816813e+03
8.827775656403369794e+03
8.718064405271050418e+03
8.687018071829304972e+03
8.813418309959233738e+03
8.851131455039563662e+03
8.868505785943092633e+03
8.844715218985827960e+03
8.854755800263177662e+03
8.791553459272097825e+03
8.667771658155137629e+03
8.520893665234507353e+03
8.566274099967666189e+03
8.479277580221727476e+03
8.278196640347729044e+03
8.247778553756725159e+03
8.168327753811106959e+03
8.019060150369829898e+03
7.761104209159642778e+03
7.774310026355978152e+03
7.767463860016448962e+03
7.770290338110166886e+03
7.672218599783107493e+03
7.677676899522261920e+03
7.685908718672633768e+03
7.690794114569932390e+03
7.713160596345818703e+03
7.810889407091682187e+03
7.922723171459674631e+03
8.135463709691599433e+03
8.298885554821374171e+03
8.168777147541275554e+03
8.168539802288815736e+03
8.137925360638498205e+03
8.150662691447255384e+03
8.062207946536836062e+03
8.028504199478678856e+03
7.859673057758375762e+03
7.818331789210212264e+03
7.898576043890197070e+03
7.862592039005598053e+03
7.709837895009412932e+03
7.629912030990065432e+03
7.668312188647842049e+03
7.653263148810553503e+03
7.655923860413340662e+03
7.648143929269644104e+03
7.665163001148850526e+03
7.559052119978608062e+03
7.585553793600489371e+03
7.500329303586530841e+03
7.484194048228830979e+03
7.582543849399052306e+03
7.630933852382117948e+03
7.628005304032232743e+03
7.586648269530609468e+03
7.519887895020969154e+03
7.521470368452436560e+03
7.501230090760630446e+03
7.517607214450001266e+03
7.417030775138840909e+03
7.311736582664526395e+03
7.274828443421208249e+03
7.089674558369229999e+03
7.040180838950078396e+03
6.972290303937880708e+03
6.984450262143581313e+03
6.869760576987701825e+03
6.820460541180964356e+03
6.790211588074780593e+03
6.747929112049298965e+03
6.746358455117207086e+03
6.722616263473330037e+03
6.735104299761448601e+03
6.636311952273314091e+03
6.638864275862069917e+03
6.441307493742360748e+03
6.391237528630187626e+03
6.355914024692252497e+03
6.274981498783456118e+03
6.220763617826436530e+03
6.172631788165462240e+03
6.035933120117671933e+03
5.964261602930844674e+03
5.932018234498621496e+03
5.934170305164318961e+03
5.948947091068838745e+03
5.923572768673804603e+03
5.981997512573590029e+03
5.940124391173495496e+03
5.996791695887999595e+03
5.987293094432278849e+03
6.037504253774098288e+03
5.972074128015834503e+03
5.955532723535878176e+03
5.849184826840714777e+03
5.805117112059444480e+03
5.646684695392727008e+03
5.627062979523610920e+03
5.455871831557161386e+03
5.465469385007893834e+03
5.406899781346281088e+03
5.378525058867447115e+03
5.364156404610800564e+03
5.278877671648256182e+03
5.302774014438441554e+03
5.293944923451786053e+03
5.355969393804983156e+03
5.358700378686028671e+03
5.415430252314501558e+03
5.417053447700522156e+03
5.423270297542834669e+03
5.357956146893175173e+03
5.342440629695716780e+03
5.343334369844680623e+03
5.312159599942983732e+03
5.273810754064173125e+03
5.242875089733251116e+03
5.188268811360732798e+03
5.134609711803552273e+03
5.121647969041249780e+03
4.994597791945648169e+03
4.925981874250898727e+03
4.902167370634485451e+03
4.784252565525125647e+03
4.736895860692998212e+03
4.688520758620688866e+03
4.580427939606790460e+03
4.574209998784025629e+03
4.561804260697989776e+03
4.576953265117598676e+03
4.554421518134256985e+03
4.523375407431260101e+03
4.570374968621122207e+03
4.594815635252957691e+03
4.639978823120668494e+03
4.705723886488358403e+03
4.702227719794961558e+03
4.664917755524212225e+03
4.640743988640835596e+03
4.536105351499669268e+03
4.465994337815575818e+03
4.421896772502184831e+03
4.336655331590666719e+03
4.231846329528516435e+03
4.141065641871329717e+03
4.097012894664141641e+03
4.019261804387860593e+03
4.041306204787449133e+03
3.968978325390602095e+03
3.930764941958937015e+03
3.877987319351608221e+03
3.913993381756965391e+03
3.956075154447028126e+03
3.959388953585967556e+03
3.946421165271833161e+03
3.918184129168533218e+03
3.914451952377881753e+03
3.902291563973832126e+03
3.891471560646842136e+03
3.908888404836108293e+03
3.880083142994662012e+03
3.884564187142376340e+03
3.815555028210335422e+03
3.741748290424572133e+03
3.691915034457744241e+03
3.648110015411864424e+03
3.651094541585714978e+03
3.651462018148563857e+03
3.597089921103133747e+03
3.619675585611374117e+03
3.597563449789996412e+03
3.602613684018930144e+03
3.565057875297661212e+03
3.488909724680432646e+03
3.486675822571867229e+03
3.413882809989960151e+03
3.369674197166767954e+03
3.348729734587731855e+03
3.299106863870606048e+03
3.236584177150059986e+03
3.235792661807279273e+03
3.261067527733756378e+03
3.257086586658188935e+03
3.273379389201915274e+03
3.193847885931153542e+03
3.200798871584698645e+03
3.294593818459941303e+03
3.261106887987415575e+03
3.243789711624275697e+03
3.217848646814286894e+03
3.205135772838671528e+03
3.078897651799954474e+03
3.018494026991728333e+03
2.937239615729881734e+03
2.919518320463890632e+03
2.934969310222536478e+03
2.917633924013059641e+03
2.871981645627100079e+03
2.846464177903304972e+03
2.831920760500121560e+03
2.761485238447547545e+03
2.771887853212143455e+03
2.768304982112304515e+03
2.824264235387046483e+03
2.806056064084169520e+03
2.834278161966877178e+03
2.788295538083537849e+03
2.770046609582260771e+03
2.785948885419814360e+03
2.790801361535369779e+03
2.790335258712424093e+03
2.757068541645340247e+03
2.767040748659472229e+03
2.795248657397942679e+03
2.789070334071030175e+03
2.739937879901960514e+03
2.723742503018680509e+03
2.673046881928055427e+03
2.685938710678052303e+03
2.598303696996305007e+03
2.621348581403080061e+03
