7.114916666666666742e+02
7.216833333333333940e+02
7.394666666666666970e+02
7.479416666666666060e+02
7.792333333333333485e+02
7.602749999999999773e+02
8.055083333333333258e+02
8.257666666666666515e+02
8.167583333333333258e+02
8.247166666666666970e+02
8.367999999999999545e+02
8.339583333333333712e+02
8.540000000000000000e+02
8.364583333333333712e+02
8.371916666666666060e+02
8.345000000000000000e+02
8.552083333333333712e+02
8.427000000000000455e+02
8.849916666666666742e+02
8.621749999999999545e+02
8.759166666666667425e+02
8.844750000000000227e+02
9.327333333333333485e+02
9.214916666666666742e+02
9.672083333333333712e+02
9.542416666666666742e+02
8.972166666666666970e+02
9.136916666666667197e+02
9.627083333333332575e+02
1.007975000000000023e+03
1.047458333333333485e+03
1.078766666666666652e+03
1.084724999999999909e+03
1.094733333333333348e+03
1.098474999999999909e+03
1.110958333333333485e+03
1.147250000000000000e+03
1.173433333333333394e+03
1.126000000000000000e+03
1.143441666666666606e+03
1.138933333333333394e+03
1.153308333333333394e+03
1.143708333333333485e+03
1.169974999999999909e+03
1.170058333333333394e+03
1.205650000000000091e+03
1.267958333333333485e+03
1.323700000000000045e+03
1.297233333333333121e+03
1.323283333333333303e+03
1.339483333333333348e+03
1.369491666666666788e+03
1.392900000000000091e+03
1.349275000000000091e+03
1.368474999999999909e+03
1.357983333333333348e+03
1.380033333333333303e+03
1.445200000000000045e+03
1.482683333333333394e+03
1.476508333333333212e+03
1.501208333333333485e+03
1.504900000000000091e+03
1.539525000000000091e+03
1.512241666666666788e+03
1.582000000000000000e+03
1.568983333333333348e+03
1.613983333333333348e+03
1.637266666666666652e+03
1.631016666666666652e+03
1.602391666666666652e+03
1.573000000000000000e+03
1.610983333333333348e+03
1.650758333333333439e+03
1.696175000000000182e+03
1.679675000000000182e+03
1.718258333333333439e+03
1.740033333333333303e+03
1.749274999999999864e+03
1.786991666666666561e+03
1.877808333333333394e+03
1.929716666666666697e+03
1.914991666666666788e+03
1.963991666666666561e+03
1.996899999999999864e+03
2.089466666666666697e+03
2.128233333333333576e+03
2.114474999999999909e+03
2.102016666666666424e+03
2.091958333333333485e+03
2.046416666666666515e+03
2.083491666666666788e+03
2.112066666666666606e+03
2.099250000000000000e+03
2.032408333333333303e+03
2.057116666666666788e+03
2.150158333333333303e+03
2.159550000000000182e+03
2.242175000000000182e+03
2.284449999999999818e+03
2.342216666666666697e+03
2.316474999999999909e+03
2.401841666666666697e+03
2.435483333333333576e+03
2.438025000000000091e+03
2.495025000000000091e+03
2.517266666666666424e+03
2.563441666666666606e+03
2.623966666666666697e+03
2.625291666666666970e+03
2.634466666666666697e+03
2.661691666666666606e+03
2.652750000000000000e+03
2.734508333333333212e+03
2.655266666666666424e+03
2.685291666666666515e+03
2.642500000000000000e+03
2.680291666666666970e+03
2.678474999999999909e+03
2.712033333333333303e+03
2.712791666666666970e+03
2.779741666666666788e+03
2.811916666666666970e+03
2.729983333333333576e+03
2.865691666666666606e+03
2.881283333333333303e+03
2.928975000000000364e+03
3.026500000000000000e+03
3.133758333333333212e+03
3.186966666666666697e+03
3.107000000000000000e+03
3.197458333333333030e+03
3.227475000000000364e+03
3.239933333333333394e+03
3.191283333333333758e+03
3.199000000000000000e+03
3.201125000000000000e+03
3.196466666666666697e+03
3.228500000000000000e+03
3.222466666666666697e+03
3.271258333333333212e+03
3.411941666666666606e+03
3.421283333333333303e+03
3.460199999999999818e+03
3.510449999999999818e+03
3.475449999999999818e+03
3.601041666666666970e+03
3.731474999999999909e+03
3.784500000000000000e+03
3.838650000000000091e+03
3.863724999999999909e+03
3.832008333333333212e+03
3.770708333333333030e+03
3.827974999999999909e+03
3.925516666666666424e+03
3.988699999999999818e+03
3.976991666666666788e+03
3.994441666666666606e+03
4.040208333333333485e+03
4.103233333333333576e+03
4.183066666666666606e+03
4.278024999999999636e+03
4.369750000000000000e+03
4.428500000000000000e+03
4.415058333333333394e+03
4.413008333333333212e+03
4.438000000000000000e+03
4.588741666666666788e+03
4.591241666666666788e+03
4.572566666666666606e+03
4.631266666666666424e+03
4.498750000000000000e+03
4.569533333333332848e+03
4.491233333333333576e+03
4.635016666666666424e+03
4.665733333333333576e+03
4.730716666666666242e+03
4.722791666666666970e+03
4.647716666666666242e+03
4.678758333333333212e+03
4.796508333333333212e+03
4.799208333333333030e+03
4.850266666666666424e+03
4.952766666666666424e+03
4.956491666666666788e+03
4.915258333333333212e+03
4.954741666666666788e+03
5.046683333333333394e+03
5.133274999999999636e+03
5.247183333333332484e+03
5.271758333333333212e+03
5.184750000000000000e+03
5.289516666666666424e+03
5.243541666666666060e+03
5.200708333333333940e+03
5.091300000000000182e+03
5.001774999999999636e+03
5.039699999999999818e+03
5.031008333333333212e+03
5.048658333333332848e+03
5.157024999999999636e+03
5.138183333333333394e+03
5.071066666666666606e+03
5.050316666666666606e+03
5.059966666666666242e+03
5.397899999999999636e+03
5.438558333333333394e+03
5.491741666666666788e+03
5.622233333333333576e+03
5.656508333333333212e+03
5.702000000000000000e+03
5.783000000000000000e+03
5.700758333333333212e+03
5.933733333333333576e+03
6.019683333333333394e+03
6.002000000000000000e+03
6.103524999999999636e+03
6.075783333333332848e+03
6.091058333333333394e+03
6.000758333333333212e+03
5.952991666666666788e+03
6.023700000000000728e+03
6.292983333333333576e+03
6.333966666666666242e+03
6.532500000000000000e+03
6.673983333333333576e+03
6.764741666666666788e+03
6.908491666666666788e+03
7.007725000000000364e+03
7.184258333333333212e+03
7.354516666666666424e+03
7.504791666666666060e+03
7.510500000000000000e+03
7.424274999999999636e+03
7.287208333333333940e+03
7.166566666666667516e+03
7.184275000000000546e+03
7.226000000000000000e+03
7.329833333333333940e+03
7.465008333333333212e+03
7.553558333333334303e+03
7.425708333333333940e+03
7.222225000000000364e+03
7.124000000000000000e+03
7.105466666666667152e+03
7.264750000000000000e+03
7.338216666666666242e+03
7.318008333333333212e+03
7.325283333333332848e+03
7.203250000000000000e+03
7.291966666666667152e+03
7.428508333333333212e+03
7.718783333333332848e+03
7.930225000000000364e+03
8.018808333333332484e+03
8.042250000000000000e+03
8.181008333333333212e+03
8.224174999999999272e+03
8.009574999999999818e+03
8.124758333333333212e+03
8.123774999999999636e+03
8.138216666666667152e+03
8.199241666666666788e+03
8.312475000000000364e+03
8.336791666666666060e+03
8.501325000000000728e+03
8.565174999999999272e+03
8.843033333333332848e+03
9.191774999999999636e+03
9.246300000000001091e+03
9.325250000000000000e+03
9.506516666666666424e+03
9.592750000000000000e+03
9.315991666666666788e+03
9.317758333333333212e+03
9.394766666666666424e+03
9.522000000000000000e+03
9.511000000000000000e+03
9.665508333333333212e+03
9.485708333333332121e+03
9.391250000000000000e+03
9.367549999999999272e+03
9.282549999999999272e+03
9.597250000000000000e+03
9.745233333333333576e+03
9.850750000000000000e+03
9.874500000000000000e+03
9.930991666666666788e+03
9.978783333333332848e+03
9.795750000000000000e+03
9.938250000000000000e+03
1.014095833333333212e+04
1.017220000000000073e+04
1.008150000000000000e+04
9.985716666666667152e+03
9.919516666666666424e+03
9.773466666666667152e+03
9.832524999999999636e+03
9.798033333333332848e+03
9.847733333333333576e+03
9.761775000000001455e+03
9.868549999999999272e+03
9.952783333333332848e+03
1.011025833333333321e+04
1.024175000000000000e+04
1.049098333333333358e+04
1.058826666666666642e+04
1.060728333333333285e+04
1.047073333333333358e+04
1.062253333333333285e+04
1.063800000000000000e+04
1.070429999999999927e+04
1.055856666666666570e+04
1.045978333333333285e+04
1.052254166666666788e+04
1.058379166666666788e+04
1.067176666666666642e+04
1.048279999999999927e+04
1.044131666666666570e+04
1.044904166666666788e+04
1.032974166666666679e+04
1.033225833333333321e+04
1.052353333333333285e+04
1.059777500000000146e+04
1.066450000000000000e+04
1.056421666666666715e+04
1.040420000000000073e+04
1.047777499999999964e+04
1.070254166666666788e+04
1.103351666666666642e+04
1.112721666666666715e+04
1.115279166666666788e+04
1.136220833333333212e+04
1.145954999999999927e+04
1.171127500000000146e+04
1.201629166666666788e+04
1.212723333333333358e+04
1.211230833333333430e+04
1.216454999999999927e+04
1.223375000000000000e+04
1.205551666666666642e+04
1.175671666666666715e+04
1.164098333333333358e+04
1.166624166666666679e+04
1.171523333333333358e+04
1.181082500000000073e+04
1.174058333333333212e+04
1.177381666666666570e+04
1.178052500000000146e+04
1.197450833333333321e+04
1.201650000000000000e+04
1.253777500000000146e+04
1.303274166666666679e+04
1.319848333333333358e+04
1.320073333333333358e+04
1.327747500000000036e+04
1.323475833333333321e+04
1.345695833333333394e+04
1.388401666666666642e+04
1.404204166666666606e+04
1.400524166666666679e+04
1.393276666666666642e+04
1.389370000000000073e+04
1.379963333333333321e+04
1.373500833333333321e+04
1.369829999999999927e+04
1.361298333333333358e+04
1.346593333333333430e+04
1.352497500000000036e+04
1.352875000000000000e+04
1.355225833333333321e+04
1.378354999999999927e+04
1.351004999999999927e+04
1.346379166666666788e+04
1.346508333333333394e+04
1.334606666666666570e+04
1.338954166666666788e+04
1.354674166666666679e+04
1.347946666666666715e+04
1.339028333333333285e+04
1.338671666666666715e+04
1.357221666666666715e+04
1.381275000000000000e+04
1.412022499999999854e+04
1.452470000000000073e+04
1.463900833333333321e+04
1.485857499999999891e+04
1.490849166666666679e+04
1.475575000000000000e+04
1.472445833333333212e+04
1.480024166666666679e+04
1.487981666666666570e+04
1.475073333333333358e+04
1.450655833333333430e+04
1.446595833333333212e+04
1.441076666666666642e+04
1.442077499999999964e+04
1.441451666666666642e+04
1.444554999999999927e+04
1.454177499999999964e+04
1.440150000000000000e+04
1.455547500000000036e+04
1.485355833333333430e+04
1.503554166666666606e+04
1.525121666666666715e+04
1.554898333333333358e+04
1.566298333333333358e+04
1.575903333333333285e+04
1.560522500000000036e+04
1.539177499999999964e+04
1.519727500000000146e+04
1.507096666666666715e+04
1.468600000000000000e+04
1.438753333333333285e+04
1.434704999999999927e+04
1.436900833333333503e+04
1.437241666666666606e+04
1.473083333333333394e+04
1.488806666666666570e+04
1.525475000000000000e+04
1.530402499999999964e+04
1.544029166666666788e+04
1.568640833333333285e+04
1.557001666666666642e+04
1.545547500000000036e+04
1.541903333333333285e+04
1.526497499999999854e+04
1.505847499999999854e+04
1.500997499999999854e+04
1.499029166666666606e+04
1.493851666666666642e+04
1.492849166666666679e+04
1.473679166666666606e+04
1.477175000000000000e+04
1.493529166666666788e+04
1.506704999999999927e+04
1.531323333333333358e+04
1.546573333333333358e+04
1.589299166666666679e+04
1.605977499999999964e+04
1.643279166666666424e+04
1.656899166666666861e+04
1.664250000000000000e+04
1.618366666666666788e+04
1.542575000000000000e+04
1.489601666666666642e+04
1.450552499999999964e+04
1.378316666666666788e+04
1.277898333333333358e+04
1.239306666666666570e+04
1.251982500000000073e+04
1.260254166666666788e+04
1.273900833333333321e+04
1.314179166666666606e+04
1.383325833333333321e+04
1.437803333333333285e+04
1.447626666666666642e+04
1.403500000000000000e+04
1.416078333333333285e+04
1.446499166666666679e+04
1.452605833333333430e+04
1.435107500000000073e+04
1.470030833333333430e+04
1.508297499999999854e+04
1.545875833333333321e+04
1.596656666666666570e+04
1.624200000000000000e+04
1.659476666666666642e+04
1.691768333333333430e+04
1.707120833333333576e+04
1.715729999999999927e+04
1.729526666666666642e+04
1.754953333333333285e+04
1.764577500000000146e+04
1.772679166666666424e+04
1.765420833333333212e+04
1.738528333333333285e+04
1.708272499999999854e+04
1.675252500000000146e+04
1.640251666666666642e+04
1.623424166666666679e+04
1.633275833333333321e+04
1.655744166666666570e+04
1.667153333333333285e+04
1.717570000000000073e+04
1.785298333333333358e+04
1.835452500000000146e+04
1.881853333333333285e+04
1.918995000000000073e+04
1.948074166666666861e+04
1.922245833333333576e+04
1.889341666666666424e+04
1.863306666666666570e+04
1.840927500000000146e+04
1.853024166666666861e+04
1.842007499999999709e+04
1.820749166666666861e+04
1.843929166666666424e+04
1.854245833333333576e+04
1.877319166666666570e+04
1.925053333333333285e+04
1.958574166666666861e+04
1.994647499999999854e+04
2.013348333333333358e+04
2.046528333333333285e+04
2.064574166666666861e+04
2.089622499999999854e+04
2.109127500000000146e+04
2.095629999999999927e+04
2.084155833333333430e+04
2.092821666666666715e+04
2.038226666666666642e+04
1.989792500000000291e+04
1.972077500000000146e+04
1.938599166666666861e+04
1.915150833333333139e+04
1.931221666666666715e+04
1.943350833333333139e+04
1.978925000000000000e+04
2.007895833333333576e+04
2.049383333333333576e+04
2.052576666666666642e+04
2.045731666666666570e+04
2.027224166666666861e+04
1.974604166666666424e+04
1.939025833333333139e+04
1.884095000000000073e+04
1.808102500000000146e+04
1.753625000000000000e+04
1.756778333333333285e+04
1.777381666666666570e+04
1.785447499999999854e+04
1.810449166666666861e+04
1.880100000000000000e+04
1.975295833333333576e+04
2.047621666666666715e+04
2.068825000000000000e+04
2.130860833333333358e+04
2.138997499999999854e+04
2.160026666666666642e+04
2.179753333333333285e+04
2.195520833333333576e+04
2.200125833333333139e+04
2.210627500000000146e+04
2.237825833333333139e+04
2.280103333333333285e+04
2.324595833333333576e+04
2.345397499999999854e+04
2.351923333333333358e+04
2.309745833333333576e+04
2.275472499999999854e+04
2.238595000000000073e+04
2.230730833333333430e+04
2.189371666666666715e+04
2.186777500000000146e+04
2.176527500000000146e+04
2.215056666666666570e+04
2.213646666666666715e+04
2.261829166666666424e+04
2.330850833333333139e+04
2.389172499999999854e+04
2.415253333333333285e+04
2.451177500000000146e+04
2.473029999999999927e+04
2.489998333333333358e+04
2.501231666666666570e+04
2.485674166666666861e+04
2.492003333333333285e+04
2.500227500000000146e+04
2.496397499999999854e+04
2.451454166666666424e+04
2.441096666666666715e+04
2.443272499999999854e+04
2.428166666666666788e+04
2.350045833333333576e+04
2.275228333333333285e+04
2.276379166666666424e+04
2.270722499999999854e+04
2.246994166666666570e+04
2.227451666666666642e+04
2.236206666666666570e+04
2.260856666666666570e+04
2.300170833333333576e+04
2.328478333333333285e+04
2.341949166666666861e+04
2.385220000000000073e+04
2.445923333333333358e+04
2.456475833333333139e+04
2.463791666666666788e+04
2.468422499999999854e+04
2.439749166666666861e+04
2.436675000000000000e+04
2.435574166666666861e+04
2.450423333333333358e+04
2.472478333333333285e+04
2.496829166666666424e+04
2.541725833333333139e+04
2.567120833333333576e+04
2.587245833333333212e+04
2.626928333333333285e+04
2.669769166666666570e+04
2.686925000000000000e+04
2.716351666666666642e+04
2.733477500000000146e+04
2.708779166666666424e+04
2.719952500000000146e+04
2.698220833333333576e+04
2.680204166666666424e+04
2.637632499999999709e+04
2.586418333333333430e+04
2.556177500000000146e+04
2.542304999999999927e+04
2.559125000000000000e+04
2.560720833333333576e+04
2.564232499999999709e+04
2.598849166666666861e+04
2.624304166666666424e+04
2.637100833333333139e+04
2.653735833333333358e+04
2.689475000000000000e+04
2.731479999999999927e+04
2.745057500000000073e+04
2.734229166666666788e+04
2.714398333333333358e+04
2.709534166666666715e+04
2.702945000000000073e+04
2.675501666666666642e+04
2.640945833333333212e+04
2.625951666666666642e+04
2.597045000000000073e+04
2.543200833333333139e+04
2.535029166666666424e+04
2.520047499999999854e+04
2.503901666666666642e+04
2.501166666666666788e+04
2.518178333333333285e+04
2.506201666666666642e+04
2.493346666666666715e+04
2.491692499999999927e+04
2.500047499999999854e+04
2.500530833333333430e+04
2.472644999999999709e+04
2.472170833333333576e+04
2.484978333333333285e+04
2.503001666666666642e+04
2.546601666666666642e+04
2.575475000000000000e+04
2.628301666666666642e+04
2.696547499999999854e+04
2.731250833333333139e+04
2.751304166666666424e+04
2.785052500000000146e+04
2.783299166666666861e+04
2.769352500000000146e+04
2.759355833333333430e+04
2.760975833333333139e+04
2.739531666666666570e+04
2.715206666666666570e+04
2.689001666666666642e+04
2.695892500000000291e+04
2.662470000000000073e+04
2.644299166666666861e+04
2.599401666666666642e+04
2.579720000000000073e+04
2.595003333333333285e+04
2.593425000000000000e+04
2.614578333333333285e+04
2.670533333333333576e+04
2.731550000000000000e+04
2.786430833333333430e+04
2.773574166666666861e+04
2.783920000000000073e+04
2.795775833333333139e+04
2.787879999999999927e+04
2.763574166666666861e+04
2.744976666666666642e+04
2.743373333333333358e+04
2.733878333333333285e+04
2.718621666666666715e+04
2.725525000000000000e+04
2.741674166666666861e+04
2.768209166666666715e+04
2.767323333333333358e+04
2.751470833333333576e+04
2.755107500000000073e+04
2.737748333333333358e+04
2.770178333333333285e+04
2.763301666666666642e+04
2.772575833333333139e+04
2.808870833333333576e+04
2.781781666666666570e+04
2.773593333333333430e+04
2.763801666666666642e+04
2.758170833333333576e+04
2.744028333333333285e+04
2.713827500000000146e+04
2.673245833333333576e+04
2.686001666666666642e+04
2.669200833333333139e+04
2.632781666666666570e+04
2.596329999999999927e+04
2.628273333333333358e+04
2.664596666666666715e+04
2.684502500000000146e+04
2.686450833333333139e+04
2.717175000000000000e+04
2.768298333333333358e+04
2.756979166666666788e+04
2.753353333333333285e+04
2.777999166666666861e+04
2.806278333333333285e+04
2.805874166666666861e+04
2.814147499999999854e+04
2.812304999999999927e+04
2.832196666666666715e+04
2.843226666666666642e+04
2.832299166666666861e+04
2.864498333333333358e+04
2.877953333333333285e+04
2.853234999999999854e+04
2.844474166666666861e+04
2.852251666666666642e+04
2.824475833333333139e+04
2.830325000000000000e+04
2.798426666666666642e+04
2.775405833333333430e+04
2.771705833333333430e+04
2.760338333333333139e+04
2.755353333333333285e+04
2.783457500000000073e+04
2.788648333333333358e+04
2.812379999999999927e+04
2.823475833333333139e+04
2.869753333333333285e+04
2.914597499999999854e+04
2.947754166666666424e+04
2.955527500000000146e+04
2.950102500000000146e+04
2.930450833333333139e+04
2.929129166666666424e+04
2.887725833333333139e+04
2.890154166666666424e+04
2.861129999999999927e+04
2.864829166666666788e+04
2.873628333333333285e+04
2.864250833333333139e+04
2.867227500000000146e+04
2.904252500000000146e+04
2.935625000000000000e+04
2.958004999999999927e+04
2.965912500000000000e+04
2.971125000000000000e+04
2.982325000000000000e+04
2.986401666666666642e+04
2.998114166666666642e+04
3.023179166666666424e+04
3.027058333333333212e+04
3.057246666666666715e+04
3.031569166666666570e+04
3.048200833333333139e+04
3.049054166666666424e+04
3.058549166666666861e+04
3.047647499999999854e+04
3.036497499999999854e+04
3.029524166666666861e+04
3.017928333333333285e+04
3.001701666666666642e+04
3.005754999999999927e+04
2.986900833333333139e+04
2.969730000000000291e+04
2.945206666666666570e+04
2.925669999999999709e+04
2.936625000000000000e+04
2.923829166666666424e+04
2.915325000000000000e+04
2.939424166666666861e+04
2.951155833333333430e+04
2.953957500000000073e+04
2.981875000000000000e+04
2.975321666666666715e+04
2.987475833333333139e+04
3.024523333333333358e+04
3.005523333333333358e+04
3.019299166666666861e+04
2.989281666666666570e+04
2.976822499999999854e+04
2.950654166666666424e+04
2.929251666666666642e+04
2.899645000000000073e+04
2.852978333333333285e+04
2.833075000000000000e+04
2.801352500000000146e+04
2.795379166666666424e+04
2.811675833333333139e+04
2.829259166666666715e+04
2.839827500000000146e+04
2.872996666666666715e+04
2.889171666666666715e+04
2.893975833333333139e+04
2.935386666666666861e+04
2.947304166666666424e+04
2.968772499999999854e+04
2.997975000000000000e+04
2.999425833333333139e+04
3.020475833333333139e+04
3.068858333333333576e+04
3.143273333333332994e+04
3.163048333333333721e+04
3.163851666666667006e+04
3.163255833333333430e+04
3.158704166666666424e+04
3.145825833333333139e+04
3.109999166666666861e+04
3.099300833333333139e+04
3.058947499999999854e+04
3.042223333333333721e+04
3.015848333333333358e+04
3.004050000000000000e+04
3.001302500000000146e+04
3.030749166666666861e+04
3.068574166666666861e+04
3.068594166666666570e+04
3.090125833333333503e+04
3.090947499999999854e+04
3.120226666666667006e+04
3.155572499999999854e+04
3.176883333333333212e+04
3.175101666666666642e+04
3.189650000000000000e+04
3.193160000000000218e+04
3.143755833333333430e+04
3.097628333333333285e+04
3.103243333333333430e+04
3.102773333333333358e+04
3.088894999999999709e+04
3.075198333333333721e+04
3.090422500000000218e+04
3.072501666666667006e+04
3.113500833333333139e+04
3.100102500000000146e+04
3.127801666666666279e+04
3.136950000000000000e+04
3.146848333333332994e+04
3.103953333333333285e+04
3.048771666666666715e+04
3.029378333333333285e+04
2.984874166666666861e+04
2.946012500000000000e+04
2.971375833333333139e+04
2.964177500000000146e+04
2.965248333333333358e+04
2.956581666666666570e+04
2.995656666666666570e+04
2.992979999999999927e+04
3.032576666666666642e+04
3.035046666666666715e+04
3.064000000000000000e+04
3.083573333333333358e+04
3.117580833333333430e+04
3.118047499999999854e+04
3.166429166666666788e+04
3.194844999999999709e+04
3.181104166666666788e+04
3.177272499999999854e+04
3.155098333333333358e+04
3.161396666666666715e+04
3.119929166666666424e+04
3.095754999999999927e+04
3.052702500000000146e+04
3.043104166666666424e+04
3.048077500000000146e+04
3.039925000000000000e+04
3.059451666666666642e+04
3.078450000000000000e+04
3.100805833333333430e+04
3.103151666666666642e+04
3.130300833333333139e+04
3.094002500000000146e+04
3.081925000000000000e+04
3.070670000000000073e+04
3.023953333333333285e+04
2.998973333333333358e+04
2.954406666666666570e+04
2.942678333333333285e+04
2.921426666666666642e+04
2.904573333333333358e+04
2.875077500000000146e+04
2.837780833333333430e+04
2.843306666666666570e+04
2.835976666666666642e+04
2.840925000000000000e+04
2.872416666666666788e+04
2.896670833333333576e+04
2.930119166666666570e+04
3.020274166666666861e+04
3.061249166666666861e+04
3.096799166666666861e+04
3.132975000000000000e+04
3.197198333333332994e+04
3.183711666666666861e+04
3.188376666666666642e+04
3.183746666666666715e+04
3.166949166666666861e+04
3.138955833333333430e+04
3.138229999999999927e+04
3.131650833333333139e+04
3.125478333333333285e+04
3.118825833333333139e+04
3.109920833333333576e+04
3.124057500000000073e+04
3.137599166666666861e+04
3.130451666666666642e+04
3.117929999999999927e+04
3.130550000000000000e+04
3.148271666666666715e+04
3.122454999999999927e+04
3.109575833333333139e+04
3.097303333333333285e+04
3.133724166666666861e+04
3.119354166666666424e+04
3.133299166666666861e+04
3.110079999999999927e+04
3.101022499999999854e+04
3.093505833333333430e+04
3.085470000000000073e+04
3.066904999999999927e+04
3.079950000000000000e+04
3.067421666666666715e+04
3.087001666666666642e+04
3.081632499999999709e+04
3.079123333333333358e+04
3.083481666666666570e+04
3.108158333333333576e+04
3.122551666666666642e+04
3.151719166666666570e+04
3.141104166666666424e+04
3.164000833333333139e+04
3.183998333333333358e+04
3.208851666666666642e+04
3.193076666666666642e+04
3.178505833333333430e+04
3.187175833333333139e+04
3.173876666666666642e+04
3.134770833333333576e+04
3.087275833333333139e+04
3.068071666666666715e+04
3.021897499999999854e+04
2.956255833333333430e+04
2.934483333333333212e+04
2.931023333333333358e+04
2.903549166666666861e+04
2.927576666666666642e+04
2.933650833333333139e+04
2.953200833333333139e+04
2.999899166666666861e+04
3.018222499999999854e+04
3.082125833333333139e+04
3.087849166666666861e+04
3.100920833333333576e+04
3.138199166666666497e+04
3.164202500000000146e+04
3.170926666666666279e+04
3.187597499999999854e+04
3.207347500000000218e+04
3.202105833333333430e+04
3.188951666666666642e+04
3.170080000000000291e+04
3.178674166666666861e+04
3.196825000000000000e+04
3.201050000000000000e+04
3.199598333333332994e+04
3.206882499999999709e+04
3.204804166666666788e+04
3.202822499999999854e+04
3.236452500000000146e+04
3.229452500000000146e+04
3.250244166666666570e+04
3.252200833333333139e+04
3.281451666666666279e+04
3.261355000000000291e+04
3.314520833333333576e+04
3.323730000000000291e+04
3.308995833333332848e+04
3.329956666666666570e+04
3.349279166666667152e+04
3.351500833333333139e+04
3.341580833333333430e+04
3.340673333333332994e+04
3.300000000000000000e+04
3.335780000000000291e+04
3.311628333333333285e+04
3.292321666666666715e+04
3.302894999999999709e+04
3.312803333333333285e+04
3.321825833333333139e+04
3.329652500000000146e+04
3.322556666666666570e+04
3.323934166666666715e+04
3.313819166666666570e+04
3.309675000000000000e+04
3.301225000000000000e+04
3.300880000000000291e+04
3.278075833333333139e+04
3.265270000000000437e+04
3.258776666666666642e+04
3.204450000000000000e+04
3.197005000000000291e+04
3.172579999999999927e+04
3.177102499999999782e+04
3.153272499999999854e+04
3.137279166666666424e+04
3.128979166666666424e+04
3.151551666666667006e+04
3.155075833333333139e+04
3.159251666666666279e+04
3.188773333333332994e+04
3.169657500000000073e+04
3.189855000000000291e+04
3.208772500000000218e+04
3.255971666666666715e+04
3.242598333333333721e+04
3.269454999999999927e+04
3.282342500000000291e+04
3.294200833333333139e+04
3.289922500000000582e+04
3.296826666666666279e+04
3.242122499999999854e+04
3.236404999999999927e+04
3.200724166666666497e+04
3.186377500000000146e+04
3.180404999999999927e+04
3.150975833333333139e+04
3.108768333333333430e+04
3.023480833333333430e+04
2.952197499999999854e+04
2.893054999999999927e+04
2.829252500000000146e+04
2.775554166666666788e+04
2.705047499999999854e+04
2.683423333333333358e+04
2.684526666666666642e+04
2.705526666666666642e+04
2.727500000000000000e+04
2.803849166666666861e+04
2.853159999999999854e+04
2.931486666666666861e+04
2.958323333333333358e+04
3.019730833333333430e+04
3.077007500000000073e+04
3.117758333333333576e+04
3.146751666666666642e+04
3.151324166666666861e+04
3.156600833333333503e+04
3.141669166666666570e+04
3.145754999999999927e+04
3.121006666666666570e+04
3.101556666666666570e+04
3.089624166666666497e+04
3.078223333333333358e+04
3.070651666666666279e+04
3.058130833333333430e+04
3.076673333333333721e+04
3.078347499999999854e+04
3.093229166666666788e+04
3.134150000000000000e+04
3.130725833333333503e+04
3.149033333333333576e+04
3.159999166666666497e+04
3.177670000000000073e+04
3.163827500000000146e+04
3.168299166666666861e+04
3.170254999999999927e+04
3.147404166666666424e+04
3.162799166666666861e+04
3.126389999999999782e+04
3.128447499999999854e+04
3.119966666666666424e+04
3.095950833333333139e+04
3.075022500000000218e+04
3.076020833333333576e+04
3.058851666666666642e+04
3.060122499999999854e+04
3.054644166666666570e+04
3.081225833333333139e+04
3.040474166666666861e+04
3.070966666666666424e+04
3.093601666666666642e+04
3.074621666666666715e+04
3.045501666666666642e+04
3.070152500000000146e+04
3.065804166666666424e+04
3.085223333333333358e+04
3.087849166666666861e+04
3.109370833333333576e+04
3.120355833333333430e+04
3.134449166666666861e+04
3.131125000000000000e+04
3.130701666666666642e+04
3.156650833333333139e+04
3.143978333333333285e+04
3.161450833333333139e+04
3.172773333333333358e+04
3.206838333333333503e+04
3.174479166666666788e+04
3.165497499999999854e+04
3.135426666666666642e+04
3.110850833333333139e+04
3.131353333333333285e+04
3.114409166666666715e+04
3.098273333333333358e+04
3.081067500000000291e+04
3.053244166666666570e+04
3.070350833333333139e+04
3.027875833333333139e+04
3.021400833333333139e+04
3.031494166666666570e+04
3.032398333333333358e+04
3.064898333333333358e+04
3.052315833333333285e+04
3.033605833333333430e+04
3.078757499999999709e+04
3.072650833333333139e+04
3.064146666666666715e+04
3.079349166666666861e+04
3.060527500000000146e+04
3.033850000000000000e+04
3.050623333333332994e+04
3.045399166666666861e+04
3.029724166666666861e+04
3.021020000000000073e+04
3.018676666666666642e+04
3.001519166666666570e+04
2.982320833333333576e+04
2.979820833333333576e+04
2.990699166666666861e+04
2.992800833333333139e+04
2.990925833333333139e+04
2.988553333333333285e+04
2.974579166666666424e+04
2.950072499999999854e+04
2.944695000000000073e+04
2.958474166666666861e+04
2.942817500000000291e+04
2.942325833333333139e+04
2.960617500000000291e+04
2.989124166666666861e+04
2.983569166666666570e+04
2.992823333333333358e+04
3.013625000000000000e+04
3.018751666666666642e+04
3.024124166666666861e+04
3.054240000000000146e+04
3.093842499999999927e+04
3.099886666666666861e+04
3.115724166666666861e+04
3.108431666666666570e+04
3.124065000000000146e+04
3.116845000000000073e+04
3.123290000000000146e+04
3.095216666666666424e+04
3.092246666666666715e+04
3.107565000000000146e+04
3.117867499999999927e+04
3.094517499999999927e+04
3.126796666666666715e+04
3.128667499999999927e+04
3.137588333333333139e+04
3.142169166666666570e+04
3.138379999999999927e+04
3.141833333333333212e+04
3.125951666666666642e+04
3.100573333333333358e+04
3.085649166666666861e+04
3.098528333333333285e+04
3.081587500000000000e+04
3.076927500000000146e+04
3.071925000000000000e+04
3.036323333333333358e+04
3.032070833333333576e+04
2.996450000000000000e+04
3.002406666666666570e+04
3.011945833333333576e+04
3.034951666666666642e+04
3.030448333333333358e+04
3.042975000000000000e+04
3.094500833333333139e+04
3.087223333333333358e+04
3.113952500000000146e+04
3.094279999999999927e+04
3.104470000000000073e+04
3.105025000000000000e+04
3.091774166666666861e+04
3.022854999999999927e+04
3.014924166666666861e+04
3.008599166666666861e+04
2.971556666666666570e+04
2.956592499999999927e+04
2.944302500000000146e+04
2.938125000000000000e+04
2.903925833333333139e+04
2.906529999999999927e+04
2.915399166666666861e+04
2.926903333333333285e+04
2.906849166666666861e+04
2.928203333333333285e+04
2.922299166666666861e+04
2.930753333333333285e+04
2.940998333333333358e+04
2.936653333333333285e+04
2.924977500000000146e+04
2.930511666666666861e+04
2.925927500000000146e+04
2.916374166666666861e+04
2.897271666666666715e+04
2.907753333333333285e+04
2.899404166666666424e+04
2.910350833333333139e+04
2.926692499999999927e+04
2.942830833333333430e+04
2.954750000000000000e+04
2.976295833333333576e+04
2.960879166666666424e+04
2.955797499999999854e+04
2.938432500000000073e+04
2.921354999999999927e+04
2.910327500000000146e+04
2.866628333333333285e+04
2.875255833333333430e+04
2.857628333333333285e+04
2.843617500000000291e+04
2.855850000000000000e+04
2.847775833333333139e+04
2.840925000000000000e+04
2.843553333333333285e+04
2.868607499999999709e+04
2.901875000000000000e+04
2.879424166666666861e+04
2.820675833333333139e+04
2.798900833333333139e+04
2.783922499999999854e+04
2.780717499999999927e+04
2.758452500000000146e+04
2.761676666666666642e+04
2.767204999999999927e+04
2.776448333333333358e+04
2.804379999999999927e+04
2.819520833333333576e+04
2.861555833333333430e+04
2.885953333333333285e+04
2.859720000000000073e+04
2.886071666666666715e+04
2.885180833333333430e+04
2.852279166666666424e+04
2.880996666666666715e+04
2.857704999999999927e+04
2.858329999999999927e+04
2.851872499999999854e+04
2.837426666666666642e+04
2.838424166666666861e+04
2.775525833333333139e+04
2.755668333333333430e+04
2.708599166666666861e+04
2.712199166666666861e+04
2.685499166666666861e+04
2.667477500000000146e+04
2.696182499999999709e+04
2.690351666666666642e+04
2.709901666666666642e+04
2.741176666666666642e+04
2.769553333333333285e+04
2.788275833333333139e+04
2.800400833333333139e+04
2.818495833333333576e+04
2.817332499999999709e+04
2.842724166666666861e+04
2.872034166666666715e+04
2.894404999999999927e+04
2.903696666666666715e+04
2.905872499999999854e+04
2.894551666666666642e+04
2.878240833333333285e+04
2.852705833333333430e+04
2.806506666666666570e+04
2.785890833333333285e+04
2.755177500000000146e+04
2.747920833333333576e+04
2.747179166666666424e+04
2.775254166666666424e+04
2.795404166666666424e+04
2.807215833333333285e+04
2.803030833333333430e+04
2.801598333333333358e+04
2.806521666666666715e+04
2.840025833333333139e+04
2.816371666666666715e+04
2.838202500000000146e+04
2.846874166666666861e+04
2.834725833333333139e+04
2.838629166666666424e+04
2.839854166666666424e+04
2.845680833333333430e+04
2.821173333333333358e+04
2.759250833333333139e+04
2.741223333333333358e+04
2.695251666666666642e+04
2.667405833333333430e+04
2.661675000000000000e+04
2.609424166666666861e+04
2.594773333333333358e+04
2.623376666666666642e+04
2.624305833333333430e+04
2.644724166666666861e+04
2.662525833333333139e+04
2.677500000000000000e+04
2.683352500000000146e+04
2.662045000000000073e+04
2.627999166666666861e+04
2.641576666666666642e+04
2.656678333333333285e+04
2.627171666666666715e+04
2.626352500000000146e+04
2.627827500000000146e+04
2.651623333333333358e+04
2.641776666666666642e+04
2.629036666666666861e+04
2.621384166666666715e+04
2.612306666666666570e+04
2.590180833333333430e+04
2.550784166666666715e+04
2.544501666666666642e+04
2.540570833333333576e+04
2.551648333333333358e+04
2.545525833333333139e+04
2.549251666666666642e+04
2.553025833333333139e+04
2.548674166666666861e+04
2.538320833333333576e+04
2.513504166666666424e+04
2.459927500000000146e+04
2.421425833333333139e+04
2.406849166666666861e+04
2.389181666666666570e+04
2.413547499999999854e+04
2.421773333333333358e+04
2.444545833333333576e+04
2.470556666666666570e+04
2.513045833333333212e+04
2.514531666666666570e+04
2.547518333333333430e+04
2.566625000000000000e+04
2.561969166666666570e+04
2.584769166666666570e+04
2.573554999999999927e+04
2.550849166666666861e+04
2.548476666666666642e+04
2.536129999999999927e+04
2.506250000000000000e+04
2.466497499999999854e+04
2.448381666666666570e+04
2.455924166666666861e+04
2.410622499999999854e+04
2.402804166666666424e+04
2.447070833333333576e+04
2.482645000000000073e+04
2.503529999999999927e+04
2.554871666666666715e+04
2.549722499999999854e+04
2.562174166666666861e+04
2.560046666666666715e+04
2.582520833333333576e+04
2.535371666666666715e+04
2.513006666666666570e+04
2.501457499999999709e+04
2.480358333333333212e+04
2.436179166666666424e+04
2.445771666666666715e+04
2.415227500000000146e+04
2.414478333333333285e+04
2.418971666666666715e+04
2.441150000000000000e+04
2.465999166666666861e+04
2.484779166666666424e+04
2.483904999999999927e+04
2.514922499999999854e+04
2.515548333333333358e+04
2.502827500000000146e+04
2.510520000000000073e+04
2.496174166666666861e+04
2.475125833333333139e+04
2.465795833333333576e+04
2.451954166666666424e+04
2.415800000000000000e+04
2.411877500000000146e+04
2.438854999999999927e+04
2.481074166666666861e+04
2.465109999999999854e+04
2.492050833333333139e+04
2.524179166666666424e+04
2.514653333333333285e+04
2.547282499999999709e+04
2.570845833333333576e+04
2.555070000000000073e+04
2.557550833333333139e+04
2.558629999999999927e+04
2.537027500000000146e+04
2.529650833333333139e+04
2.527900833333333139e+04
2.509226666666666642e+04
2.517776666666666642e+04
2.513506666666666570e+04
2.501257499999999709e+04
2.496354166666666424e+04
2.540576666666666642e+04
2.551135833333333358e+04
2.565597499999999854e+04
2.551784999999999854e+04
2.571129166666666424e+04
2.589275000000000000e+04
2.578176666666666642e+04
2.573951666666666642e+04
2.571225000000000000e+04
2.555470000000000073e+04
2.556574166666666861e+04
2.533928333333333285e+04
2.501400833333333139e+04
2.464930833333333430e+04
2.467406666666666570e+04
2.431649166666666861e+04
2.417803333333333285e+04
2.408670833333333576e+04
2.421252500000000146e+04
2.455800833333333139e+04
2.454448333333333358e+04
2.496426666666666642e+04
2.503296666666666715e+04
2.535495833333333576e+04
2.567875000000000000e+04
2.573176666666666642e+04
2.573381666666666570e+04
2.578330833333333430e+04
2.562104166666666424e+04
2.543345833333333576e+04
2.563454999999999927e+04
2.547126666666666642e+04
2.571607499999999709e+04
2.559173333333333358e+04
2.543802500000000146e+04
2.543327500000000146e+04
2.544502500000000146e+04
2.530199166666666861e+04
2.546899166666666861e+04
2.530407499999999709e+04
2.513704999999999927e+04
2.482902500000000146e+04
2.486029166666666424e+04
2.475004999999999927e+04
2.449545833333333576e+04
2.434120000000000073e+04
2.433927500000000146e+04
2.413252500000000146e+04
2.435824166666666861e+04
2.433050000000000000e+04
2.465775000000000000e+04
2.466798333333333358e+04
2.444034999999999854e+04
2.463328333333333285e+04
2.453196666666666715e+04
2.451824166666666861e+04
2.442503333333333285e+04
2.432607499999999709e+04
2.428750000000000000e+04
2.422357499999999709e+04
2.434829166666666424e+04
2.424150833333333139e+04
2.412496666666666715e+04
2.390975000000000000e+04
2.419250000000000000e+04
2.422552500000000146e+04
2.415169166666666570e+04
2.408032499999999709e+04
2.425153333333333285e+04
2.430236666666666861e+04
2.436499166666666861e+04
2.420729166666666424e+04
2.433775000000000000e+04
2.435621666666666715e+04
2.446024166666666861e+04
2.417202500000000146e+04
2.402075833333333139e+04
2.389658333333333212e+04
2.384575000000000000e+04
2.392775000000000000e+04
2.404975000000000000e+04
2.421473333333333358e+04
2.442428333333333285e+04
2.428527500000000146e+04
2.441226666666666642e+04
2.464001666666666642e+04
2.446975833333333139e+04
2.413929166666666424e+04
2.384178333333333285e+04
2.391321666666666715e+04
2.377116666666666788e+04
2.332950833333333139e+04
2.325100833333333139e+04
2.323979999999999927e+04
2.335977500000000146e+04
2.334699166666666861e+04
2.359057499999999709e+04
2.360650000000000000e+04
2.347180833333333430e+04
2.366025833333333139e+04
2.346701666666666642e+04
2.352600833333333139e+04
2.342525000000000000e+04
2.340130833333333430e+04
2.323676666666666642e+04
2.324792500000000291e+04
2.326495000000000073e+04
2.318903333333333285e+04
2.324175000000000000e+04
2.319025833333333139e+04
2.328648333333333358e+04
2.313354166666666424e+04
2.330905833333333430e+04
2.298070000000000073e+04
2.293679166666666424e+04
2.278522499999999854e+04
2.292720833333333576e+04
2.290079166666666788e+04
2.292204999999999927e+04
2.297394999999999709e+04
2.267178333333333285e+04
2.307850000000000000e+04
2.287650000000000000e+04
2.290750000000000000e+04
2.264379166666666424e+04
2.241152500000000146e+04
2.200300000000000000e+04
2.168407499999999709e+04
2.135076666666666642e+04
2.106476666666666642e+04
2.077897499999999854e+04
2.074323333333333358e+04
2.056466666666666788e+04
2.101378333333333285e+04
2.140649166666666861e+04
2.177125000000000000e+04
2.203926666666666642e+04
2.260955833333333430e+04
2.252697499999999854e+04
2.281601666666666642e+04
2.270675000000000000e+04
2.305980833333333430e+04
2.293577500000000146e+04
2.261277500000000146e+04
2.231927500000000146e+04
2.208601666666666642e+04
2.214922499999999854e+04
2.208372499999999854e+04
2.202223333333333358e+04
2.210775833333333139e+04
2.218723333333333358e+04
2.220900833333333139e+04
2.222252500000000146e+04
2.221844999999999709e+04
2.235905000000000291e+04
2.219478333333333285e+04
2.215126666666666642e+04
2.177020833333333576e+04
2.170777500000000146e+04
2.172752500000000146e+04
2.184824166666666861e+04
2.162768333333333430e+04
2.167224166666666861e+04
2.147927500000000146e+04
2.153122499999999854e+04
2.154447499999999854e+04
2.167304166666666424e+04
2.136871666666666715e+04
2.128987500000000000e+04
2.100577500000000146e+04
2.100326666666666642e+04
2.081370833333333576e+04
2.064945833333333576e+04
2.053043333333333430e+04
2.053354166666666424e+04
2.054231666666666570e+04
2.017558333333333212e+04
2.001197499999999854e+04
1.994027500000000146e+04
1.969904999999999927e+04
1.988229999999999927e+04
1.971203333333333285e+04
1.882669166666666570e+04
1.813299166666666861e+04
1.770790000000000146e+04
1.731596666666666715e+04
1.712824166666666861e+04
1.732175833333333139e+04
1.792927500000000146e+04
1.826052500000000146e+04
1.855378333333333285e+04
1.882271666666666715e+04
1.863475833333333139e+04
1.887325833333333139e+04
1.902102500000000146e+04
1.907503333333333285e+04
1.909744166666666570e+04
1.889247499999999854e+04
1.899299166666666861e+04
1.915156666666666570e+04
1.919230833333333430e+04
1.914802500000000146e+04
1.924504999999999927e+04
1.911952500000000146e+04
1.906501666666666642e+04
1.921225000000000000e+04
1.913211666666666497e+04
1.914026666666666642e+04
1.907634999999999854e+04
1.874450833333333139e+04
1.845429166666666424e+04
1.835153333333333285e+04
1.817980833333333430e+04
1.808049166666666861e+04
1.825202500000000146e+04
1.824754999999999927e+04
1.834572499999999854e+04
1.845925833333333139e+04
1.856423333333333358e+04
1.838226666666666642e+04
1.840976666666666642e+04
1.808566666666666788e+04
1.807765833333333285e+04
1.795527500000000146e+04
1.770975833333333503e+04
1.764904166666666788e+04
1.764575833333333503e+04
1.761529999999999927e+04
1.774200000000000000e+04
1.781976666666666642e+04
1.811404999999999927e+04
1.794650000000000000e+04
1.803001666666666642e+04
1.804478333333333285e+04
1.798649166666666861e+04
1.793374166666666861e+04
1.781525000000000000e+04
1.756980833333333430e+04
1.747722499999999854e+04
1.721035833333333358e+04
1.737081666666666570e+04
1.717699166666666497e+04
1.704854166666666788e+04
1.708301666666666642e+04
1.682725000000000000e+04
1.676028333333333285e+04
1.674428333333333285e+04
1.652850833333333139e+04
1.663804166666666788e+04
1.678845000000000073e+04
1.672454999999999927e+04
1.660472499999999854e+04
1.664284166666666715e+04
1.645653333333333285e+04
1.648296666666666715e+04
1.633229999999999927e+04
1.632453333333333285e+04
1.626703333333333285e+04
1.621350000000000000e+04
1.617148333333333358e+04
1.610526666666666642e+04
1.623729999999999927e+04
1.650171666666666715e+04
1.637753333333333285e+04
1.631404166666666788e+04
1.629012500000000000e+04
1.630052499999999964e+04
1.614796666666666715e+04
1.605299166666666679e+04
1.579976666666666642e+04
1.581922500000000036e+04
1.554869166666666570e+04
1.530032500000000073e+04
1.532680833333333248e+04
1.535080833333333430e+04
1.520229166666666606e+04
1.525050000000000000e+04
1.531953333333333285e+04
1.524074166666666679e+04
1.538004166666666606e+04
1.534230833333333430e+04
1.513522500000000036e+04
1.511255833333333430e+04
1.493832500000000073e+04
1.473579166666666788e+04
1.478127499999999964e+04
1.486400000000000000e+04
1.458852499999999964e+04
1.495878333333333285e+04
1.502354166666666606e+04
1.502400000000000000e+04
1.499624166666666679e+04
1.493201666666666642e+04
1.494209166666666715e+04
1.487098333333333358e+04
1.488124166666666497e+04
1.480075833333333321e+04
1.457427499999999964e+04
1.459400833333333321e+04
1.419202499999999964e+04
1.431300000000000000e+04
1.422947500000000036e+04
1.430952499999999964e+04
1.421738333333333321e+04
1.416200833333333503e+04
1.402520000000000073e+04
1.392153333333333285e+04
1.394500000000000000e+04
1.390251666666666642e+04
1.400517499999999927e+04
1.386330833333333430e+04
1.388348333333333358e+04
1.372026666666666642e+04
1.347299166666666679e+04
1.350304166666666606e+04
1.342419166666666570e+04
1.333077500000000146e+04
1.313454166666666606e+04
1.315518333333333430e+04
1.316124166666666679e+04
1.334426666666666642e+04
1.331261666666666497e+04
1.326153333333333285e+04
1.329825833333333321e+04
1.330700833333333321e+04
1.334860000000000036e+04
1.340425000000000000e+04
1.334544166666666570e+04
1.334474166666666679e+04
1.324476666666666642e+04
1.337782500000000073e+04
1.315378333333333285e+04
1.302375000000000000e+04
1.304727499999999964e+04
1.301203333333333285e+04
1.292856666666666570e+04
1.275778333333333285e+04
1.264127499999999964e+04
1.251846666666666715e+04
1.242029999999999927e+04
1.240811666666666679e+04
1.243820000000000073e+04
1.234370833333333212e+04
1.225459999999999854e+04
1.219597499999999854e+04
1.214948333333333358e+04
1.215226666666666642e+04
1.211199166666666679e+04
1.207771666666666715e+04
1.204872500000000036e+04
1.221101666666666642e+04
1.212803333333333285e+04
1.213729999999999927e+04
1.221420833333333212e+04
1.218233333333333212e+04
1.211049166666666679e+04
1.211200833333333321e+04
1.211351666666666642e+04
1.205728333333333285e+04
1.188204166666666788e+04
1.157959999999999854e+04
1.151899166666666679e+04
1.151477499999999964e+04
1.138254166666666788e+04
1.139578333333333285e+04
1.138215833333333285e+04
1.138177499999999964e+04
1.138752499999999964e+04
1.140253333333333285e+04
1.147429166666666788e+04
1.142646666666666715e+04
1.144678333333333285e+04
1.134226666666666642e+04
1.134875833333333503e+04
1.129205833333333430e+04
1.115225000000000000e+04
1.111326666666666642e+04
1.111675833333333321e+04
1.090904166666666788e+04
1.090707500000000073e+04
1.084170833333333394e+04
1.098304166666666606e+04
1.110700000000000000e+04
1.096502499999999964e+04
1.094148333333333358e+04
1.084246666666666715e+04
1.072702499999999964e+04
1.077128333333333285e+04
1.077050833333333321e+04
1.060319166666666570e+04
1.074297500000000036e+04
1.051928333333333285e+04
1.054875000000000000e+04
1.055904999999999927e+04
1.041698333333333358e+04
1.041775000000000000e+04
1.037879999999999927e+04
1.031025833333333503e+04
1.030660000000000036e+04
1.014675833333333321e+04
1.020648333333333358e+04
1.009385000000000036e+04
1.013448333333333358e+04
1.010998333333333358e+04
1.014025833333333321e+04
9.970241666666666788e+03
1.012191666666666788e+04
9.985733333333333576e+03
9.966258333333333212e+03
9.967566666666667516e+03
9.986791666666666060e+03
9.864708333333332121e+03
9.799799999999999272e+03
9.778325000000000728e+03
9.691000000000000000e+03
9.836291666666667879e+03
9.694049999999999272e+03
9.790291666666667879e+03
9.612308333333334303e+03
9.543575000000000728e+03
9.545491666666666788e+03
9.415066666666667516e+03
9.313725000000000364e+03
9.247516666666666424e+03
8.996750000000000000e+03
9.103733333333333576e+03
9.081241666666666788e+03
8.968766666666666424e+03
8.987266666666666424e+03
9.012516666666666424e+03
9.099524999999999636e+03
9.052774999999999636e+03
9.129750000000000000e+03
8.993233333333333576e+03
8.900791666666666060e+03
9.010533333333332848e+03
8.845066666666667516e+03
8.781516666666666424e+03
8.704725000000000364e+03
8.509524999999999636e+03
8.475766666666666424e+03
8.539750000000000000e+03
8.557241666666666788e+03
8.450975000000000364e+03
8.205791666666666060e+03
7.968208333333333030e+03
7.607600000000000364e+03
7.115516666666666424e+03
6.641216666666666242e+03
6.090750000000000000e+03
5.729233333333333576e+03
5.452550000000000182e+03
5.266483333333333576e+03
5.290066666666667516e+03
5.517041666666666060e+03
5.537024999999999636e+03
5.849199999999999818e+03
6.146766666666666424e+03
6.432266666666666424e+03
6.752566666666666606e+03
6.870733333333333576e+03
6.896158333333332848e+03
6.949600000000000364e+03
7.007000000000000000e+03
6.873816666666666606e+03
6.806274999999999636e+03
6.730766666666666424e+03
6.609016666666666424e+03
6.584766666666666424e+03
6.466083333333333030e+03
6.524183333333333394e+03
6.354216666666667152e+03
6.450074999999999818e+03
6.469466666666667152e+03
6.425000000000000000e+03
6.546725000000000364e+03
6.590475000000000364e+03
6.554100000000000364e+03
6.510291666666666970e+03
6.677466666666667152e+03
6.603533333333332848e+03
6.648000000000000000e+03
6.610258333333333212e+03
6.720283333333332848e+03
6.675083333333333940e+03
6.651533333333333758e+03
6.623050000000000182e+03
6.569491666666666788e+03
6.613000000000000000e+03
6.650241666666666788e+03
6.581308333333333394e+03
6.603283333333333758e+03
6.699241666666666788e+03
6.691500000000000000e+03
6.670691666666666606e+03
6.687566666666667516e+03
6.780774999999999636e+03
6.636741666666666788e+03
6.659524999999999636e+03
6.562733333333333576e+03
6.496050000000000182e+03
6.546558333333332484e+03
6.450283333333333758e+03
6.409783333333332848e+03
6.450050000000000182e+03
6.366250000000000000e+03
6.458250000000000000e+03
6.368783333333333758e+03
6.310575000000000728e+03
6.243733333333333576e+03
6.280783333333332848e+03
6.143566666666666606e+03
6.128316666666666606e+03
6.080350000000000364e+03
6.037283333333332848e+03
6.035083333333333940e+03
5.980975000000000364e+03
5.957016666666666424e+03
5.973000000000000000e+03
5.927725000000000364e+03
6.049991666666666788e+03
5.980258333333333212e+03
5.956508333333333212e+03
5.934508333333333212e+03
5.822024999999999636e+03
5.821516666666666424e+03
5.863475000000000364e+03
5.869774999999999636e+03
5.846258333333333212e+03
5.717558333333333394e+03
5.751050000000000182e+03
5.769508333333333212e+03
5.822708333333333940e+03
5.807516666666666424e+03
5.872658333333332848e+03
5.853958333333333940e+03
5.901000000000000000e+03
5.809466666666667152e+03
5.734750000000000000e+03
5.741850000000000364e+03
5.646058333333333394e+03
5.581691666666666606e+03
5.534241666666666788e+03
5.469508333333333212e+03
5.334975000000000364e+03
5.335233333333333576e+03
5.300316666666666606e+03
5.247041666666666060e+03
5.327683333333332484e+03
5.278783333333333758e+03
5.298041666666666970e+03
5.320358333333333576e+03
5.245016666666666424e+03
5.159816666666666606e+03
5.194866666666666788e+03
5.074058333333333394e+03
5.144291666666666060e+03
5.125033333333333758e+03
5.107958333333333030e+03
5.150475000000000364e+03
5.043008333333333212e+03
4.980041666666666970e+03
5.012983333333333576e+03
4.915816666666667516e+03
4.901233333333333576e+03
4.814566666666666606e+03
4.795524999999999636e+03
4.765016666666666424e+03
4.734524999999999636e+03
4.780574999999999818e+03
4.801783333333332848e+03
4.790750000000000000e+03
4.761541666666666060e+03
4.759091666666667152e+03
4.741516666666666424e+03
4.663508333333333212e+03
4.705733333333333576e+03
4.566008333333333212e+03
4.542800000000000182e+03
4.505558333333333394e+03
4.538016666666666424e+03
4.510533333333332848e+03
4.486574999999999818e+03
4.505050000000000182e+03
4.510516666666666424e+03
4.379074999999999818e+03
4.382541666666666060e+03
4.343566666666666606e+03
4.331274999999999636e+03
4.354883333333333212e+03
4.398016666666666424e+03
4.378291666666666060e+03
4.415283333333332848e+03
