7.243076364588007891e+03
7.254322462807483134e+03
7.451219755270529276e+03
7.129732574808628669e+03
7.501472205610140009e+03
7.255988092269328263e+03
7.532146198707138865e+03
7.283600066032753602e+03
7.313960152418820144e+03
7.496679359913207918e+03
7.298500280224179733e+03
7.426371371074163108e+03
7.704080239520959367e+03
7.626049013845352420e+03
7.891413300264552163e+03
7.373995169082126267e+03
7.642223285042099633e+03
7.767272425629291320e+03
7.556919411400248464e+03
7.903942518656717766e+03
7.781097728377064414e+03
7.783553051391862937e+03
7.703798309093059288e+03
7.913752380108671787e+03
8.000301040576677224e+03
7.917673981319323502e+03
8.073377048417132755e+03
7.968369838287210769e+03
7.827618803275009668e+03
8.010846551724138408e+03
7.907075580116574201e+03
8.115421362982629034e+03
8.148951625082076134e+03
8.240319725018945974e+03
8.053140954370180225e+03
8.065738823090056030e+03
8.381205562659846692e+03
8.343014115914589638e+03
8.161164225615455507e+03
8.049610647171139135e+03
8.292850411015209829e+03
8.205482507096514382e+03
8.217658408183633583e+03
8.327260542891423029e+03
8.563957903934493515e+03
8.389516106604865854e+03
8.353931178285605711e+03
8.350359629629629126e+03
8.569790368244859565e+03
8.603266053815952546e+03
8.436508052695056904e+03
8.519486912999354900e+03
8.392271775293153041e+03
8.434090635135133198e+03
8.572953971899485623e+03
8.484785696350105354e+03
8.470145441633379960e+03
8.659521473851029441e+03
8.612500456861713246e+03
8.627774602133613371e+03
8.476358011444921431e+03
8.771052200932159394e+03
8.555103764258556112e+03
8.633657399008987340e+03
8.537216587559330947e+03
8.741183283557324103e+03
8.832110996303765205e+03
8.714448262704983790e+03
8.748378112991578746e+03
8.752418107045417855e+03
8.735536153119091978e+03
8.840191233894554898e+03
8.670860000780092378e+03
8.855036308962262410e+03
8.684582629270546022e+03
8.753772553272450750e+03
8.705673729255040598e+03
8.988978191974463698e+03
8.693488322271387005e+03
8.807615026585786836e+03
9.065221768707482624e+03
8.862428619047619577e+03
8.744968580005788681e+03
8.939097999130055541e+03
9.061461575966157397e+03
8.843744463146083945e+03
9.015112302340292445e+03
9.068408097650204581e+03
9.023597718564962634e+03
8.871182945894508521e+03
8.935960535653359329e+03
9.032261397385889722e+03
9.110439634146341632e+03
9.088615124071124228e+03
9.036855817455641954e+03
8.955186099081363864e+03
9.162782111089149112e+03
8.839192962962963065e+03
9.140169470827682744e+03
9.109819684237332694e+03
9.022991044070362477e+03
9.143110581663859193e+03
8.865339103034755681e+03
9.161510722891565820e+03
9.261837196790078451e+03
9.281329399167891097e+03
9.280994951628705167e+03
8.983030203888100004e+03
9.061116648690755028e+03
9.164607188733723888e+03
9.287051209915985964e+03
9.227137530777346910e+03
9.172915066550924166e+03
9.215225372023809541e+03
9.135472422577135148e+03
9.098913551006597118e+03
9.091531246498600012e+03
9.063813428001993088e+03
9.039762021001703033e+03
9.239095486111111313e+03
9.045579957223306337e+03
9.183151374905273769e+03
8.999324393624396180e+03
9.191108838018742972e+03
9.243958704540564213e+03
9.327670305220886803e+03
9.351479043824701876e+03
9.077503298207549960e+03
9.171934805662805957e+03
9.073055232558141142e+03
9.320352656449553251e+03
9.016332629284426730e+03
9.208303130920330659e+03
9.258404393190554401e+03
9.228240834575261033e+03
9.208165393013099674e+03
9.350079631545246230e+03
9.351767550247597683e+03
9.234907545093536100e+03
9.118586078957274367e+03
9.378538480253211674e+03
9.221559404512676338e+03
9.221438940156600438e+03
9.224305593243803742e+03
9.201345503597121933e+03
9.299182800473654424e+03
9.240501642113800699e+03
9.325845567206864871e+03
9.284629423512184076e+03
9.277703228988557385e+03
9.308890926196483633e+03
9.289275981549493736e+03
9.254288538292083103e+03
9.066750392056592318e+03
9.382247347944496141e+03
9.318328954911019537e+03
9.283598227810398384e+03
9.428026226359339489e+03
9.168720133949000228e+03
9.156661499091960650e+03
9.211969873681628087e+03
9.258830387825231810e+03
9.113465352521463501e+03
9.099778129378328231e+03
9.179056527593553255e+03
9.099267562106264450e+03
9.085133304028446219e+03
9.144042254159769072e+03
9.084583989071041287e+03
9.053818449052500000e+03
8.917443521403021805e+03
8.905444332647306510e+03
8.886993663283537899e+03
8.867559186826436417e+03
8.944643993789290107e+03
8.751589731665006184e+03
8.745732055586644492e+03
8.649150018563896083e+03
8.622479795813629607e+03
8.601134796542504773e+03
8.284370642877678620e+03
8.184701515151514286e+03
8.237033533217037984e+03
7.947109950646214202e+03
7.738825917945484434e+03
7.709420806714935679e+03
7.427393190749435234e+03
7.140728940231563683e+03
6.977943095484315563e+03
6.682784873447946666e+03
6.458736933619719821e+03
6.083903552079100336e+03
5.644710184626725095e+03
5.338750235286209318e+03
4.822041488307570944e+03
4.552993874813710136e+03
4.352620925889522368e+03
4.214728013976921829e+03
4.217329078463890255e+03
4.174680702681917865e+03
4.223130479723517055e+03
4.477635160692607315e+03
4.749790861281687285e+03
5.183870248681705561e+03
5.544229837133550063e+03
5.858428589696186464e+03
6.309378663520556984e+03
6.501497310164968439e+03
6.888670583478286062e+03
7.040125463926859084e+03
7.277328847016599866e+03
7.509558777956222002e+03
7.683802238849765672e+03
7.870058944839910509e+03
7.898149999999999636e+03
8.106003488673697575e+03
8.200037758670105177e+03
8.477351904844241290e+03
8.355438156142885418e+03
8.434205430584921487e+03
8.641656531284303128e+03
8.416852070632174218e+03
8.585926590574577858e+03
8.692710322047892987e+03
8.819365081066227503e+03
8.840666193243834641e+03
8.799601389561474207e+03
8.818699607763850508e+03
8.868033918850738701e+03
8.935827277269381739e+03
8.915567399454668703e+03
9.084508581823934946e+03
8.931211265239138811e+03
9.140654593662826301e+03
8.994431473866605302e+03
9.030132205542726297e+03
9.172036930043723260e+03
9.086132114439207726e+03
9.035874015442079326e+03
9.051275615119757276e+03
9.150301574437073214e+03
9.247518581694399472e+03
8.997859463432561824e+03
9.040994593928642644e+03
8.927160385626644711e+03
8.972792641928323064e+03
8.978374459798387761e+03
8.970652755298651755e+03
9.009422108377228142e+03
9.057130947924166321e+03
8.935621366581535767e+03
9.091415958229501484e+03
9.011854199475066707e+03
9.027241140773874577e+03
9.013807662941624585e+03
9.096196190509404914e+03
9.085298822513812411e+03
8.999219466987618944e+03
9.088243609936816938e+03
9.066635467327811057e+03
9.006644289044290417e+03
9.099610772099045789e+03
9.132765739380176456e+03
8.975274341901860680e+03
8.878044995137763181e+03
9.021183369365830004e+03
9.114300283113376281e+03
9.150678528911565081e+03
9.013829231564661313e+03
9.081594521778177295e+03
9.060612445210434089e+03
9.002891715300685973e+03
9.054895186731617287e+03
9.050966049538466905e+03
9.002408137451027869e+03
8.948955712253355159e+03
8.986382278009072252e+03
9.012589622660909299e+03
9.000760528687602346e+03
8.998298482088646779e+03
9.054868009478672320e+03
8.896275414862913749e+03
9.000906877990431894e+03
8.924781225644373990e+03
9.088484565514780115e+03
9.041043568587880145e+03
8.941031910140858599e+03
9.050253700543360537e+03
9.039587254387499343e+03
9.089619363161908041e+03
9.016640242378811308e+03
8.937058146067416601e+03
8.942212472312148748e+03
8.988627256382596897e+03
9.010691254716801268e+03
8.902382971238233949e+03
8.986196613623673329e+03
9.038018881650985350e+03
9.082384166480282147e+03
8.969929394006538132e+03
9.047274167263116396e+03
8.996402139844944031e+03
9.022318297190959129e+03
8.990194174757281871e+03
9.021583865055168644e+03
8.981031595295808074e+03
9.024619329985058357e+03
8.900186055982359903e+03
8.911063178889769915e+03
8.897878338435553815e+03
8.858367673747705339e+03
8.953426309886797753e+03
8.916513149012818758e+03
8.923090195006852809e+03
8.950485089678335498e+03
8.863029935040254713e+03
8.869344977782369824e+03
8.904915612288315970e+03
8.889151175159127888e+03
8.856854374989447024e+03
8.791418185552147406e+03
8.724558453383846427e+03
8.802295303420747587e+03
8.717531253110380931e+03
8.680106003977449291e+03
8.697228348832608390e+03
8.658352320043208238e+03
8.655529056588391541e+03
8.765892236216885067e+03
8.696931031347912722e+03
8.653380222243804383e+03
8.692807592735085564e+03
8.792203175136901336e+03
8.725910685003336766e+03
8.790596619560235922e+03
8.708532030201076850e+03
8.725269399023314691e+03
8.734683706520208943e+03
8.675530931637469621e+03
8.653247252525252406e+03
8.540870681773007163e+03
8.530341817736780285e+03
8.541856491493326757e+03
8.492242078217372182e+03
8.549338344589456028e+03
8.602842743805687860e+03
8.460016719193192330e+03
8.480406480687988733e+03
8.431189047853236843e+03
8.462212426978619987e+03
8.455492043621727134e+03
8.440219348852160692e+03
8.508482755337052367e+03
8.368920470356597434e+03
8.324913971428159130e+03
8.377955313787362684e+03
8.269586280439509210e+03
8.262633822749618048e+03
8.350254040534158776e+03
8.314258708381417819e+03
8.304138634298695251e+03
8.320136241464273553e+03
8.329275387621597474e+03
8.256667101992670723e+03
8.252903041509958712e+03
8.387522769213535867e+03
8.296154053191195999e+03
8.130082634037452408e+03
8.248076174597948921e+03
8.199163513420979143e+03
8.185265694717847509e+03
8.139526643390155186e+03
8.088373430738133720e+03
8.077886907906320630e+03
8.067422668262404841e+03
8.103104703637785860e+03
8.101146960201403999e+03
8.033620659135981441e+03
8.028137038736795148e+03
7.995700870765635955e+03
8.067085500412906185e+03
8.043036386632325048e+03
8.005553011058077573e+03
8.073663478445924738e+03
8.026920685579196288e+03
8.037735064413825967e+03
7.924085546690770570e+03
7.905343340059241200e+03
7.910223298122064080e+03
7.863157814511561810e+03
7.823674634357642390e+03
7.819382006000967522e+03
7.880281056575160619e+03
7.744718451369216382e+03
7.859240873577281491e+03
7.784395487987705565e+03
7.788297056910569154e+03
7.807400724039615852e+03
7.831289371026597109e+03
7.824666867447201184e+03
7.782459444444444671e+03
7.727838771793354681e+03
7.781214242829377326e+03
7.786098961102906287e+03
7.826124083082674588e+03
7.698606699718448908e+03
7.678866777644361719e+03
7.625672085335451811e+03
7.674368014132995995e+03
7.660025225111656255e+03
7.583564353799711171e+03
7.648334731483474570e+03
7.572237123634899945e+03
7.543635559218600974e+03
7.547417482817868404e+03
7.512353473172215672e+03
7.526204626044899669e+03
7.480554246683366728e+03
7.457470923960328037e+03
7.443991537530267124e+03
7.438687326610721357e+03
7.407908219217065380e+03
7.393342546992267671e+03
7.336030763097175623e+03
7.357455238095237291e+03
7.346961080797125760e+03
7.273716345862636445e+03
7.346324510498951895e+03
7.327390386395831229e+03
7.356933962915913980e+03
7.291002426240735076e+03
7.245177784564252761e+03
7.195485927966935378e+03
7.191842476378888932e+03
7.162713389503935105e+03
7.158554280296874822e+03
7.135424906445803572e+03
7.120202301239502049e+03
7.085939949546886055e+03
7.049349765670766828e+03
7.152959140386193212e+03
7.081445731513805185e+03
6.996854543240466228e+03
6.905399175011020816e+03
6.884913545996557332e+03
6.866690791378225185e+03
6.794216386051502013e+03
6.737518525075579419e+03
6.699543924982701355e+03
6.793915696514309275e+03
6.701594210132907392e+03
6.731925851266822974e+03
6.759134684919999927e+03
6.750535750978966462e+03
6.835276537566911429e+03
6.768999713420623266e+03
6.728307505979956659e+03
6.735016132572211063e+03
6.638589541771194490e+03
6.662088950421941263e+03
6.633408337780148941e+03
6.634680262277335714e+03
6.616575396098137389e+03
6.616842181069959224e+03
6.596760649710055077e+03
6.596269667819467031e+03
6.580407380862568061e+03
6.538897131850139886e+03
6.568771515423693927e+03
6.521470114942529108e+03
6.501494313103303284e+03
6.509824459431139985e+03
6.516100092353159198e+03
6.432689507559799495e+03
6.459148951091596246e+03
6.404640689951117565e+03
6.433243467744189729e+03
6.354865840793278949e+03
6.405536404585275704e+03
6.364076899461023459e+03
6.433423490193924408e+03
6.306388404477071163e+03
6.360729896832315717e+03
6.323522467258360848e+03
6.297637820616810131e+03
6.247525803296261984e+03
6.344933078173993636e+03
6.290870475300401267e+03
6.280372548005059798e+03
6.225832919784867045e+03
6.224502486445570867e+03
6.263002006629519201e+03
6.168555940944882423e+03
6.198746822521506147e+03
6.178738623144935445e+03
6.160449276099989220e+03
6.142517473118279668e+03
6.160547862724137303e+03
6.070245109793249867e+03
6.105934361286756030e+03
6.095726701191670145e+03
6.055299558170666387e+03
6.120581482379154295e+03
6.091883223473287217e+03
6.087759360410234876e+03
6.077846740985481119e+03
6.098356944937682783e+03
6.067393182848793003e+03
6.039814390701727461e+03
6.080258486294204886e+03
6.047554995551565298e+03
6.041080823518648685e+03
6.078782674627408596e+03
6.077828763166413410e+03
5.997943242921136516e+03
6.083333951408752000e+03
6.049284221296319629e+03
6.060807518695599356e+03
6.038415766750151306e+03
6.009847392019978543e+03
5.969640150014494793e+03
6.005781489026312556e+03
5.995614252034098172e+03
5.928081833333334544e+03
5.991539776042423000e+03
5.958775782768647332e+03
5.933942671184594474e+03
5.902470138638890603e+03
5.848574223575604265e+03
5.867791944700606109e+03
5.905083228002903525e+03
5.938709899803098779e+03
5.875241676900792299e+03
5.906559762634301478e+03
5.836405630835844931e+03
5.871816092653727537e+03
5.901784348450773905e+03
5.878901026554580312e+03
5.873049965091925515e+03
5.870967223873490184e+03
5.872214346844765714e+03
5.906829918367976461e+03
5.892373735132804541e+03
5.836246100871978342e+03
5.907915266751044328e+03
5.915669321699222564e+03
5.885563420441082599e+03
5.895702228143693901e+03
5.845145642706432227e+03
5.833066366071497214e+03
5.885355273794737514e+03
5.869127374894934292e+03
5.841615209034477630e+03
5.867251189012348732e+03
5.829677670173405204e+03
5.856455451713395632e+03
5.790303787191682204e+03
5.824778975888091736e+03
5.815658839988234831e+03
5.794943826263694973e+03
5.761019238633364694e+03
5.809541463066623692e+03
5.751253806209499089e+03
5.748077445685840758e+03
5.665877013971622546e+03
5.679016924737235968e+03
5.699300078095196113e+03
5.708813333838964354e+03
5.670765508802371187e+03
5.645509663880592598e+03
5.633125574337111175e+03
5.630773428018580489e+03
5.629470725023988962e+03
5.605429607350466540e+03
5.598688901190145771e+03
5.615918714283689951e+03
5.634083353157325291e+03
5.554750509263140884e+03
5.586158063803371988e+03
5.555329306986196571e+03
5.577491980121038978e+03
5.549229308156361185e+03
5.543256658322033218e+03
5.583671655697158712e+03
5.541209655546515023e+03
5.474420095520284121e+03
5.502860025360595500e+03
5.499352047502893583e+03
5.468621690847214268e+03
5.489728074069485956e+03
5.480405942253423746e+03
5.449693153036471813e+03
5.487363304448652343e+03
5.484969182634833487e+03
5.456495471111112238e+03
5.456866308739390661e+03
5.470072602842540618e+03
5.452888598395631561e+03
5.437166751954513529e+03
5.418611383297034081e+03
5.436897555379048754e+03
5.405736515696336028e+03
5.396102566068702799e+03
5.339151344243526182e+03
5.373444164617513707e+03
5.334840374493313902e+03
5.341190875635709745e+03
5.291554952830188085e+03
5.288868506831750892e+03
5.329792584541544784e+03
5.289822267095332791e+03
5.301042945152222273e+03
5.274224986254364012e+03
5.274085044087498318e+03
5.266127544012571889e+03
5.261609573928396458e+03
5.267571007200373060e+03
5.236027485678745506e+03
5.225214176440591473e+03
5.215278095967630179e+03
5.222078472222222445e+03
5.173606840233597723e+03
5.192022349157992721e+03
5.176883436003405222e+03
5.165820513666718398e+03
5.152605307271588572e+03
5.184923138232516976e+03
5.149947946307343045e+03
5.155661066594582735e+03
5.164640682050486248e+03
5.117698803034649245e+03
5.125839641254745402e+03
5.113387918592239657e+03
5.055861338836792129e+03
5.060131695017264974e+03
5.069221290400478210e+03
5.086567106153447639e+03
5.037302717575986208e+03
5.059623770739921383e+03
5.049349570129495987e+03
5.016132356351938142e+03
5.025630962853436358e+03
4.982873832782333920e+03
5.005637646305210183e+03
4.936432285663102448e+03
4.960420108988785614e+03
4.942201011736389773e+03
4.949022186068931660e+03
4.953118083993378605e+03
4.914071912146615432e+03
4.935696205949572686e+03
4.919220221208427574e+03
4.918040483252882950e+03
4.910801822749331222e+03
4.895682433417900938e+03
4.890429799482732960e+03
4.865617653007761874e+03
4.870923448259007273e+03
4.868272410991419747e+03
4.863095509347925145e+03
4.844231602594156357e+03
4.832976048191307200e+03
4.816736778077040981e+03
4.820549825989927740e+03
4.814560501931202452e+03
4.769881901093230226e+03
4.775343080749681576e+03
4.762885823025690115e+03
4.733461166398667046e+03
4.768620285048297774e+03
4.768677658872419670e+03
4.758889869479524350e+03
4.767852867906294705e+03
4.709155819376785075e+03
4.701727797742333678e+03
4.721392068408135856e+03
4.705383845610787830e+03
4.695976438586220866e+03
4.703554210061783124e+03
4.678596887343369417e+03
4.695463252955663847e+03
4.676132456681169970e+03
4.675263151004895917e+03
4.644641927456254052e+03
4.628043613440484478e+03
4.653358797701109324e+03
4.620057698865958628e+03
4.608752345002944821e+03
4.583476736562401129e+03
4.576652871661410245e+03
4.587854934823091753e+03
4.573084921320615649e+03
4.558083764763216095e+03
4.547653819480090533e+03
4.550541916420068446e+03
4.539081026419452428e+03
4.525281611016467650e+03
4.522213607167291229e+03
4.538977318083644604e+03
4.481445810311514833e+03
4.474885851670742341e+03
4.483123349479727949e+03
4.452047131865171650e+03
4.444468235409322915e+03
4.412555974318353037e+03
4.474227229771946440e+03
4.420305545361024997e+03
4.377311882911041721e+03
4.414091657680972276e+03
4.387999326155182644e+03
4.361217181093644285e+03
4.371800603643154318e+03
4.398604234522317711e+03
4.338697152653791818e+03
4.349498436185669561e+03
4.314238877041619162e+03
4.326792308731651246e+03
4.351771992534236233e+03
4.289267418849773094e+03
4.328046272505299385e+03
4.300556010573686763e+03
4.294857749091357618e+03
4.294375814951864413e+03
4.284323863430151505e+03
4.263193150746824358e+03
4.283763780332261376e+03
4.255218235740395357e+03
4.219109946266503357e+03
4.252202841713458838e+03
4.267711183567176704e+03
4.269955302173740165e+03
4.238572834361238165e+03
4.185819465028394916e+03
4.203766123385532410e+03
4.187965735204166776e+03
4.202248756954103555e+03
4.199122346540752005e+03
4.203532519534852327e+03
4.231052100293492913e+03
4.165510311541641386e+03
4.172244638802565532e+03
4.140214926701325567e+03
4.111387100497481697e+03
4.139572833502194953e+03
4.118479329923964542e+03
4.068028696457189199e+03
4.124978091908717033e+03
4.104023862506987825e+03
4.105752820783030984e+03
4.125652037583476158e+03
4.100138060628649328e+03
4.078076442369525012e+03
4.111229461889425693e+03
4.107233401764226073e+03
4.104976468828650468e+03
4.111129951560124027e+03
4.132437030619474172e+03
4.109515849006227654e+03
4.099369866916742467e+03
4.063649214221568855e+03
4.077523670181560192e+03
4.094655109185761830e+03
4.075697518762444815e+03
4.067094163504184507e+03
4.081543176226493870e+03
4.080575323361736082e+03
4.043718180666799071e+03
4.039282467879815613e+03
4.062463832933287904e+03
4.049682158748854818e+03
4.023420227123936002e+03
4.018118793749717497e+03
4.043689862893743339e+03
4.013642748314528035e+03
4.020613050078904052e+03
4.004428825827089895e+03
4.047614903358347874e+03
4.036277014847954888e+03
4.022521464714445756e+03
4.016888844037884610e+03
3.974608530113430788e+03
3.998372674458899837e+03
4.001547381083208620e+03
4.004900041672247426e+03
3.991151514770554058e+03
3.980540690012931918e+03
4.002161627241416681e+03
3.957439953865422012e+03
3.947920452444182501e+03
3.959955444651007838e+03
3.966064149338933476e+03
3.949540333651096262e+03
3.956888341496558496e+03
3.929980485144223167e+03
3.937958673469388032e+03
3.933716456164055217e+03
3.919593828107496847e+03
3.920761988414832558e+03
3.914297832763841143e+03
3.899991895825188294e+03
3.887638224025567979e+03
3.862225174862512631e+03
3.895018613012109654e+03
3.901153734104270370e+03
3.858589202805230798e+03
3.843548570618373105e+03
3.861016079586267097e+03
3.830443311754471779e+03
3.853222619424233017e+03
3.832195631263969972e+03
3.820200574754018817e+03
3.814855641198137164e+03
3.813328425972411424e+03
3.789719473447366909e+03
3.790438210982604232e+03
3.786649819342491810e+03
3.772430072133636713e+03
3.762724601856976278e+03
3.733732568725371493e+03
3.764872954224985733e+03
3.737553644296951461e+03
3.743266376633352138e+03
3.735797522945274977e+03
3.730009526004510008e+03
3.718719624446853231e+03
3.721459966675126452e+03
3.684372794124555185e+03
3.681530486377405396e+03
3.690932695076101027e+03
3.679669548208979450e+03
3.678327300885791828e+03
3.657704490236069887e+03
3.655712353503835857e+03
3.646730757335116323e+03
3.659457749969518773e+03
3.632773012120451313e+03
3.653660905713697503e+03
3.623289592767536305e+03
3.610691880622450753e+03
3.617204680382717470e+03
3.586000319564281199e+03
3.600149837769187798e+03
3.574612990707026256e+03
3.572302832176962056e+03
3.563904319793681680e+03
3.572441605348524263e+03
3.541509085657814467e+03
3.558689801798554072e+03
3.539388705300901620e+03
3.552644314571719860e+03
3.536558804804805277e+03
3.537435186693728156e+03
3.523992648602364170e+03
3.508681272559043009e+03
3.521962903233242287e+03
3.491687903459906465e+03
3.492563135527315353e+03
3.490744544226100516e+03
3.465785492388299645e+03
3.464602529045993379e+03
3.455442248627141453e+03
3.450848220732453683e+03
3.455894998071678401e+03
3.429880048088987678e+03
3.455921259205750175e+03
3.418706403583073552e+03
3.428066914970681864e+03
3.396643068916253014e+03
3.403090230888497445e+03
3.406852464692545254e+03
3.375932147794736011e+03
3.339269403078856612e+03
3.365893214834141872e+03
3.385790050867135960e+03
3.358825210518972654e+03
3.354338598961561274e+03
3.344253104550913577e+03
3.340723796033994404e+03
3.345593287730376233e+03
3.328193775421885675e+03
3.325417763677838593e+03
3.297482672164874657e+03
3.310506133175739706e+03
3.292434155432056286e+03
3.303508915830102524e+03
3.306483687428404664e+03
3.277901177204455962e+03
3.264752516387166452e+03
3.278150284165389166e+03
3.265202607863466255e+03
3.236955979546096387e+03
3.263108251204774206e+03
3.235118892835762836e+03
3.239858677654950498e+03
3.248891438336493138e+03
3.213428104845776488e+03
3.208886574227063193e+03
3.236121918138182536e+03
3.206200753505926514e+03
3.201050728846372749e+03
3.206554540963323234e+03
3.191935355509921465e+03
3.181722868074926737e+03
3.177720234332140535e+03
3.164525142322884676e+03
3.188267686668678380e+03
3.143592048031468494e+03
3.150450847795338177e+03
3.123908632733232935e+03
3.135395688805526333e+03
3.131759544742132221e+03
3.130977240009928209e+03
3.127488130929667932e+03
3.105880252711617686e+03
3.100969285546905212e+03
3.077109170554422235e+03
3.093013424642077553e+03
3.096715242037109874e+03
3.088312687124934655e+03
3.092217854361119407e+03
3.073453589936259505e+03
3.068584264853977402e+03
3.038977460384906408e+03
3.031987986899957377e+03
3.068136492173034640e+03
3.040439899800885996e+03
3.048872782210268724e+03
3.025485035208258523e+03
3.038671379598662043e+03
3.013497405652322414e+03
3.017751460190461330e+03
3.024052848548506518e+03
3.002767732756560690e+03
2.979566980123100166e+03
2.996196041873825834e+03
2.990508232129983753e+03
2.980775217140775112e+03
3.013543549261388762e+03
2.973426604774310363e+03
2.990823147569289631e+03
2.985061861565975050e+03
2.965110936042864523e+03
2.980412474475393083e+03
2.966424486920413528e+03
2.953922760519238636e+03
2.945107680974551386e+03
2.937068334988709921e+03
2.949266981364454750e+03
2.952559124601258645e+03
2.952642299208264831e+03
2.943550558183617795e+03
2.934805111066480549e+03
2.938202927296455528e+03
2.915364133229320487e+03
2.910375398591495923e+03
2.915723276085574980e+03
2.904978630740232802e+03
2.922573596337375875e+03
2.917582648542307652e+03
2.935732608695652743e+03
2.897322449683965260e+03
2.917383707121539373e+03
2.897551456473422149e+03
2.898825680149196614e+03
2.896637719089638722e+03
2.887380156367275504e+03
2.903394925900990984e+03
2.908537534581163072e+03
2.891023632102959709e+03
2.897807986046144379e+03
2.894288885923203907e+03
2.875322823429471100e+03
2.866118431214802968e+03
2.885981840030644889e+03
2.903909997016743546e+03
2.878260586424719349e+03
2.882372521299716482e+03
2.863384742659885887e+03
2.900275650044744907e+03
2.892766286970423607e+03
2.895859664750483262e+03
2.838157112323447109e+03
2.869527710833467154e+03
2.872452558864194089e+03
2.868545137246690956e+03
2.867538431490878338e+03
2.874838761553667609e+03
2.853890808900234333e+03
2.884036582568807262e+03
2.873690952797023783e+03
2.845642732218880155e+03
2.841978888126791389e+03
2.853549542870045116e+03
2.858196768960085137e+03
2.835795782115731072e+03
2.843613642151985005e+03
2.839212910803891646e+03
2.811764134987540729e+03
2.814992943079071665e+03
2.810696298655169812e+03
2.804518342005532304e+03
2.811611117280711369e+03
2.805245477913407740e+03
2.813512137273142798e+03
2.787630044897759944e+03
2.807850307478918694e+03
2.768914265764836273e+03
2.766163235900296058e+03
2.749035675522321526e+03
2.761103378662525756e+03
2.765232294706549965e+03
2.746649574641040545e+03
2.759737276388214923e+03
2.749369279755126627e+03
2.742511742359743039e+03
2.744544465627226145e+03
2.726548373273119978e+03
2.694824137369005712e+03
2.716938153024025269e+03
2.719100353074895338e+03
2.706342544012918097e+03
2.711021609591110064e+03
2.712203548119212428e+03
2.693569647563182571e+03
2.709451344824814896e+03
2.674180577150582849e+03
2.661477293256690245e+03
2.690172070731005988e+03
2.675355288461538294e+03
2.634922531094377973e+03
2.637848994967793715e+03
2.636491066905442040e+03
2.600581573452827342e+03
2.595458913061911517e+03
2.578491866982340071e+03
2.559108974327939450e+03
2.544076341490817413e+03
2.544369740928259489e+03
2.534085713998980737e+03
2.518036237759144115e+03
2.501815717185197627e+03
2.507351281928173648e+03
2.538174609439535288e+03
2.539913158063649007e+03
2.534164875205864064e+03
2.544121304890429656e+03
2.535578739344406586e+03
2.540843355199368034e+03
2.546786748334049207e+03
2.560317810984812240e+03
2.555848200940272818e+03
2.546324256197689010e+03
2.537753806696870015e+03
2.537907383610451234e+03
2.541460452632124088e+03
2.528001216244073021e+03
2.498899415653734195e+03
2.514672247723741293e+03
2.525609106135471848e+03
2.489452713228791708e+03
2.494752603807394280e+03
2.481875303756946323e+03
2.467785391194909153e+03
2.470874241883696413e+03
2.473097335112164728e+03
2.483354370347602526e+03
2.492874915423120910e+03
2.507607735087740366e+03
2.484194214812538576e+03
2.473008034534800117e+03
2.484717810076148908e+03
2.465133550657449177e+03
2.491071236498893086e+03
2.478129673884809108e+03
2.462075590528070734e+03
2.449658042297587144e+03
2.457252856812262507e+03
2.446628385185710613e+03
2.432074861119290745e+03
2.414666858117803258e+03
2.415117924961714834e+03
2.371042611165853032e+03
2.374107506379165898e+03
2.387188236600475193e+03
2.400598784117854393e+03
2.402385202831366314e+03
2.383701485367351779e+03
2.398524542206167553e+03
2.406222996329780926e+03
2.394518754425277621e+03
2.385733873573664368e+03
2.384600369306125231e+03
2.388059040226518846e+03
2.382707599716182813e+03
2.390396191249552430e+03
2.377238814324195118e+03
2.369038482109095639e+03
2.371869275231965275e+03
2.369137211165968893e+03
2.357025150302548809e+03
2.360792332664613696e+03
2.372886766079298468e+03
2.341716291851455026e+03
2.356600289515687109e+03
2.339035242887705863e+03
2.369965359734037065e+03
2.340786652688798313e+03
2.344677174959559125e+03
2.335043100762546146e+03
2.336266757650181262e+03
2.325715883249165927e+03
2.325224561697957142e+03
2.317048952032168017e+03
2.323009734659645801e+03
2.316718799700245199e+03
2.309407942618711786e+03
2.304241872762047024e+03
2.301671630095260298e+03
2.296604876740439067e+03
2.301375215467174257e+03
2.302271815738709392e+03
2.314899174892432256e+03
2.284982939725402503e+03
2.292380272303207221e+03
2.293210135567579982e+03
2.273979618117057271e+03
2.293937024714090967e+03
2.288060600477374919e+03
2.281844994865331955e+03
2.278623069566092909e+03
2.260200263308373906e+03
2.264296423917061020e+03
2.269213664250617967e+03
2.253515551692004919e+03
2.261962911708312731e+03
2.265851540865850893e+03
2.237733745629505847e+03
2.234749717668170888e+03
2.246307134171294820e+03
2.240686091416503132e+03
2.240608871847427054e+03
2.248018362847385106e+03
2.220986090928724025e+03
2.233023944422510340e+03
2.225469628713820384e+03
2.229068361650673069e+03
2.223079275140968548e+03
2.219006260665037189e+03
2.220549508996574787e+03
2.211700077869882080e+03
2.200022404094430385e+03
2.218174350225732269e+03
2.199371541459645869e+03
2.194915563825585650e+03
2.199139830896939657e+03
2.204770419089818461e+03
2.194608079427606754e+03
2.189402646794591419e+03
2.180889381995021267e+03
2.197445869215554922e+03
2.181646374752185693e+03
2.165648748895239805e+03
2.184316355663908780e+03
2.167197549892233383e+03
2.165892608824840408e+03
2.162576157200911439e+03
2.161288077729490851e+03
2.149391634963665183e+03
2.171505926846004968e+03
2.155301500282137113e+03
2.157068058175738770e+03
2.146164172741782295e+03
2.156079808797448550e+03
2.154040340902571188e+03
2.151453527493700676e+03
2.142360512422005286e+03
2.141970333866301189e+03
2.131076273969378690e+03
2.125720821469818475e+03
2.127670660567943287e+03
2.129439719352031261e+03
2.132902098862672119e+03
2.125069370380123019e+03
2.119264835479255908e+03
2.114138784451950414e+03
2.126302716909316132e+03
2.115404314044694729e+03
2.104319570533918068e+03
2.108192346080393236e+03
2.118662822930630682e+03
2.111553582397216815e+03
2.107364036623748234e+03
2.102075230824201299e+03
2.098774558980570873e+03
2.097373841106180862e+03
2.081678006345365702e+03
2.094107755739941240e+03
2.092062749344579970e+03
2.079353476956276609e+03
2.084210298378082371e+03
2.064202735841203776e+03
2.078899517236946849e+03
2.074875534015538960e+03
2.078389756171437057e+03
2.077758995929495541e+03
2.067328463750867741e+03
2.075078077745982227e+03
2.060772230915369164e+03
2.068120705219420870e+03
2.047529037826109061e+03
2.059665597502291803e+03
2.058333286243198927e+03
2.049316549268932704e+03
2.052641988168724311e+03
2.046336287890025915e+03
2.044118774359793861e+03
2.039979409989522992e+03
2.040039460781527850e+03
2.060366683787022794e+03
2.032560760809444446e+03
2.028985446317995866e+03
2.021883463678834687e+03
2.021041831046554989e+03
2.013691366857221055e+03
2.019417841681777190e+03
2.034526024368317621e+03
2.037355744494938563e+03
2.019669208441560841e+03
2.026047241457989003e+03
2.007922189516585377e+03
2.005553264563614675e+03
2.004221135387146887e+03
2.005430225707742238e+03
2.005680395959180032e+03
1.992171539541625179e+03
2.006638357725982814e+03
1.994492850056689122e+03
1.995433592654168706e+03
1.998092789765897805e+03
2.002334281663949923e+03
1.990577612186788201e+03
1.981515331003821757e+03
1.983016004153070298e+03
1.982283975835823412e+03
1.966325856324592905e+03
1.977084457866599450e+03
1.978656718519613378e+03
1.975083262472950992e+03
1.966865471309128679e+03
1.947566967429910164e+03
1.967055711183868880e+03
1.959162567177310166e+03
1.947518650793650977e+03
1.944321348353353642e+03
1.932710446348112555e+03
1.935745780834784455e+03
1.932079964437743001e+03
1.930088899152933209e+03
1.915224689702654587e+03
1.902520652371951201e+03
1.919235141079344658e+03
1.925275199952750654e+03
1.943776846484257248e+03
1.943907879656160503e+03
1.948710883991197989e+03
1.940191113011421066e+03
1.945328127009493755e+03
1.927497651173842769e+03
1.931212660436987790e+03
1.928421995825031217e+03
1.929052449745641297e+03
1.935836901234568131e+03
1.932086968519682387e+03
1.924646753110569762e+03
1.936235109922282618e+03
1.933687186220657850e+03
1.921001192940944748e+03
1.909854258734333143e+03
1.917807882900865025e+03
1.907232356568496925e+03
1.910711260622420014e+03
1.895662775935989430e+03
1.915767815724104594e+03
1.890710134842227944e+03
1.919357045270415256e+03
1.904860744904592593e+03
1.907149881851013333e+03
1.898834060714149018e+03
1.891842021442539817e+03
1.903014041449199340e+03
1.907647451122820030e+03
1.896716520622104099e+03
1.892075443490946554e+03
1.885324956342855330e+03
1.871140505798598952e+03
1.869920043620335719e+03
1.880744697539216986e+03
1.874214393704465238e+03
1.875464203354297524e+03
1.848646647252090588e+03
1.850893496785366551e+03
1.852778520760082301e+03
1.871132617890309120e+03
1.860557066648165346e+03
1.862712694516021884e+03
1.842402419520665489e+03
1.833522845084963819e+03
1.842256199918249877e+03
1.836525996991950251e+03
1.838551753931324811e+03
1.841064670643769659e+03
1.835892214107718246e+03
1.830798273028219455e+03
1.820529873285389385e+03
1.822285902513944166e+03
1.820783015143958437e+03
1.814077741138308966e+03
1.806036812877508510e+03
1.801364424926616721e+03
1.800962632893041473e+03
1.804195246320216256e+03
1.789255948890619493e+03
1.794747757400999717e+03
1.802453877552586164e+03
1.783737606576760300e+03
1.776964254264850297e+03
1.785530111217142121e+03
1.763302366442406765e+03
1.773749882329377670e+03
1.786193678460943374e+03
1.769657074525418238e+03
1.759301276953957313e+03
1.757060210408462581e+03
1.763037258007743731e+03
1.748876882152101643e+03
1.767101770416352338e+03
1.763476081408727168e+03
1.754060914759712205e+03
1.761451949404240622e+03
1.754482658158775394e+03
1.742087491488703336e+03
1.750167696681043026e+03
1.753663123976810994e+03
1.759850843842907807e+03
1.747953260772766271e+03
1.739862409964390963e+03
1.729571991931416960e+03
1.745081604831885670e+03
1.742100099728645318e+03
1.733636323079669637e+03
1.716181081429340566e+03
1.717388852554067398e+03
1.708575693695782547e+03
1.686432855562261011e+03
1.682868876463393462e+03
1.667177098134215385e+03
1.632654190576865176e+03
1.620998598259240907e+03
1.606694760902174266e+03
1.604182177602138609e+03
1.605552762493331329e+03
1.609405948559265426e+03
1.627031151826378164e+03
1.630731859468523680e+03
1.657085506587561667e+03
1.668549023296447331e+03
1.654675428459485374e+03
1.653927916155299499e+03
1.643565685671394476e+03
1.628091829252222851e+03
1.648500136775583314e+03
1.640598596841595054e+03
1.639240626256533687e+03
1.613776256172732019e+03
1.643114277841169496e+03
1.630727865661171563e+03
1.620005687464632501e+03
1.641934776748431887e+03
1.653920414862411008e+03
1.643644202671190897e+03
1.642103459342688211e+03
1.646081287526575352e+03
1.646909531172185098e+03
1.633067305467531924e+03
1.625893483039650619e+03
1.643653131595825471e+03
1.642246193406065458e+03
1.629935210648255861e+03
1.633028844335344274e+03
1.614981267216041033e+03
1.628094913794107242e+03
1.633447919902827834e+03
1.643304614861776827e+03
1.638023760772307924e+03
1.627121957872405119e+03
1.626656311300971765e+03
1.648680442839366151e+03
1.640464201199584750e+03
1.623240825897562218e+03
1.633948466614529025e+03
1.646013158942879954e+03
1.627888081866459515e+03
1.636670209883320240e+03
1.622448850205550116e+03
1.635397025767224250e+03
1.627789831538088265e+03
1.629982856485058619e+03
1.620192316522211286e+03
1.623703756947766806e+03
1.615512126001703109e+03
1.621491292770890595e+03
1.620135115064500496e+03
1.609558972674928100e+03
1.609755455898205128e+03
1.593066223717014054e+03
1.599699994321208351e+03
1.595873311701242983e+03
1.588766097704303093e+03
1.601786221815035333e+03
1.604527240008468198e+03
1.598775246872168054e+03
1.604085465905844330e+03
1.604625125401654259e+03
1.612582879547666153e+03
1.613516236523561702e+03
1.606700919669230871e+03
1.614124732749096665e+03
1.599276803334234273e+03
1.596941398198410752e+03
1.601906925683653753e+03
1.610041809755029590e+03
1.588586058666917779e+03
1.586986632149203615e+03
1.581796562061185796e+03
1.570530684221283991e+03
1.577569980529824761e+03
1.593234266277939923e+03
1.568380919507620774e+03
1.578400321402859163e+03
1.571721248077736846e+03
1.588700195806591637e+03
1.581987751251809414e+03
1.592483401050718157e+03
1.584287369943903286e+03
1.586872954732705239e+03
1.569873060684764368e+03
1.582369786581362860e+03
1.568248665622908675e+03
1.578489204144620771e+03
1.577295695223322582e+03
1.568580109973906474e+03
1.568827871747435211e+03
1.562587011206628176e+03
1.554554277171087051e+03
1.572842915759504422e+03
1.563941909216076965e+03
1.560249244306791070e+03
1.559628231612826312e+03
1.561373983548340220e+03
1.558166607400134808e+03
1.562792864877872717e+03
1.559354305661456465e+03
1.546128010274601820e+03
1.558686072830484818e+03
1.556580841951321418e+03
1.558249495545625678e+03
1.552072748123268411e+03
1.542104957958359137e+03
1.547264673808028647e+03
1.537025405863823607e+03
1.543338718316188533e+03
1.539819979903909143e+03
1.538658947853303744e+03
1.533087280606368267e+03
1.551060351236395945e+03
1.531359708925635687e+03
1.543600299811341074e+03
1.550198282790115400e+03
1.545361116474009805e+03
1.537948946481247049e+03
1.533928936132324907e+03
1.523829150584583658e+03
1.533088819179060238e+03
1.524580693724428556e+03
1.530896230971128716e+03
1.527874061320831288e+03
1.519423339562265028e+03
1.518146006260544254e+03
1.522289197041732905e+03
1.519986482039030307e+03
1.510184063260340736e+03
1.499518510883405042e+03
1.530813215127142712e+03
1.515012725379869835e+03
1.508111731274036856e+03
1.503601519939804348e+03
1.502865860871121640e+03
1.514450061475827169e+03
1.505580653958136054e+03
1.494919690464832684e+03
1.502641544308241237e+03
1.502228463801421185e+03
1.495704178664304209e+03
1.490917829405107568e+03
1.482758443613172176e+03
1.480262924486964266e+03
1.483504532674570100e+03
1.475243320860388621e+03
1.473556210773578641e+03
1.477321916421245760e+03
1.483087884169472773e+03
1.473441185586823394e+03
1.485229678833973367e+03
1.485900016048788075e+03
1.474727378514204929e+03
1.479372961094597485e+03
1.460993625480816718e+03
1.460406730544232005e+03
1.464657737497468815e+03
1.455401074416992742e+03
1.453124693326385341e+03
1.459970226766384485e+03
1.457256597512270446e+03
1.442235256250880866e+03
1.442996768633133115e+03
1.439093469142576851e+03
1.437766879032458974e+03
1.437104812645292668e+03
1.432240213169787694e+03
1.435487729117285653e+03
1.446817467538148321e+03
1.432422247681396584e+03
1.456066502833642744e+03
1.437694211546692713e+03
1.431871857207638413e+03
1.442722411527091936e+03
1.442716414421453237e+03
1.433107255639570667e+03
1.416650035369165835e+03
1.422400080211341219e+03
1.421507194132334462e+03
1.441711866408934839e+03
1.429830894442686940e+03
1.438920871125625808e+03
1.437543575310394772e+03
1.444113595255023483e+03
1.442479561316051786e+03
1.441411498356711945e+03
1.441372699699433952e+03
1.431370915615931835e+03
1.434764949955981820e+03
1.419887253830025429e+03
1.423962629443224159e+03
1.424862530657605930e+03
1.402122418296448814e+03
1.397869863556624068e+03
1.396824630339776604e+03
1.379008826142484395e+03
1.385003773548286745e+03
1.384633094148776763e+03
1.383042069819761991e+03
1.382578146207907821e+03
1.383514028301435474e+03
1.374362178827697107e+03
1.387963020426919229e+03
1.384229390466786072e+03
1.380747835534484693e+03
1.374486928079107656e+03
1.370857275693382917e+03
1.372179800431499416e+03
1.367300415765441130e+03
1.368384580316791698e+03
1.357747679091885402e+03
1.345166709242199659e+03
1.322700556538502042e+03
1.335129987776148027e+03
1.318697188094826288e+03
1.301018344493900031e+03
1.292009658509682595e+03
1.276061123001805754e+03
1.258231806141931429e+03
1.242776927256612680e+03
1.225316733790133412e+03
1.209646499013141693e+03
1.188815808198405421e+03
1.179524124612526066e+03
1.136568071204955231e+03
1.117189418837495623e+03
1.078555570332964407e+03
1.054588704827400079e+03
1.030039324581456640e+03
9.897274729588867785e+02
9.448745000591645749e+02
8.776290320459626173e+02
8.381017286495734879e+02
8.176740474459063535e+02
7.782444386627960284e+02
7.695798283428216564e+02
7.761099417095475701e+02
7.892540427676082118e+02
8.252657373628499045e+02
8.683684360067156831e+02
9.046680186029379911e+02
9.473912741142646610e+02
9.931884137257923157e+02
1.027708191009985740e+03
1.055037466890505584e+03
1.081907145975874300e+03
1.105028468024405583e+03
1.130500899355889032e+03
1.150577291091192592e+03
1.173013217463126693e+03
1.179968438695960231e+03
1.201878636389392568e+03
1.203249778929822696e+03
1.221236955587967259e+03
1.235999656711294165e+03
1.247584334472609953e+03
1.236866433529759433e+03
1.255786786624340039e+03
1.273911648092687528e+03
1.245594167616409777e+03
1.265676578732373400e+03
1.279060216971640102e+03
1.278109414173350160e+03
1.288142105072621234e+03
1.296162000607735536e+03
1.298572485194217279e+03
1.283572938459678426e+03
1.303556303720044752e+03
1.294631583393145775e+03
1.282249375910790150e+03
1.304269028350009876e+03
1.293544884466829899e+03
1.304234470756189012e+03
1.300524251253086049e+03
1.293429896573375117e+03
1.298876480464886299e+03
1.295298643658994024e+03
1.292755100213410287e+03
1.295337830537247783e+03
1.296161328043743424e+03
1.294838198074071897e+03
1.310926078704605288e+03
1.306333874372188347e+03
1.297556025353422228e+03
1.293639445968960445e+03
1.292725549007491054e+03
1.292843055555555338e+03
1.288629492031872587e+03
1.292523782322339230e+03
1.298053782045382832e+03
1.296604319877431408e+03
1.293946442694851839e+03
1.303022094580777321e+03
1.296255558130552345e+03
1.282689023998341327e+03
1.279634959879224198e+03
1.283624163249762660e+03
1.284290376377788107e+03
1.280484652480937257e+03
1.278066036433245017e+03
1.265759546213984095e+03
1.278714931221757297e+03
1.287257050733141114e+03
1.281565568955098570e+03
1.283305951505070198e+03
1.265305486302745749e+03
1.279320562822163538e+03
1.267166074043087292e+03
1.284680965736606595e+03
1.273717810656326947e+03
1.271362562586814192e+03
1.270762737736131612e+03
1.263119251426381652e+03
1.259401341521808263e+03
1.265580585106383069e+03
1.262688204747774535e+03
1.253722538984756056e+03
1.254632097949278659e+03
1.262931598625930519e+03
1.253948245989304951e+03
1.257630247139334415e+03
1.254547729917542256e+03
1.261266430930756997e+03
1.257845926719722002e+03
1.269790941355180621e+03
1.248760189271272111e+03
1.250688377527687862e+03
1.243414242424242502e+03
1.237425791608833379e+03
1.236726495661482886e+03
1.249041864110603001e+03
1.243206651292188326e+03
1.239757996429246077e+03
1.248366477745096290e+03
1.243516093578673008e+03
1.235945409940125955e+03
1.234762665289973256e+03
1.241681720430107362e+03
1.229099090663260768e+03
1.232490311114178667e+03
1.236284879608728488e+03
1.241131634035001753e+03
1.228669005812299474e+03
1.221521275424448504e+03
1.228044109328892546e+03
1.234138117758817771e+03
1.232792176002269571e+03
1.215155572906557609e+03
1.226083827650630610e+03
1.220927495974947760e+03
1.229411155019535727e+03
1.217797727434573517e+03
1.210318825746731591e+03
1.209711453926661079e+03
1.198492153562411431e+03
1.213614044192812798e+03
1.192589718390393955e+03
1.207582196220710330e+03
1.203768227747604442e+03
1.210091550019770466e+03
1.200990748654637628e+03
1.199772104971938916e+03
1.193668052189144191e+03
1.202413761623252640e+03
1.203509444158360111e+03
1.198665478029049382e+03
1.180281132945758145e+03
1.198001949978278390e+03
1.184323251263097745e+03
1.179996864726164631e+03
1.185095715663400142e+03
1.189381842123588967e+03
1.183702369994824267e+03
1.194302180770511541e+03
1.191032473353169735e+03
1.184693984389872412e+03
1.181021019134590460e+03
1.195546746671249366e+03
1.192897520909148852e+03
1.189070969437489339e+03
1.170624992965492311e+03
1.184326709582915782e+03
1.167573804265705803e+03
1.165860508346464485e+03
1.163833836000744668e+03
1.179406320676418545e+03
1.166787883241517420e+03
1.163149891537295389e+03
1.153558602446603572e+03
1.159872039490878478e+03
1.163335146402568171e+03
1.154383356342241314e+03
1.168488383507203253e+03
1.157109649925410395e+03
1.158937174845132631e+03
1.151190557908475967e+03
1.160501516851306405e+03
1.146360947157656483e+03
1.160560870138030168e+03
1.134964411466618458e+03
1.162255470189701782e+03
1.147738695529145389e+03
1.144797520928113499e+03
1.147885505361485457e+03
1.153848011525205493e+03
1.140948005504423691e+03
1.145195110525846758e+03
1.142296556005840330e+03
1.132112404983908164e+03
1.143786521949069083e+03
1.138054983539009072e+03
1.139587207025146427e+03
1.129682701200981683e+03
1.133894238571438336e+03
1.127498113253891233e+03
1.130729466711598889e+03
1.137328288106847367e+03
1.127580646625392774e+03
1.121731478910343867e+03
1.131538684929938427e+03
1.123127024383278240e+03
1.116554056647688640e+03
1.128132521792377929e+03
1.114542143701269652e+03
1.122376995070682597e+03
1.117346343594520476e+03
1.119415937783585605e+03
1.127287955222446271e+03
1.103498474651810739e+03
1.118809677693524236e+03
1.124566693522871901e+03
1.114298780892537025e+03
1.103534064246735625e+03
1.095621534838047637e+03
1.116471383995368569e+03
1.109018822243752766e+03
1.092676859100172351e+03
1.109050455053548831e+03
1.116604454068718724e+03
1.111709606625727929e+03
1.106559728305134286e+03
1.099944345523444326e+03
1.095055149631675931e+03
1.097756642229858699e+03
1.109892661402693875e+03
1.097210821208729840e+03
1.094779800283860368e+03
1.091887852166010589e+03
1.093171701742743835e+03
1.086661187353868172e+03
1.094099028297862333e+03
1.083980933333333496e+03
1.087427481418088973e+03
1.090974302286151442e+03
1.090339461131519784e+03
1.094215597571359012e+03
1.086845130173135203e+03
1.085777661882442544e+03
1.087908348322071333e+03
1.074516236907332086e+03
1.063535050988434932e+03
1.080110708414104693e+03
1.072415189734054366e+03
1.077531383422485987e+03
1.057432324401136839e+03
1.088302770386212615e+03
1.071905412031314427e+03
1.074171901132767061e+03
1.066439704922149758e+03
1.067408049518867074e+03
1.071370418114373024e+03
1.074698644825582960e+03
1.074417355385963674e+03
1.059546969619866786e+03
1.067042685121225304e+03
1.072072070473710710e+03
1.061172017294267334e+03
1.057136992792885849e+03
1.053224415944123393e+03
1.063968951788411687e+03
1.059261123934426223e+03
1.061628405994550349e+03
1.060874824637263373e+03
1.054311816101060913e+03
1.056604363070412546e+03
1.061465190313857192e+03
1.048346431088557438e+03
1.054874626450484811e+03
1.041761726659167607e+03
1.045173891145985408e+03
1.053057475884244241e+03
1.062592803204798201e+03
1.048689444970895011e+03
1.012688219685591434e+03
9.789994867968893004e+02
9.324139181318530518e+02
8.812142483516684024e+02
8.194832752645103255e+02
7.590241304526861086e+02
7.080150174375918368e+02
6.825110678578430452e+02
6.595675668364397097e+02
6.623252930945329808e+02
6.660354656161798630e+02
6.932067519932859341e+02
7.434564405918227976e+02
7.762285170168324839e+02
8.118802357113057724e+02
8.418407741959765644e+02
8.646912267264286811e+02
8.784496813074954389e+02
8.895778626171686483e+02
8.774394792698458332e+02
8.768819110790675495e+02
8.736369797704613802e+02
8.589087244460050670e+02
8.573400019507436127e+02
8.429439854180103566e+02
8.277115210946856223e+02
8.218972932975036656e+02
8.252139300826512454e+02
8.378620642912470657e+02
8.355042725872943947e+02
8.393711140859735451e+02
8.549344729473399411e+02
8.563052186878727525e+02
8.593708494730207121e+02
8.636631891831830217e+02
8.738134503815241487e+02
8.745666392885755158e+02
8.859778809727483804e+02
8.906244356670797515e+02
9.093896993140440372e+02
9.017229166666664923e+02
9.123693892384688979e+02
9.198440486725664869e+02
9.187558193140529283e+02
9.150041224785222767e+02
9.226970528647310630e+02
9.404633649594888993e+02
9.236949124923286263e+02
9.317049342278764925e+02
9.352676173690113046e+02
9.306482820233827624e+02
9.344772157841945273e+02
9.473510239071915748e+02
9.428757587024465465e+02
9.455476603091618699e+02
9.333046367275320563e+02
9.299238056229112317e+02
9.556317502242055753e+02
9.275002676142845530e+02
9.286262687427912397e+02
9.488092547834845618e+02
9.402222184930357116e+02
9.300151966626937110e+02
9.339052026782483154e+02
9.282732068369112994e+02
9.075192467720415834e+02
9.101150305159560503e+02
9.195727734842212158e+02
9.134006470937943050e+02
9.115027383087323187e+02
9.219638688327316913e+02
9.134343292549071975e+02
9.117675746216369816e+02
9.087864888981597460e+02
9.218324531756092028e+02
9.285026515286964468e+02
9.224834604834057927e+02
9.288719796657845791e+02
9.298890629630944886e+02
9.366628686023503860e+02
9.346858100254268038e+02
9.268812383171897409e+02
9.186919198719114092e+02
9.068359284972981413e+02
9.045114699304925807e+02
9.072864659940623824e+02
9.162207038798870826e+02
9.205857687650575372e+02
9.191947153416392666e+02
9.465394856832507458e+02
9.491771293690989069e+02
9.475016061303257402e+02
9.479453699820824113e+02
9.437255535929140251e+02
9.353329391118571721e+02
9.409493533742798945e+02
9.512954196160342235e+02
9.411209058404393772e+02
9.366666363964242237e+02
9.289134123923382731e+02
9.401269773133402623e+02
9.347461527339640952e+02
9.267212379284728740e+02
9.315540003438881058e+02
9.411334570240539961e+02
9.488565222009773379e+02
9.044067946106428053e+02
9.181692036095201956e+02
9.187544702569521178e+02
9.109104825064133593e+02
9.062712645070954522e+02
9.009191731744073195e+02
8.979271963586237462e+02
8.924485864187463449e+02
8.823580397045999462e+02
8.737321489795918978e+02
8.944494572065523244e+02
8.920292546151167699e+02
9.076728036937240631e+02
8.869722854393114631e+02
9.025939377488235777e+02
8.816703890989955426e+02
8.859485772614386860e+02
8.804229347841608160e+02
8.788161315902270871e+02
8.807656650224992063e+02
8.843958568577130563e+02
8.845475679849018888e+02
8.998093061618475303e+02
8.868025819257976536e+02
8.873149527135166181e+02
8.904638398657032212e+02
8.812292019065888553e+02
8.909559700067565018e+02
8.918272339100653880e+02
8.840353277688508342e+02
8.807913175605560809e+02
8.720482058695096157e+02
8.782662844036697152e+02
8.744479106236403823e+02
8.730577249396134221e+02
8.620071474373652336e+02
8.767783884039425857e+02
8.616124238807798292e+02
8.553037404580153407e+02
8.764125656565656755e+02
8.719450045074451054e+02
8.749507431147977741e+02
8.760162633900441733e+02
