8.941651451596681000e+01
1.187874279268999089e+02
1.094680587907969311e+02
1.081845976974109362e+02
1.160237568270085831e+02
9.853478571262803598e+01
8.001570412735236459e+01
-1.127883002485759789e+00
3.167488029622381873e+01
6.763254392023918626e+01
1.724721053823759576e+01
5.916372019243499381e+01
6.254536987837127526e+00
7.650465121377692412e+01
4.575376281044918869e+01
9.506382579465480376e+01
7.108511593118782912e+01
1.276726038923516171e+01
1.417680152033071863e+02
1.612133437522525128e+02
1.256929666070082021e+02
1.098487008773408888e+02
1.189472582778562355e+02
3.890221011098037707e+01
-1.632491043686968624e+00
5.194468066758417990e+01
8.908588052989307471e+01
7.099853154990432813e+01
9.007275012194713781e+01
1.527300314808171606e+02
1.433091064788677613e+02
9.390937114324242430e+01
9.213001180313403893e+01
1.507512891821888843e+02
1.198381728353015205e+02
1.622978981713476969e+02
8.343602375979389763e+01
1.067824515656548101e+02
1.012488793851834998e+02
9.250040908140908869e+01
8.634811983079998754e+01
9.258774923898727138e+01
6.942852524090449151e+01
6.161630336699454347e+01
-3.066441817669328884e+00
8.224906289296995965e-01
3.226943016538825759e+00
7.380280071783818130e+01
2.854429285308469844e+01
1.627720200634412322e+02
1.897801684189653315e+02
1.797323880413741790e+02
2.489628733840245332e+02
3.260505421574389402e+02
3.374401394283322588e+02
3.327656871647341177e+02
2.808182112889880955e+02
2.795748247117107894e+02
2.735859326353547658e+02
2.641841446751341209e+02
2.094612555683588653e+02
1.093691244213141545e+02
1.518815382044549551e+02
1.007301834373874954e+02
8.250725383224471443e+01
4.446087064806124545e+01
8.190296731437592825e+01
-4.407562699088884983e-01
1.258308185202140521e+02
7.884986547611879359e+01
5.148766011747011362e+01
4.096723752470279578e+01
6.143362902275293891e+01
4.961378568971940695e+01
5.752710129253864579e+01
3.401558992138870963e+01
4.737935218705570151e+01
-5.262675913516432047e+00
1.560045967273981660e+01
3.905774281629783218e+01
4.826509256078497856e+01
1.343487230190567061e+02
1.115212195522326510e+02
9.979998314513431978e+01
7.878222379194448877e+01
1.663883479402738885e+02
1.305022979300138104e+02
6.607690129077491292e+01
9.827954212944132451e+01
3.646918972116873192e+01
5.562406399818610225e+01
1.665527635838352580e+02
8.420781149824506429e+01
1.300882323207042646e+02
1.928012745802898280e+02
2.251172992783122027e+02
1.856085390961125086e+02
2.141032389210340625e+01
1.516777396253983170e+02
8.908334891024969693e+01
1.104515101772849448e+02
5.852761461666887044e+01
8.056319343775066955e+01
1.429115052742981788e+02
1.384740791478034225e+02
7.844333576946519315e+01
1.408741015827290539e+02
2.022918614128266199e+02
2.039077648761776800e+02
1.840426265929982037e+02
2.712081937063703663e+02
2.544892639236877585e+02
2.545306330587245611e+02
3.785493374279667478e+02
2.962208807328497642e+02
2.609603977398946881e+02
4.676695514775274205e+02
4.406178333920843215e+02
4.146324169740091747e+02
4.177744110751409607e+02
5.420209131641149725e+02
6.358230594385704535e+02
7.435096374674449180e+02
8.860638435677547022e+02
1.047387668395260334e+03
1.216222874330800551e+03
1.323267485454516645e+03
1.578849940421727297e+03
1.657494470176327013e+03
1.716383972323614216e+03
1.784768957091787343e+03
1.630181648169593245e+03
1.479727997776466509e+03
1.281084017985709579e+03
1.044241217209276329e+03
7.317856039014823182e+02
2.917512193365628264e+02
5.773189739709778223e+01
-8.006835255481746572e+00
-4.336844700183337409e+01
2.648463985213857086e+01
2.316084273529295388e+02
4.660062394128335654e+02
8.630248119768266406e+02
1.221373950734403479e+03
1.548503574589605705e+03
1.791798146187056773e+03
1.949857738910699481e+03
2.130238180617983744e+03
2.180893720407404544e+03
2.044393270357883011e+03
1.914546882853353964e+03
1.779580614184433216e+03
1.606292889995836958e+03
1.657444398539473696e+03
1.420364409768557380e+03
1.338984275030570643e+03
1.246217984984887153e+03
1.095599284241201531e+03
8.536495912943773874e+02
8.473588707887829514e+02
6.703683217779343977e+02
5.151303194666543277e+02
2.919938906190418493e+02
2.459028009063677018e+02
1.241923988145463227e+02
8.072470258170324087e+01
5.213912444900415721e+01
8.952476518392359139e+00
8.219645431749631825e+01
9.442584189342051104e+01
6.842838609392310900e+01
1.176864237593381404e+02
4.404125554801612452e+01
7.106015810023563972e+01
1.423809676864166249e+02
1.136347034520149464e+02
1.248971710051700938e+02
2.149984897355025169e+02
6.739377385128864262e+01
1.087604677834115137e+02
1.668822044872085826e+02
1.146409932045298774e+02
8.602677546262566466e+01
1.135609432565852330e+02
4.617409073699491273e+01
2.838319187653905828e+01
9.557864651807540213e+01
5.424197655853640754e+01
4.453938361105429067e+01
1.130888887935980165e+02
-6.457429045662138378e+00
2.013055768722733774e+01
1.608334612327234936e+01
4.846330874193699856e+01
3.888750409250496887e+01
1.008225203030087869e+02
3.586278602214770217e+01
8.008488204667810351e+01
1.741458350388638792e+02
3.377809106405948114e+01
1.795825969469606207e+02
1.439308323063996795e+02
9.381109152570934384e+01
1.514446141698608699e+02
1.418129274346320017e+02
1.437002987708492583e+02
1.916257159948509070e+02
2.066216683663333242e+02
1.364365886295145174e+02
1.416305704133283143e+02
2.886830297212691221e+01
9.260265999878538423e+01
1.160948130116612447e+02
1.419373878171736578e+02
1.058807660702841531e+02
1.390513991628085932e+02
1.519587637609638477e+02
2.102384394618566148e+02
3.025394804630705039e+02
2.130968063396285288e+02
2.364907850855834113e+02
2.284266291717613058e+02
2.097839586816862720e+02
1.194716692293368396e+02
6.739673634063547070e+01
7.856886747958196793e+01
5.935774000297351449e+01
4.107267707967548631e+01
-5.663150397216668352e+00
1.481580535953580693e+02
1.540055805960528232e+02
2.674131225169749086e+02
3.949893667243595701e+02
4.326968901476193423e+02
6.381022806589226093e+02
5.593807820927268040e+02
4.992853466701453726e+02
4.506328190551466832e+02
4.007375015815359802e+02
3.640809709969162213e+02
3.833191502457211755e+02
1.887999262395824189e+02
1.964166269435845606e+02
7.444326232142338995e+01
8.200427718905120855e+01
6.112368383895227453e+01
-5.233110803921590559e+00
6.590230233282272820e+01
6.644687227205758973e+01
7.896711337424676458e+01
1.214859702191151882e+02
4.912032811632343510e+01
1.139537016548965767e+02
1.918432429405202129e+02
3.045203280852147145e+02
3.333045367474187515e+02
4.233058631174080801e+02
3.886067023950181465e+02
5.393089364478601055e+02
4.981605345755742746e+02
5.139708425195603922e+02
5.761580945546411385e+02
4.628919369678351359e+02
5.007218647682984738e+02
5.609387914722137793e+02
4.991594304166719667e+02
4.880997968396168289e+02
1.905406878306184808e+02
3.103793581649279076e+02
2.216157802616726258e+02
2.049667128151195357e+02
2.405973943000644795e+02
-1.078757811412287992e+00
5.704840119065192994e+01
6.912149261487320473e+01
8.841724586033888045e+01
-9.591610569634212879e+00
2.118344681409653276e+02
2.818077708304263069e+02
2.418292128689427045e+02
3.231184428076921904e+02
3.665338943792812643e+02
4.013175663956426433e+02
2.326329152700891427e+02
1.941926270145449962e+02
1.800730399781459710e+02
2.214503927406767616e+02
1.460500733925946406e+02
2.766659767098244629e+02
3.118521850471224752e+02
3.367691311761336692e+02
3.010372327714030689e+02
2.875996636176896573e+02
2.467448307638987899e+02
3.154664885089950985e+02
4.335894830311772239e+02
4.984860225511511089e+02
5.583946700940177834e+02
4.706528637472583796e+02
3.644213094568549423e+02
2.589186605956201674e+02
1.720578076484780468e+02
2.455491848687415768e+02
1.018344533647177741e+02
1.042147982740061707e+01
7.213458837735015550e+01
2.902834708810769371e+01
6.472655653359470307e+01
1.231424382265831809e+02
2.874314050034809043e+02
2.314389416568446904e+02
3.030110364418396784e+02
3.029134755915729329e+02
1.152553559404877888e+02
1.365842992358338961e+02
1.465693716009336640e+02
-9.165404527819191571e+00
7.632811251162274857e+01
2.912018994505706360e+01
7.577521941655504634e+01
3.023927823295198323e+02
3.878857375265470182e+02
4.588888656785638887e+02
4.420777764978811319e+02
5.495181768091933918e+02
6.460175654122613196e+02
4.906965745667293959e+02
4.663091381230588013e+02
4.917307129762484692e+02
5.179809191080348683e+02
3.182809322020802938e+02
2.924092574970636633e+02
1.082292808276215510e+02
1.526191658485840890e+02
1.642794233218701265e+02
1.647140199522873445e+02
1.143253779408878472e+02
2.013785750934184762e+02
1.536609896283589478e+02
1.633654412815667456e+02
3.002294391609502782e+02
2.022315090724296169e+02
1.881158838189694507e+02
1.028826768038306909e+02
6.772378791414666921e+01
4.085010192936533713e+01
-6.796536238463886548e+00
3.021508928207913414e+01
1.541421763818943873e+02
1.526913469366372738e+02
3.718489992389004328e+02
3.967826482688760734e+02
5.392620110675125034e+02
5.660396362725768995e+02
6.835481251211494964e+02
5.949434679382611648e+02
7.540347470703600266e+02
8.321990127451936132e+02
7.735868595110368915e+02
6.298385388555107056e+02
4.436975359456446313e+02
4.669881411354945158e+02
2.611946004596284183e+02
1.241874851518005016e+02
-9.048585712469503051e+00
6.778794445523089962e+00
2.409441899386365549e+01
6.067768147301831050e+01
2.586018689028242079e+02
2.080103514825823368e+02
1.555239680200502335e+02
4.558859935016735108e+02
3.091836499362252653e+02
2.136667613915597030e+02
2.173851293073566922e+02
2.916245619455185079e+02
1.850645542063502944e+02
2.130406332172096882e+02
2.007798336444539018e+02
2.564883044380076171e+02
4.105616953074131743e+02
6.154957319586501399e+02
6.455640845417292439e+02
8.352889565037876309e+02
1.204203419946094073e+03
1.259345064955734415e+03
1.306387466364958527e+03
1.338481773287272517e+03
1.339965277814328147e+03
1.444938064817193663e+03
1.357438436226875638e+03
1.425450486207406357e+03
1.318466004598045402e+03
1.235982397942851094e+03
1.338120295567365247e+03
1.476321198457699211e+03
1.607917066015896125e+03
1.628490630636704736e+03
1.225072714914829703e+03
8.579735585191301652e+02
8.422593022243927408e+02
7.722694627748642233e+02
5.779601625282521127e+02
1.817382886331033660e+02
-1.917147483897133498e+01
-2.958171528811726603e+01
4.768346134077728493e+01
1.499453645770736330e+02
4.008336000238668930e+02
8.409697494740976254e+02
1.561881136024316220e+03
1.514934390758524387e+03
1.444632033391637378e+03
1.339753559860542737e+03
1.356375072894068580e+03
1.324775556106676959e+03
1.363905697981721460e+03
1.232990378300553857e+03
1.247598880200501299e+03
1.106984671582576993e+03
1.130987169545227516e+03
1.106885378733579273e+03
1.120192639425255038e+03
9.898438651283140643e+02
9.727797764744973392e+02
9.545804087944670755e+02
7.858040422476260574e+02
6.370429926966498897e+02
4.785577232647337951e+02
3.439488899988537014e+02
4.808906531660213659e+02
5.253979505102688563e+02
3.689441753352002706e+02
5.276854116193644586e+02
3.676635281941889843e+02
6.657443934170951252e+02
6.797961087836156366e+02
6.579646395740783191e+02
4.615265844146888412e+02
4.538823364143718209e+02
4.931445872909207537e+02
5.531821938642606256e+02
3.914817242120006995e+02
4.729233796887856442e+02
5.902877764020777249e+02
7.193508275432104710e+02
7.351668134753490449e+02
1.064485346228015260e+03
1.301009017554119055e+03
1.503183845594572631e+03
1.637562514736029698e+03
1.673170061291082675e+03
1.643974353809087916e+03
1.487551777866821794e+03
1.426829798678674706e+03
1.202616993055031344e+03
8.784139690819101816e+02
4.951700749780320621e+02
2.767664012852583255e+02
9.498067815660760971e+00
-3.686630350994164473e+01
-6.242366057602339424e+00
1.544187931598571595e+02
3.158965134255922749e+02
6.785791970924510679e+02
9.359895368998804770e+02
1.206601240072894143e+03
1.382806831766400137e+03
1.649339743973054283e+03
1.622471186934839352e+03
1.587456523795961402e+03
1.365631216730707820e+03
1.377238254706804582e+03
1.189416774739223911e+03
1.152255594915281108e+03
9.436497920989386330e+02
8.642239855630796228e+02
8.683082485509366961e+02
8.489201888638453966e+02
1.068785153434222593e+03
7.963298355969745899e+02
6.947134428514727915e+02
6.708867359309624590e+02
6.851414874947804492e+02
5.947225733861778281e+02
5.563830826804878598e+02
4.569219050475949189e+02
3.838029301850183401e+02
5.212023246376847965e+02
5.050278067737344827e+02
5.329570610631490126e+02
4.743102492652178626e+02
5.756929275139227684e+02
4.648918194046273129e+02
2.855642834921200119e+02
3.684484394226274162e+02
2.993360861277942604e+02
1.956501750909083057e+02
-1.466166997320760856e+01
2.067840314329441753e+01
6.695002406175626675e+01
5.094794146461099444e+02
4.888603136811070726e+02
4.723083920543067507e+02
5.682422267089714296e+02
8.050400982722021581e+02
1.097532736240227678e+03
1.034100173334682040e+03
7.280199093983173952e+02
6.306276577444950817e+02
3.596712980453630735e+02
3.036896250969730318e+02
2.247619916740077315e+02
1.046713942294845765e+02
1.821075740561864222e+02
3.121460333860486571e+02
3.001853764233455877e+02
4.958611990666613565e+02
3.786926183197319915e+02
3.793195921446131251e+02
4.300703062406319077e+02
5.531018889786937507e+02
4.886661164553770504e+02
4.615297762294903805e+02
2.121610554883664008e+02
1.607679323362463037e+02
1.790856461957300780e+02
4.246059979681012919e+01
-7.607764494678121991e+00
2.294809337646656786e+02
1.415952978702334804e+02
3.059556564105150755e+02
3.772882099828239006e+02
3.218651193800178589e+02
3.210864786529309640e+02
4.356510771833018225e+02
3.352194538267176540e+02
3.713040701297977648e+02
4.607259566330067173e+02
4.288693162026938808e+02
3.498978932560967223e+02
2.181591181939911621e+02
2.038391226716776146e+02
6.756769585625806940e+01
-9.872056708849413553e+00
3.401454718291279278e+01
1.239435921589720238e+02
2.062928559855499770e+02
4.083563625621573010e+02
4.320086394025820482e+02
5.382196508317829284e+02
6.860754829773504753e+02
8.201109214026582777e+02
8.324095004707669432e+02
1.017014896571905410e+03
9.331449149546278932e+02
9.461522218760801479e+02
1.157536576713078830e+03
8.473963929265373736e+02
1.053696769040245272e+03
1.033001866889229859e+03
1.144179869666437298e+03
1.065674668317038595e+03
1.351395147938033915e+03
1.372279936065162474e+03
1.352684459654006787e+03
1.379948312709318998e+03
1.311828375457847869e+03
1.047500645241805614e+03
7.805077964085758140e+02
6.783683606876475096e+02
3.566180499305010017e+02
2.243193664500395244e+02
2.191369734845829953e+02
4.037410788548368146e+01
-3.227853429787865025e+01
2.063257739420914731e+02
3.588705210327971145e+02
5.297854294068201852e+02
7.644005900993724936e+02
9.742546033452199481e+02
1.194382247158006066e+03
1.311000721985019482e+03
1.450324586099504813e+03
1.226122590791517723e+03
1.344509933921079210e+03
1.424894480397135339e+03
1.198887999961185415e+03
9.973508253978070570e+02
9.204162810285706655e+02
7.195498348684159282e+02
6.731533224899321795e+02
4.430478210114015383e+02
4.369694641526257328e+02
4.529336845323268790e+02
3.543006816779088695e+02
3.711884134931933659e+02
5.616850781222819933e+02
5.596603672041273967e+02
7.314510191309127549e+02
7.680112305240363639e+02
8.542774855556926923e+02
9.867511279482641839e+02
1.087819560539683152e+03
9.756688768761159736e+02
7.560159441795840394e+02
6.301120750066511391e+02
3.204848188077485247e+02
2.443867575344593206e+02
3.828620067000920244e+02
1.043676664538288605e+02
5.512276676968758693e+01
-1.485478193034214200e+01
3.331171877299675543e+02
3.199375073222909123e+02
4.769045639156029210e+02
6.713111142113884853e+02
9.313582914970393176e+02
8.342398839579691412e+02
9.101841481154915527e+02
8.805711679337946407e+02
7.457902873285711394e+02
5.871460631014633691e+02
4.843405047076885239e+02
1.668182936633238569e+02
-5.719861483081331244e+00
-3.583835027970053488e+00
7.057032458447793033e+00
1.186771001332308515e+02
3.495345301933484734e+02
5.689370565542631084e+02
7.376758736938718357e+02
9.683784091036286554e+02
1.044910551784509153e+03
1.495075420050456160e+03
1.427669121686962171e+03
1.303178608367437846e+03
1.294155647347914055e+03
1.139537885493278736e+03
8.802776308220054489e+02
6.185196852859189676e+02
3.297629813886269403e+02
1.412658579403796466e+01
-8.028099564908188768e+00
2.861813323759124614e+02
3.247757029679814877e+02
5.132041681347254780e+02
9.302029156002390664e+02
1.244114712215658074e+03
1.361682509149162797e+03
1.444911371883652464e+03
1.792282364062841225e+03
1.780937230051840743e+03
1.662997175176995370e+03
1.554942078459669574e+03
1.358857968688349501e+03
1.216200332514676120e+03
1.081153330782384728e+03
6.922909463053329091e+02
4.240950973834187607e+02
2.628476621305671870e+02
2.084875708734471118e+02
-3.059376548127329443e+01
1.530643641848037078e+02
2.397089515475236112e+02
5.604945450574123242e+02
9.113832858653804578e+02
1.077664261791080207e+03
1.233364766535491071e+03
1.285017624811051064e+03
1.000713857932667452e+03
9.354925750903748849e+02
9.913843870044693176e+02
8.665112858922220767e+02
7.806563127732842986e+02
7.742855912410122983e+02
9.304812051530352619e+02
1.031707665866782918e+03
1.005901476838418603e+03
1.242796758352244069e+03
1.212449306837414042e+03
1.004560491649233882e+03
9.829897845905652503e+02
9.146994154814710782e+02
7.837130613139670459e+02
9.047818428453319939e+02
7.467132362510274106e+02
8.413709035008323553e+02
9.881879839734974666e+02
9.742196116020677437e+02
9.597383657654936542e+02
8.460393155623169150e+02
4.403499628526806191e+02
3.444832468135027739e+02
1.453755790437171527e+02
-2.812814631128276233e+01
1.765694151046336628e+02
2.634322292187571293e+02
4.611157112688997586e+02
6.412818602421029937e+02
9.241819401095744979e+02
1.052101424178104935e+03
1.456820800984489324e+03
1.631650615518770792e+03
1.557461883099000261e+03
1.551738597846680932e+03
1.426568596787230490e+03
1.338548660419193766e+03
1.208008534451055311e+03
8.907038823351613246e+02
8.529346964498836314e+02
5.400075698811924667e+02
4.187710232229692338e+02
4.287446415409140172e+02
1.869344788207454258e+02
1.533218093453797337e+02
-1.831169473989575636e-01
5.813471984122952563e+01
1.276330583120761730e+02
1.085140898562858638e+02
4.656993049000593601e+02
5.726213811175221053e+02
9.550041952965948440e+02
1.370741137133354641e+03
1.239215624952201324e+03
1.448881544434938405e+03
1.523437832223422447e+03
1.489850325271883776e+03
1.268707307433382084e+03
1.091991938893166662e+03
1.000060017916424840e+03
1.015732383410762850e+03
7.441878820104757324e+02
7.470186625706082850e+02
5.948677616154818679e+02
3.172323126595547365e+02
1.453391094630751468e+02
1.125153381305135554e+02
1.312853127464695717e+02
-3.362213391200202750e+01
1.186889988957482274e+02
4.076643408866402751e+02
4.570033463521867816e+02
7.462667969004760380e+02
9.969598518471793795e+02
1.385542595143590006e+03
1.437918122435796249e+03
1.817879641652074497e+03
1.644324069887661608e+03
1.638897933627511520e+03
1.722297619831195334e+03
1.688466025610941870e+03
1.714484437788494688e+03
1.772729551426313265e+03
1.657893410452121316e+03
1.456529709522768826e+03
1.341220424429840932e+03
8.945731844769616146e+02
6.724926978719486215e+02
5.301038677462747728e+02
2.036345956705372373e+02
1.117429853712019394e+02
-1.607062156792017049e+01
3.674413002291476005e+01
1.556550827728678996e+02
2.994871721228410024e+02
4.712092359276321076e+02
7.968388394409412285e+02
9.892495357163898007e+02
7.182456649799823936e+02
5.482842068448480859e+02
1.877098036352763302e+02
1.654884277786295570e+02
1.050848444831462984e+02
3.212810558186902199e+01
1.648071187059395015e+02
2.739650526044897560e+02
2.489623151057166979e+02
5.151760379776824266e+02
4.621798371379227319e+02
6.685634483039866609e+02
7.892677548250794644e+02
9.102564726809287095e+02
9.057247776926487859e+02
6.374050228444721142e+02
5.079463201781254611e+02
3.645101187920554366e+02
2.357554972470679786e+02
2.297911807430900808e+02
2.699674417769965657e+02
1.250609508960478706e+02
2.446100693552471057e+02
3.551509770398952242e+02
3.198398205777302792e+02
3.301595544450538000e+02
3.570692211313034932e+02
4.047895681190311734e+02
5.232497539132127713e+02
3.607596678650370450e+02
3.761084706095025467e+02
1.042901583651218971e+02
2.458989361581043340e+02
1.553272009352222085e+02
5.876802288217368186e+01
-1.786731982661149232e+01
2.212076006142342521e+02
2.531926550942225731e+02
5.496083810393392923e+02
4.632251323323362158e+02
6.585468265087038162e+02
8.289170609682405484e+02
9.006591647713648854e+02
1.352894766991343204e+03
1.441942891041348048e+03
1.579388284435488458e+03
1.477388132639716787e+03
1.343297237644885172e+03
1.274000660765137582e+03
1.050471312091136497e+03
7.307502099335360981e+02
5.319567647360454430e+02
5.141418258027115371e+02
1.499288488171005156e+02
3.447676745358694461e+01
-1.386210734867563588e+01
1.645654813744113198e+02
1.471318206990108592e+02
2.958333154631873185e+02
2.670652124360276503e+02
5.257618232434397214e+02
6.055607887422229396e+02
5.162734150736760057e+02
6.772480898685025750e+02
9.254738484599838557e+02
8.716841376313823275e+02
9.289308605398073269e+02
9.737505862033649464e+02
8.205767906159526319e+02
8.240025719846817083e+02
7.773457730972586432e+02
6.336180550579774717e+02
7.867507518681159127e+02
8.067674508333366248e+02
6.263661968455380702e+02
6.943470146473591740e+02
8.142644567446477595e+02
9.361717136761108122e+02
9.828731539093496394e+02
8.829471367762125737e+02
1.019146998832988174e+03
8.969298884001764236e+02
7.752185027084306057e+02
5.947399813634401653e+02
5.167528106086356274e+02
4.997008408696055994e+02
4.706421095854566374e+02
1.251908004293036356e+02
1.217845262926566647e+02
1.336498149698782072e+02
8.563783937563130166e+00
-2.129358265018163365e+01
1.765385694155702367e+01
2.234214075701456750e+02
2.219084932319383370e+02
1.838329899685231794e+02
3.029888177131178963e+02
3.367770286979321099e+02
3.562355335776810534e+02
2.813505054571432993e+02
2.620998960755787266e+02
2.977466275600891095e+02
2.966644679283817823e+02
3.558498824585803959e+02
4.754810761444059608e+02
4.606781334591178165e+02
6.554252711074477702e+02
6.824247575178706029e+02
7.640445759994436230e+02
6.622398872051489889e+02
8.019878817006501777e+02
7.159222889220036450e+02
7.150994966354846838e+02
7.017911869159506750e+02
5.610867156839412928e+02
4.211209921263107390e+02
3.425447910126131319e+02
2.474413716321105312e+02
2.051508903559879400e+02
1.061345603751724411e+02
-9.980535589809733210e+00
3.728943340406476636e+01
9.890453205728044850e+01
1.426765753505860630e+02
1.451272418866574299e+02
4.399703852894490410e+02
6.587485209008846141e+02
6.771807906582362193e+02
6.570358311828531441e+02
8.888281555776047753e+02
1.023051374601851421e+03
1.048179013724569813e+03
1.090260057844930998e+03
9.416468968091176066e+02
1.035735722467539745e+03
8.098812566584601882e+02
8.136184203406955930e+02
6.859660518298405805e+02
5.680723041595047107e+02
5.380342227742730756e+02
5.615553256240418705e+02
4.237131264223135076e+02
3.106709704050554137e+02
1.059065890349957044e+02
7.155484974216233240e+01
-5.894115940434858203e+00
3.101639633394006523e+01
2.086821477117700852e+01
1.516828688248897379e+02
1.071726667201801320e+01
6.631821139557723654e+01
1.891003989300079411e+02
3.934124642813549144e+01
-1.382882974026506417e+01
3.342674985469784588e-02
1.099371259679865034e+02
8.651454629024010501e+01
4.053801817376515828e+02
3.493599681272717135e+02
5.816585385183570907e+02
7.195244473153361469e+02
8.100310091333340097e+02
9.440004790169150510e+02
9.370092757953680120e+02
1.145949054722132132e+03
9.065204541562925442e+02
1.160029845532699255e+03
1.135158097572682891e+03
1.016374685058490286e+03
9.802031676173210144e+02
9.771795803708482708e+02
7.520761085252670455e+02
8.924148052297823597e+02
9.330850228308918304e+02
9.153376453628079616e+02
1.080773662010098633e+03
1.246718571251276444e+03
1.693944299247868912e+03
1.820786370577894559e+03
2.298111178770366678e+03
2.596600183244721848e+03
2.746386427657700551e+03
3.031864506283738592e+03
3.203500455530964246e+03
3.290456917233557760e+03
3.108100805217181914e+03
2.945124914894175163e+03
2.574920460600096703e+03
2.260852682356944570e+03
1.823883422858652921e+03
1.315878072250165133e+03
7.159330846650118474e+02
2.358957739543911885e+02
8.065820122983495821e+01
-1.827964775527652819e+01
-7.075494213733691140e+01
6.874072892535696155e+01
6.443018112984063919e+02
1.143586269657873345e+03
1.804975116696892655e+03
2.023757833682528144e+03
2.525198694385420822e+03
2.980448020764251851e+03
3.410962285520989099e+03
3.620813902006466378e+03
3.470333562165455078e+03
3.384307631891606434e+03
3.465689250818591972e+03
3.372030250194678956e+03
3.405227250548326992e+03
3.189812846687251294e+03
3.085302190956899722e+03
2.988675603786090505e+03
2.738500627438999800e+03
2.257789987405427382e+03
2.086327409851059201e+03
1.751137266104433365e+03
1.492122804002436169e+03
1.082649934688342910e+03
8.331061078561906470e+02
6.636521599078514555e+02
3.400906851660038228e+02
2.801832583434006665e+02
8.035821776248485548e+01
4.798777974279801128e+01
7.766408486968430225e+01
5.143874058372603031e+01
-2.081206021509569837e+01
8.894526534673059359e+01
1.976984913843989489e+02
4.089919878888031235e+02
5.491848378207796486e+02
6.467683189702875097e+02
7.774288719765027054e+02
7.285797326661704574e+02
7.033987829302568571e+02
7.183875073724557296e+02
5.809315022593655158e+02
5.725608013151650084e+02
3.651707757909753127e+02
4.017220466054204735e+02
2.570378738347790204e+02
7.862944086936477106e+01
1.350485250478814123e+02
2.215008106303430395e+02
3.779906013348227134e+02
3.300712518118525622e+02
3.747938424471067265e+02
5.145930584689704119e+02
6.145040591693905299e+02
6.103457948560535442e+02
5.259796276834604214e+02
4.523690779884200310e+02
4.813418631897511659e+02
3.942703783492688672e+02
2.565080848592042457e+02
3.127706438662135042e+02
2.885472135057862033e+02
1.304144169500359567e+02
1.955120687479575281e+02
3.398482747735470184e+02
2.610151851600821828e+02
2.549300421241059666e+02
3.464552519659409882e+02
4.662254816287968424e+02
5.158256913964287378e+02
7.579872246791273938e+02
6.772471673995387391e+02
8.797872424212946498e+02
1.031671924610782298e+03
1.381416420239133004e+03
1.529668478068539116e+03
1.410586415317178762e+03
1.471056848984648241e+03
1.516148741235996567e+03
1.405199258284479583e+03
1.264708566287205031e+03
1.193875011898358935e+03
1.081838003250162728e+03
7.929576483331766212e+02
6.196626235741823621e+02
2.095586951402474369e+02
8.683218119853700045e+01
-4.809887344207527349e+01
6.634617793937650276e+01
1.892622783561637334e+02
2.509783595949120354e+02
5.591148230016187881e+02
9.753846051458094735e+02
1.274824095166492043e+03
1.543765290801144147e+03
1.826377830526220350e+03
2.075513306769251358e+03
2.090718962016366277e+03
2.114667813130370632e+03
1.994650978803241742e+03
1.951169890988883708e+03
1.783439578261175484e+03
1.597633116436350974e+03
1.389564127528210520e+03
1.265149278929424327e+03
1.020080013465514639e+03
6.993369066846425994e+02
4.652485722150377114e+02
3.145986466706235660e+02
3.305936243085379829e+02
4.485152027722506318e+01
5.024976505629456369e+01
7.672688345062488224e+01
-6.161835842289292486e+00
1.623135649075993570e+01
4.970649947325728135e+01
9.908821309387712972e+01
2.323726973228949646e+02
3.402814165042655077e+02
4.403087446648460173e+02
3.657714299957478943e+02
3.083714454364817357e+02
4.414516941793626756e+02
5.705685921001349925e+02
6.359449184229233651e+02
5.048589567011076724e+02
5.862401907968960586e+02
7.221650605732538679e+02
6.832621744219104585e+02
5.768631301223576884e+02
6.305677821243443759e+02
9.254765649663240765e+02
9.234443510223645717e+02
1.110030289379894384e+03
1.232150835364038358e+03
1.413432362921197637e+03
1.886354184214629640e+03
2.200873831200293353e+03
2.268291712555103004e+03
2.365739730822129786e+03
2.403812151089128747e+03
2.254695991340351611e+03
1.979390075543691637e+03
1.630845227337485994e+03
1.239970020437893254e+03
7.409856422454613494e+02
4.390038353799900506e+02
2.622580829168364289e+02
1.461505390787970100e+02
1.276354794076360122e+02
-5.519875432502158219e+01
1.707248922081562341e+02
3.460744643171237840e+02
5.227436067523485690e+02
6.986313195402071869e+02
9.796557939446429373e+02
1.282254290748143831e+03
1.553300322703060374e+03
1.652763858395941497e+03
1.839007985648895556e+03
1.904865015612816933e+03
1.976068908336546883e+03
1.969901310452962207e+03
1.882146672468774341e+03
1.678003699160592078e+03
1.442553321207746194e+03
1.235022231981722143e+03
9.414791827549670415e+02
9.379588559852927574e+02
9.675632065501049510e+02
1.014474974350297998e+03
1.308802988197003287e+03
1.578371106846643670e+03
1.800886354990998370e+03
1.907620798756110162e+03
1.969288128524854983e+03
2.067928072337665071e+03
2.036439762517329655e+03
1.780768184243486758e+03
1.634629081202339876e+03
1.507688557240198861e+03
1.204588683480578766e+03
9.812898441374272807e+02
7.567789193324206281e+02
6.927352387618884677e+02
3.846131196748501679e+02
1.989225543789470976e+02
3.901786956453724997e+01
-1.422697858258470660e+01
-2.055509997553963331e+01
1.063771372423325374e+02
1.067656487308886426e+02
4.358422921147357556e+02
6.961340419715997996e+02
7.814416053682580241e+02
9.998064571344875731e+02
1.268539435409125872e+03
1.296747746231540077e+03
1.192737015125068865e+03
9.250296226520986238e+02
8.277811569501427584e+02
5.152620354039099766e+02
4.241539309684740147e+02
3.293384194319078233e+02
3.811128385011506907e+02
3.543307889024617907e+02
4.800061347308983386e+02
4.534112661271428806e+02
7.999837048355511797e+02
1.046227183376398898e+03
1.125118605443312845e+03
1.209135709990339819e+03
1.121380380412098020e+03
1.145891294064109388e+03
9.307276053641217004e+02
5.648303850201518799e+02
4.650661274996164138e+02
2.204549740302682039e+02
1.047702876484945591e+02
4.591028254933917196e+01
-1.022788098012824776e+00
-1.015149932698113844e+01
8.729687569168891059e+01
2.803854490985759185e+02
5.839402962534768449e+02
8.211070485446871317e+02
1.061849683457996434e+03
1.373486886849899747e+03
1.888386806482463726e+03
2.036894648288922326e+03
2.248177434563291172e+03
2.189520109809680434e+03
2.205156050077741384e+03
1.854615265037806239e+03
1.425339299410363310e+03
1.121364859072968102e+03
1.004739412017668656e+03
8.444396425631239254e+02
7.944255625164514640e+02
7.894719280764438736e+02
5.770174881265011209e+02
6.440153187932119181e+02
5.628994883642844798e+02
3.362989317606807163e+02
3.456528094570821850e+02
1.728365259078491363e+02
5.904175751191723975e+01
-4.165873660795841715e+01
1.674950843798505957e+02
4.199194040116963151e+02
7.455989090067450888e+02
1.146572559449108667e+03
1.330548654344889655e+03
1.617342314522418746e+03
1.862404521981959988e+03
1.899366576166023151e+03
1.752392787119890272e+03
1.601967355797190976e+03
1.399089538806343626e+03
1.213202531303890282e+03
9.706312198279774748e+02
6.233123077602685953e+02
5.403591755426059535e+02
2.978830474194619455e+02
1.547502862522233045e+02
1.269887447750043066e+02
7.002698524089646526e+01
-1.860707429113972466e-01
1.385727243181790982e+02
1.087408534916321514e+02
4.296644397432355618e+02
3.672695952348512947e+02
4.714104274164419621e+02
6.566738124628936930e+02
6.926674761040958401e+02
7.583494816990205436e+02
9.487345741242388613e+02
9.466779891583901190e+02
9.600968983555685554e+02
9.097589812286096276e+02
9.168454137007793179e+02
8.668881624013847613e+02
8.777819789628338185e+02
7.993496912634182081e+02
6.937386285273059912e+02
6.071350546674329962e+02
6.073798778200653032e+02
5.323591313337019528e+02
5.053541574368937290e+02
5.072151251581926772e+02
4.062078773835419270e+02
1.990494789214862976e+02
1.119115177030944324e+02
-1.391310192999662831e+01
7.034539508280431619e+00
1.037400233133266738e+02
2.310849492629822635e+02
4.478219788911737851e+02
6.172752669689980394e+02
1.001525951192154025e+03
1.178433176390422886e+03
1.483933217851637892e+03
1.413390593403095409e+03
1.412965559755200957e+03
1.265668416354656074e+03
8.236890298178332159e+02
5.361997354904233362e+02
3.367856463143980363e+02
1.271582691164985590e+02
-1.656929122997098602e+01
1.436975717476525460e+01
1.180444934564366122e+01
2.051024416622494755e+02
3.054235160240714322e+02
5.914825617185524607e+02
7.988816320274563623e+02
9.007420453794256900e+02
1.131213981753353437e+03
1.246647814338906755e+03
1.351495269662686042e+03
1.438526472221717995e+03
1.532637820187766920e+03
1.440063971194776968e+03
1.350133004042469111e+03
1.480219027047987765e+03
1.337783389107411494e+03
1.286907089420219563e+03
1.325311647437389183e+03
1.378976248607563321e+03
1.173937669720049598e+03
1.075405992331470770e+03
1.160920756928269839e+03
1.020166763194607483e+03
7.033833301387385291e+02
5.424356575197271013e+02
4.757179008126804547e+02
3.841787276695722539e+02
1.337881618469436944e+02
-3.553809198495946475e+01
6.599395767874011653e+01
4.142743298525092541e+02
6.096362357308025821e+02
5.838934422165984870e+02
8.182700111116573680e+02
1.058409167445042840e+03
1.301843004767677485e+03
1.251965241819565563e+03
1.339042702781032858e+03
1.401113515226086747e+03
1.431686032131539832e+03
1.277495099911149737e+03
1.069875676962139551e+03
1.062522684929223033e+03
8.234408549326144566e+02
9.159039449770752981e+02
7.512789644966323976e+02
9.160598171659694344e+02
8.340444675105463830e+02
7.416757190678727056e+02
5.152485843974063755e+02
4.674581747226548032e+02
6.386644293910503620e+02
8.387468902881373651e+02
1.010378741803146113e+03
1.171527071195258031e+03
1.332933998591048294e+03
1.493077330207346677e+03
1.361399308913474670e+03
1.389228719934362744e+03
1.354846474315225350e+03
1.027316738683330186e+03
5.958903297748729528e+02
1.944989023700982216e+02
-2.151837612444069237e+00
-1.266613737282023067e+01
-8.858219527133769589e+00
1.001262467223350541e+02
4.486561223256139783e+02
7.727702075106644770e+02
1.217259682110357971e+03
1.346308880272255919e+03
1.597231387381201785e+03
1.967195995636939188e+03
2.161633524705135642e+03
2.255631957122302993e+03
2.432870627515967499e+03
2.489941396281839843e+03
2.575447476043955248e+03
2.412568304317213915e+03
2.263436732716207189e+03
1.929339680767097889e+03
1.377687688037935004e+03
9.038573355649386940e+02
5.136622897512861528e+02
1.913881575682498806e+02
3.839149184971756767e+01
-5.849001989787211642e+00
-2.592928546455004835e+01
6.822492092456377577e+01
2.277076986658503301e+02
2.198041211736745026e+02
1.592271486987992830e+02
2.426263127327474649e+02
3.141103984457186016e+02
1.291225976140485727e+02
1.472815203449863475e+02
1.689829141911322949e+02
2.001435377282141417e+02
4.344175015490436635e+02
7.605127902043204813e+02
1.081366445984996972e+03
1.248194529860509647e+03
1.386356722848599020e+03
1.577902112619787658e+03
1.610079831960538286e+03
1.728054749482053012e+03
1.867544426864798879e+03
2.008640813168094610e+03
1.749781011297207442e+03
1.581391506207844941e+03
1.320472021642199252e+03
1.063941049904151441e+03
8.672485411411216774e+02
4.045650054000725504e+02
7.713465160779014695e+01
-2.299159998015966266e+01
1.763235844971859478e+01
4.686646903647488216e+01
1.867256694689131109e+02
4.910405389642801310e+02
1.072947409702159348e+03
1.489755647617959767e+03
1.736854718064674671e+03
1.989688540226019541e+03
2.139256679038295260e+03
2.353582001955164742e+03
2.397567057467127597e+03
2.168656342607118859e+03
2.032434118612491147e+03
1.677423508601870708e+03
1.456024019940061407e+03
1.209152617806990747e+03
9.727064814628683962e+02
7.848067857687565265e+02
6.741437478936422849e+02
6.840814623928163201e+02
7.211999591087442241e+02
8.249317218095675344e+02
1.094289152113080490e+03
1.151903887006239529e+03
1.334308792479172553e+03
1.589457890788224177e+03
1.723130295847218804e+03
1.418581962209496851e+03
1.271638587168308732e+03
1.100928926507211145e+03
8.839626459797291318e+02
4.241845926530986617e+02
6.731092488110516570e+01
-5.869546809877283522e+01
1.111714253224927234e+02
3.213610081548067683e+02
5.302827736810431816e+02
8.072757467135161278e+02
1.385026395527169370e+03
1.971037121728983038e+03
2.242658025416320015e+03
2.403253381539296242e+03
2.439788058466514485e+03
2.664857995546837628e+03
2.789382350842719461e+03
2.776728087641899037e+03
2.792975288727026054e+03
2.825346962591538613e+03
2.840774930981537182e+03
2.742230746389468550e+03
2.556002593064305984e+03
2.301138007133573410e+03
1.894856723735625565e+03
1.304032272654134431e+03
8.373384526119371003e+02
3.874260665472502296e+02
2.557421704896660231e+02
-1.386894537101397873e+01
1.343804927167002461e+02
2.918048118948718184e+02
7.791626520906320366e+02
1.263465792747549131e+03
1.809092069262420409e+03
2.311488474361038243e+03
2.711584531546683138e+03
2.783095533210936992e+03
2.798974889253622678e+03
2.682267515497853310e+03
2.566164093905801565e+03
2.544830431361333467e+03
2.453092038276612584e+03
2.533741493058165361e+03
2.656117755824936467e+03
2.596991887364496506e+03
2.583033318315716315e+03
2.424551937693031505e+03
2.145040499937978893e+03
1.995837644864128379e+03
1.537282702597865864e+03
8.533959162128703611e+02
2.475010769684995466e+02
-2.472278174942039186e+01
-3.778201092362724012e+01
-1.136750275565282209e+01
5.581156689647104940e+01
4.488991085570487485e+02
1.160094982534585142e+03
1.666747587435609603e+03
1.965998390427084814e+03
2.395460647637319198e+03
2.555016969652831904e+03
2.456330765297512698e+03
2.341596173107285722e+03
2.055485306712384045e+03
1.559755322235578205e+03
1.226616753290469205e+03
8.917629778578630066e+02
7.977038825900854135e+02
8.953087740171467885e+02
1.123237619526909839e+03
1.378087488685825519e+03
1.769314360525964730e+03
2.130778741541776981e+03
2.192769196050088794e+03
2.308735822832131817e+03
2.293574970615587517e+03
2.245101977411384723e+03
2.010701449886200862e+03
1.799596776687460078e+03
1.563131439823591791e+03
1.268971549450023304e+03
9.249742616054136306e+02
5.815806519879115513e+02
3.174939874174851866e+02
6.543802284807316028e+01
-4.882326831131649669e+00
-8.614047923656471539e+00
2.279854654234841291e+02
3.928227796480678080e+02
5.276758583089031163e+02
8.928055551172619744e+02
1.218666358911770658e+03
1.745872704178491404e+03
2.022802095738890785e+03
1.847401718495351815e+03
1.512178502060247411e+03
1.243705057196835696e+03
8.210205329824493674e+02
3.642235321270418353e+02
9.125122674722297234e+01
4.867167135056661209e+00
-2.463386459992761957e+01
3.289267669522814685e+01
2.341979361963203701e+02
6.336408142562868306e+02
1.126029420486378513e+03
1.666378094614054135e+03
1.948577246550208656e+03
2.135785826678664307e+03
2.221991175569823099e+03
2.363880197363268962e+03
2.313408403939327400e+03
2.293106362576603715e+03
2.470683092286690226e+03
2.290683359769882372e+03
2.036891835154199725e+03
1.768075027358445368e+03
1.601082965036852329e+03
1.354942745029917205e+03
1.220838363192746328e+03
1.127823627278987260e+03
9.513199652005951066e+02
1.090759939750269041e+03
1.136585964894042263e+03
9.621530207306786906e+02
8.799923692314914661e+02
1.388611540394462281e+03
1.440355506568805140e+03
1.139606553425339371e+03
5.515608346317494579e+02
-2.094857179448808893e+01
9.775700797345780302e+01
-3.883669220392039279e+01
-2.793730235282055219e+00
3.438832678259877866e+02
1.060298974999654092e+03
1.861113025799548268e+03
2.441777528379876458e+03
2.690742514817478877e+03
3.132588560962602060e+03
3.536992779662868998e+03
3.500338890036939119e+03
3.186999753101652459e+03
2.817133249520244135e+03
2.473365234425487870e+03
2.016658748340985767e+03
1.610151717390792328e+03
1.285209703653039469e+03
9.816115546675209771e+02
7.744605087499912770e+02
7.028025774395191547e+02
7.271718556930718478e+02
7.879741066319711535e+02
7.569367459056720691e+02
7.852195764775387943e+02
8.529821812974332715e+02
9.361524082136838842e+02
1.089312730896295761e+03
1.116760010572972533e+03
1.160647910562653124e+03
1.207802972792800574e+03
1.133736817458087899e+03
8.795495890700676682e+02
8.581777710538663086e+02
4.494859577756615181e+02
2.508124037880043034e+02
6.583886528846596775e+01
5.805764507305684674e+01
-2.235477515590719122e+01
1.157494964154611807e+02
3.062709611639129434e+02
6.433447846332455811e+02
9.222365173009638966e+02
1.112533904285744939e+03
1.235839086590896841e+03
1.297599223096649439e+03
1.296175137036058004e+03
1.129077840807061875e+03
8.834254865533494012e+02
6.262360945183754666e+02
4.041928469101130759e+02
2.282789216648252477e+02
1.466204447821546637e+02
1.452840847220304568e+02
5.968434480860560143e+01
1.144965886985573889e+02
1.319293965819542791e+02
1.934355075885414408e+02
2.908976806727259827e+02
4.411706888774824620e+02
6.328415699614852201e+02
7.298697090600835509e+02
8.729550855051711551e+02
9.858561658137223276e+02
1.085876163909379102e+03
1.254783583512955374e+03
1.315410584054914580e+03
1.216850181674528358e+03
1.097700774089707920e+03
8.134123486703956587e+02
4.838521554462167842e+02
2.058258249562350102e+02
7.995979330261252471e+01
-2.286916790518989728e+01
2.154328476575210516e+01
9.367513096503898851e+01
1.080823865966958692e+02
1.716713774702930095e+02
3.521292660240869736e+02
4.831382837541077606e+02
5.400209855536304531e+02
6.311612686672015116e+02
6.588179941369617154e+02
5.042081295165971824e+02
4.721123960805653041e+02
5.245922437067074497e+02
5.911975360901287786e+02
6.435552958377793402e+02
8.218733763566815469e+02
1.007403046740395439e+03
1.261832634800714004e+03
1.394203910207743320e+03
1.432128229897860365e+03
1.520012746954502290e+03
1.465243309463610785e+03
1.226890555672800474e+03
1.038858205592427112e+03
1.009440457238661111e+03
9.069507034327543806e+02
8.841392965511331568e+02
8.143238960048656736e+02
5.835880918527218455e+02
3.882509444559582334e+02
3.079494042992737377e+02
2.311100220602893387e+02
1.016572598424500029e+01
-1.585362176136004564e+01
1.170983107237952936e+01
-2.601549680692187394e+00
9.641565667947907059e+01
2.457214980439257488e+02
5.353869139455964614e+02
9.099258218567174481e+02
1.237644739239891351e+03
1.301072758927439281e+03
1.276538168325030711e+03
1.266887123988331950e+03
1.216244077033879876e+03
1.010569440139453945e+03
8.071702186085076391e+02
5.376706740099998569e+02
4.561702492485001130e+02
4.233747929142791691e+02
3.136233000743832235e+02
1.506886398292390368e+02
3.257029728512316069e+01
-8.813130157452178537e+00
3.540994844103079231e+01
9.964077198877930641e+01
1.624250871631193149e+01
3.945305623703461606e+00
3.203920804449808202e+01
1.196366398557020148e+02
1.686487148176292976e+02
2.861570184680731472e+02
3.108766363058475690e+02
4.152592789048230770e+02
3.906266464828986500e+02
3.649653550051953061e+02
3.543675205410290801e+02
4.885419396946617780e+02
6.100651756918359752e+02
6.932770949074092641e+02
7.184328250750622828e+02
7.386717617491231067e+02
8.208433887330666039e+02
8.377023524211526819e+02
7.661830127243410971e+02
5.932281681692402344e+02
4.471021087459466798e+02
2.982373396581988345e+02
2.133941953035046026e+02
6.774281670785239839e+01
4.763324987373562180e+01
-1.390815770869266998e+01
1.267234067708068324e+02
9.873030293940792035e+01
2.778761882371145475e+02
3.916525274247724155e+02
5.479483450741990964e+02
6.959390938150863803e+02
7.344346567631782818e+02
6.463678602851650794e+02
5.037894467897676805e+02
5.750427619436177338e+02
4.420901190858785412e+02
4.408546641645825730e+02
3.808753497794295981e+02
2.201554503327006387e+02
1.029094685320978897e+02
2.545912637489891495e+01
1.328602358217503934e+02
2.155090709896758199e+02
2.934831801780383103e+02
3.644848550957813131e+02
3.564066326260817732e+02
3.869055843563583039e+02
4.298598352698627423e+02
4.555887398974409734e+02
5.065427857379472698e+02
7.425539627404959901e+02
8.552044163171085529e+02
8.275659035593307635e+02
7.696768903810370830e+02
7.263813158918092086e+02
4.737977865462453337e+02
3.453141826070550451e+02
2.580041318812891404e+02
1.089205284664749342e+02
1.813918992098115268e+01
-5.192817170764101320e+00
4.887051847446309694e+01
1.196863772385750053e+02
2.351710871841951302e+02
2.608729601944578462e+02
5.259469408754266624e+02
6.602998416594800801e+02
7.186911558189931384e+02
7.358639226979812520e+02
5.157680074933014112e+02
4.210211224394570309e+02
2.385986367250370677e+02
7.999499526429281104e+01
6.743822852692755987e+01
-1.507149403490984696e+01
4.677920131666905945e+01
1.113742633556958026e+02
2.135366213661418442e+02
1.271677769199850445e+02
2.620317712751711952e+02
3.582700013134326582e+02
6.411277505591187946e+02
6.996027249476028373e+02
6.274420006575364823e+02
5.803716282079494704e+02
5.311376794038460503e+02
5.835828023220674368e+02
5.840296582741648308e+02
7.595419361513959302e+02
9.565988242681160045e+02
1.062426588320353403e+03
1.064885316402347598e+03
1.045729430846815376e+03
1.008964045254715529e+03
9.397129714536713436e+02
8.553769464752440399e+02
7.666355519378976169e+02
6.160135405255550722e+02
4.660551778347562504e+02
3.125060043701996619e+02
2.084130416069820058e+02
3.301647513979878568e+01
-5.956864484867764986e+00
3.320403445422562072e+01
2.292298677100152418e+02
3.359326921296178625e+02
4.215835850674484391e+02
4.652456680519117072e+02
5.417620340323082928e+02
5.438591347926758317e+02
4.839467785592414657e+02
3.992001938244056873e+02
5.046175655379647651e+02
4.751671570399867051e+02
3.286946863979092086e+02
3.494530940234781156e+02
3.172196108111356807e+02
2.106479988424862313e+02
-9.727145894152272376e+00
3.532933823833172937e+01
5.496051663405523868e+01
7.924429166480513231e+01
-2.042419172429617902e+00
1.586849253118725755e+01
3.276439971782565408e+01
4.306766447110840090e+01
6.814482423063145689e+01
1.664118436292719707e+02
2.771392543782449138e+02
4.876401425940512127e+02
6.481725932598656073e+02
5.149598350029664289e+02
5.117731529365310053e+02
4.786828633272298248e+02
4.896851324088702313e+02
4.004555410937427951e+02
3.671076235305845330e+02
1.998934022281746365e+02
1.615238492816324651e+02
2.461683296675764723e+02
2.160706231289595962e+02
7.072179582149237831e+01
-2.683945260005202726e-01
4.860206024758826970e+01
4.558902004403807950e+01
6.187765266643236828e+01
6.933922389416238730e+01
1.032288516972948855e+02
1.562611828177887219e+01
6.227174688231389155e+01
-1.176328147773347155e+00
6.087717090219484817e+00
1.295676452565221553e+02
2.049259336529084976e+02
2.308982043859050464e+02
2.204484052956831874e+02
1.866524753644807788e+02
2.232853505394077729e+02
2.401915145065277102e+02
2.957988739856782558e+02
2.365001996590854105e+02
1.744654565406608526e+02
1.827089561811253589e+02
4.449195815174152813e+01
4.359516160929888429e+01
2.583192384741323622e+01
8.951553268035513611e+01
2.760924733958654542e+01
3.220680479350721725e+01
5.682132172646925028e+01
7.021665517108522181e+01
1.249809276603336912e+02
1.580665442438130412e+02
2.276985283273088498e+02
1.861737223101545169e+02
2.459018653002376595e+02
1.051952473947194449e+02
1.113912680055882447e+02
1.314805284707927058e+02
1.048273636896774406e+02
1.034621105764736058e+02
1.064523627306725757e+02
1.883107151357580733e+01
-6.132578019150969340e+00
5.635724726865191769e+00
4.938922733978688484e+01
1.036425996328898691e+02
1.159004728174340926e+02
2.103831119774631588e+02
2.032520859606665908e+02
2.935831483127103638e+02
3.168871036713599096e+02
3.992273976121377927e+02
3.654090741348099982e+02
3.800783067753927753e+02
3.046195082905796880e+02
2.911609712290046446e+02
1.630689682600350352e+02
1.735009424383006262e+02
3.204249434362372995e+01
7.100014087103136262e+01
4.136320262207482301e+01
4.143179700886412320e+01
5.495105386752857157e+01
-3.065374113000871148e+00
4.739197203753064969e+01
6.465311817506699299e+01
1.525228556046104131e+02
1.810734683906512146e+02
2.638014093436968324e+02
2.917870827179604021e+02
3.248904123153406545e+02
2.871171555824548705e+02
2.998948698171279830e+02
3.299033905516680534e+02
3.287041725401004442e+02
3.211978816680230011e+02
3.219451368552336135e+02
2.998033841188780571e+02
2.792994634088299790e+02
3.000626194591595777e+02
2.071581979498805595e+02
1.729300231613924552e+02
1.835456644976293319e+02
9.988652811144402222e+01
8.637578293069782376e+01
7.119170994285013876e+01
-4.618869626927335048e+00
2.027566110966927226e+01
3.801307352954881935e+01
8.253432666682874697e+01
8.879854457076180552e+01
8.615847944982670015e+01
1.613516515872634045e+02
2.139423633549677106e+02
2.873647642044597887e+02
3.816095478211300360e+02
4.069562115887747495e+02
3.988966299812082070e+02
4.044045443320746926e+02
3.298627437021295918e+02
2.902071380577226591e+02
2.768339822895977704e+02
2.224673616922300425e+02
1.485373165781902571e+02
8.847120163198087539e+01
7.478526829588690816e+01
2.686101132790281554e+01
7.799256422324560845e+01
3.380977015873077107e+01
2.258921928867630413e+01
-4.561390112080061954e+00
5.549004063856546054e+01
1.202753941785854295e+02
1.451852950340366988e+02
1.529284101254374946e+02
1.447248414096566194e+02
1.605411654404588262e+02
1.676223082596061431e+02
1.758988094088240359e+02
2.124123119477476394e+02
2.028314530689003732e+02
2.267709943004506385e+02
1.775404929364726740e+02
1.238959624665562842e+02
9.465409877761931057e+01
7.190290258968616399e+01
9.642746240967107951e+01
1.188377733247139076e+02
8.701825850916475247e+01
1.326613165192675297e+02
1.340977470401721803e+02
1.631608158885960620e+02
1.500417957261065567e+02
9.869775718743903781e+01
1.215636560781358639e+02
7.408462904139014427e+01
5.531052556884878868e+01
5.982002694263610465e+01
3.556397452462942965e+01
-1.791621809073149052e+00
2.226808666668648584e+01
7.214115420610187357e+01
9.256601009190262630e+01
1.331256083840389692e+02
7.776604648633110628e+01
1.088249534143369601e+02
2.266868591375609867e+02
2.172381002633055687e+02
2.239198147395795786e+02
2.219061426909715919e+02
2.329945540980534133e+02
1.303548111484283254e+02
9.324655776535337282e+01
3.487137641326717130e+01
3.949071003441667926e+01
7.661778101271374908e+01
8.016403263952497582e+01
5.446139121251280812e+01
4.781598567308401471e+01
5.091603564332308451e+01
-3.260415481702239049e+00
2.185598052607201680e+01
3.160642325316757706e+01
9.968115960867362446e+01
9.253011666814018099e+01
1.309004961065552379e+02
9.429756187240718646e+01
8.478689596431240716e+01
1.089037424333596391e+02
1.215563536234408275e+02
1.285743163485281002e+02
1.025618056980933943e+02
1.196317129609651602e+02
1.548439125631693969e+02
1.556276043265929729e+02
1.134505386948130763e+02
1.042240102556979764e+02
6.051943892216468157e+01
8.042283774720590372e+01
-1.878184804113516293e-01
2.987843553693983267e+01
