1.331879476529593909e+01
1.178650110087490255e+01
1.216792577462952885e+01
9.023195929809981308e+00
1.324080206448037167e+01
1.177879224586124884e+01
1.396486059677350866e+01
9.363175165350968499e+00
1.083894278290830471e+01
1.145707218823212337e+01
1.164119737417700584e+01
1.212721278796270319e+01
1.774428999162305232e+01
1.761648479899704611e+01
1.544387835086017446e+01
1.762155078352030912e+01
1.392755755502393988e+01
1.728250912990944599e+01
1.221027347355127901e+01
1.468245303929976409e+01
1.236243749415989868e+01
1.366037525200196079e+01
1.378185507315954261e+01
1.494381389165836360e+01
1.712805074255784987e+01
1.550382315872389682e+01
1.836864327135360497e+01
1.550066672401928791e+01
1.825811770674784640e+01
1.725031209383050879e+01
1.707902517251934071e+01
1.530670800364011974e+01
1.430625187775886786e+01
1.842747114685223053e+01
1.796633720959769320e+01
1.868372982244515512e+01
1.863215847576720918e+01
1.911099159060815822e+01
1.625620521974020605e+01
1.869540746797493824e+01
1.599677273033987213e+01
1.831561759779582488e+01
1.811486877843667997e+01
1.964082538819760870e+01
2.187087414877707658e+01
2.168226218035124475e+01
2.089830833071238203e+01
2.037656804489559903e+01
1.963020531182562678e+01
2.088671294863397776e+01
1.850876294126863542e+01
1.938174928003035191e+01
1.779439464138202709e+01
2.034391563578041229e+01
2.140286658458228786e+01
1.820791187928746169e+01
2.049529763157279305e+01
2.359951082888044738e+01
1.919522271847239026e+01
2.228428887946399328e+01
1.864438757877499953e+01
2.178961805675571739e+01
1.990145647330392364e+01
2.153461030714976587e+01
2.403404802900069726e+01
2.118266504795105121e+01
2.246323064931085156e+01
2.253182298260698957e+01
2.209430821606187934e+01
2.687831785235615101e+01
2.287697298681631963e+01
2.356678801648408239e+01
2.299800404886007854e+01
2.242350531356600030e+01
2.597670309250600340e+01
2.549957925361547950e+01
2.672448538049862066e+01
2.689124910649313094e+01
2.619615983371497947e+01
2.550279322807198312e+01
2.760180266646192848e+01
2.689134589923973451e+01
2.688809194458480434e+01
2.798089805451736822e+01
2.863378087525830296e+01
2.927857054097030343e+01
3.187239418288818626e+01
3.004197792348499974e+01
2.952815743449933805e+01
3.148697213181239363e+01
3.413838664038897264e+01
3.545970696195412586e+01
3.801836679831878030e+01
3.835447981182420563e+01
4.391515542889482049e+01
4.856695247353769673e+01
5.185444528700075750e+01
5.472026113726333563e+01
6.476835247143219476e+01
8.182353222350748467e+01
1.027395563187845227e+02
1.318050635579032814e+02
1.533282908639028506e+02
1.605399031596514305e+02
1.668728406593191949e+02
1.678347146806343630e+02
1.692212354416997755e+02
1.668831865248062911e+02
1.525856528000587105e+02
1.413553736807684800e+02
1.259825997147305543e+02
1.037531205750799757e+02
7.764920601013207602e+01
5.510758924516305512e+01
4.531190258037391771e+01
3.944626047274545755e+01
3.726000223939089295e+01
3.587153704754042138e+01
3.226587569831099245e+01
3.794337976050418604e+01
3.489418795041052590e+01
3.233752359873007265e+01
3.460864140233784525e+01
3.416141085578664871e+01
3.177050838554279011e+01
3.340583868397023082e+01
3.662665650566643905e+01
3.233153523817795616e+01
3.154238391693505150e+01
3.496352876123923892e+01
2.997926729935534951e+01
3.148044289491641479e+01
3.115238190634419624e+01
3.259789154235701147e+01
2.951468732554588570e+01
2.885431122161690709e+01
2.919053467194253670e+01
2.853884280435853782e+01
2.991520343357193212e+01
3.258183552921772019e+01
3.108533828124999587e+01
3.140115432524278560e+01
3.171971884674622544e+01
3.171100854147172754e+01
3.356021345469314809e+01
3.354781469484239409e+01
3.097653020120541001e+01
3.124500428435980126e+01
2.934289250037526386e+01
3.198626776546061024e+01
3.344450676377721265e+01
2.753226525968342386e+01
2.950426336327430121e+01
2.838171359468272570e+01
3.108444766913063617e+01
3.439649519754431140e+01
3.434111782800368218e+01
3.304072694774986729e+01
3.123945161738164344e+01
3.210541961626714169e+01
3.330045289899469196e+01
3.360974038458432034e+01
2.640953011224137370e+01
3.107656749308642574e+01
3.009726059868883397e+01
3.130892140305086002e+01
3.203543211942962188e+01
3.013813524362575080e+01
3.192411740275221277e+01
3.205260112149061769e+01
3.399714589451352964e+01
3.733824340715693779e+01
3.465857216488385006e+01
3.209992547020675602e+01
3.348222940276315285e+01
3.443654418805794393e+01
3.661745902234667227e+01
3.241051832809498023e+01
3.233745527464015623e+01
3.127852334294828296e+01
3.479840896425080388e+01
3.254879302478759229e+01
3.547588268114303389e+01
3.287849632203280237e+01
3.103229486275268201e+01
2.931318297269829998e+01
3.606721686881050459e+01
3.553759249900999606e+01
3.551624376234709501e+01
3.839835772835025551e+01
3.613999310035685397e+01
3.178116993331390461e+01
3.227059962977654095e+01
3.617950198542317253e+01
3.386596126821205388e+01
3.263656874461320712e+01
3.553272717535883629e+01
3.449888215162026484e+01
3.430257891560407302e+01
3.268932754191047252e+01
3.477266743657192194e+01
3.408736966626928933e+01
3.962285201331867768e+01
3.731103782794043155e+01
4.003018467009911774e+01
3.697036990956111424e+01
3.550651909022742103e+01
4.071911610068607246e+01
3.711601418002464925e+01
3.754665089263828293e+01
3.827323086211495706e+01
3.801972294067743974e+01
3.826693318363252416e+01
3.907753681518687472e+01
3.859048079913571172e+01
3.905149479840251558e+01
4.100335132912756109e+01
4.182334270168698964e+01
3.683312451046608516e+01
3.710517640270005302e+01
4.358049835159190621e+01
4.178176137445652927e+01
4.153179992471447690e+01
4.052312780076695020e+01
4.215893671057398251e+01
4.302591808329272283e+01
4.767672429937355361e+01
3.929494919228080363e+01
4.357986073009254113e+01
4.177320794478895039e+01
4.354887993301890248e+01
4.102661082449252206e+01
4.125499646003064669e+01
4.323577173580172683e+01
4.096939880323829897e+01
4.487871926732436378e+01
4.466550478492922593e+01
4.172298906817640329e+01
4.370114920412359538e+01
4.286826323263668570e+01
4.245869942196532776e+01
4.335353056092988311e+01
4.130046369571360287e+01
4.273872236514139900e+01
4.312234527833447828e+01
4.418681800986555430e+01
4.400502077613987950e+01
4.296978673499068435e+01
3.938756726234385042e+01
4.178961374454031130e+01
4.707708874617737393e+01
4.315264967133396823e+01
4.429891821613651359e+01
4.490346941328805030e+01
4.183433935843203955e+01
4.401643654536512429e+01
4.264224430555002954e+01
4.694675404708018362e+01
4.519777928159175673e+01
4.492894174094306692e+01
4.601752928227032413e+01
4.793236201422162424e+01
4.517434999733422529e+01
4.703798380120259992e+01
4.939852442563810797e+01
4.731015969656598941e+01
5.449910508201704573e+01
5.921888692455803493e+01
6.794563681585071890e+01
6.940748021856232697e+01
7.207714997236830357e+01
7.548096287314510278e+01
7.698329058043816531e+01
7.191664626083269241e+01
7.106570232318065905e+01
7.381495620720275497e+01
7.299315154587269205e+01
6.687605099395972275e+01
6.084119720393690045e+01
5.066875984983773407e+01
5.034708409376474947e+01
4.968049686065483428e+01
5.208096197290002749e+01
5.361571827655163247e+01
4.950424496633031168e+01
4.750981792843465712e+01
5.280352094491413339e+01
5.377280294102632041e+01
5.069735557634619028e+01
4.756204953273405778e+01
5.023679175122793339e+01
4.986504037379041421e+01
4.556120621058377651e+01
5.295241120939697055e+01
4.858401262319649305e+01
4.823073621011665324e+01
4.969566284743494577e+01
4.950366069011811732e+01
5.226957610621288097e+01
4.857952742978517335e+01
5.281360673342414458e+01
5.110781134584133412e+01
5.104695843422373258e+01
5.069672756451133466e+01
5.406755391838071745e+01
5.127610128618211149e+01
4.858852963292454774e+01
5.305106502426042425e+01
5.181674939385917611e+01
5.087043820394207927e+01
5.255760860824167224e+01
5.068886350888126913e+01
5.161554653799719716e+01
5.245412659808994249e+01
5.500790400902859290e+01
5.239392317412966094e+01
5.590205800734506170e+01
5.579220210265392410e+01
5.745808810995207949e+01
5.433373204342515095e+01
5.520388274294394648e+01
5.603022983526981449e+01
5.251666179199150974e+01
5.370646507805411574e+01
5.214661952956014090e+01
5.228652393074480642e+01
5.614784978006373706e+01
5.506456365056007485e+01
5.339335609154456819e+01
5.366331283218758585e+01
5.724350269525182000e+01
5.725487313116997257e+01
5.932065432036565511e+01
5.224189322046485273e+01
5.861188054385928581e+01
5.650460479072378206e+01
5.690998327042581906e+01
5.982569160818095355e+01
5.680054152379562282e+01
5.141030769215829110e+01
5.945057804787999345e+01
6.047587114551718201e+01
5.617845393344874338e+01
5.639490502706302522e+01
5.643918747178622652e+01
6.081414787268760591e+01
5.712139467903764256e+01
5.841876591638403227e+01
6.162796889374725851e+01
5.924160570680793114e+01
6.316738689052615996e+01
5.974766014049258445e+01
6.059122093301806444e+01
5.896713163743068264e+01
5.872073550571307976e+01
5.692735617386841085e+01
6.002924099109836220e+01
6.116137797233270845e+01
6.018025847836443631e+01
5.851641182268204489e+01
6.109618687334516096e+01
5.820326619020281811e+01
6.036256856881203703e+01
6.147766920254250778e+01
6.355299095192795988e+01
6.292384082918422195e+01
6.206534159482956881e+01
6.015341662205907625e+01
6.257018728334247015e+01
6.354006814268210235e+01
5.992256833294539575e+01
6.114575008939250722e+01
6.432589108857013116e+01
5.830856631476267893e+01
6.238347100394477707e+01
6.311588251113873582e+01
6.167658044271284012e+01
6.150367627941385962e+01
6.548218014110447882e+01
6.509031577343644415e+01
6.781576784631806731e+01
6.520965394080876365e+01
6.401745182203620743e+01
6.095487637081459553e+01
7.015060104694207155e+01
6.692387577327882298e+01
6.425192413377476441e+01
6.304225095719498739e+01
6.813800745615547783e+01
6.821274257233021387e+01
6.321100583353352675e+01
6.340431497683361783e+01
6.495928863587333524e+01
6.402108658688631238e+01
6.603206624983862127e+01
6.492700065951250110e+01
6.984746322236625815e+01
6.809059867024100754e+01
6.737251863604049618e+01
6.832542495910726643e+01
6.732424400249229279e+01
6.562750246525831699e+01
6.494381660741200335e+01
6.634446249223441328e+01
6.911201144679222352e+01
6.731658689932645245e+01
6.867829040979249555e+01
6.839623592180574008e+01
6.462929449661055514e+01
6.693010867188806401e+01
7.129653164432913570e+01
7.028840554798732398e+01
7.255927278400392311e+01
6.959951513443340332e+01
7.069519767867332405e+01
7.114903230475802332e+01
6.856829499766246272e+01
6.863422435981881620e+01
6.983148884999218353e+01
6.798420450311387242e+01
6.690092247116324131e+01
6.931974270801610771e+01
6.813666921951183042e+01
7.046694095781137435e+01
7.009017901729643540e+01
7.159809994497456387e+01
7.022902454723661947e+01
7.466016479259585026e+01
6.701914560171100277e+01
7.365061883644678176e+01
7.921533496582696898e+01
7.380066905021270429e+01
7.377277526507991467e+01
7.428427613748755221e+01
6.725364708827228810e+01
7.384381674171493160e+01
7.150961288810954386e+01
6.985967479533802305e+01
7.244261374982878010e+01
7.373148091096329892e+01
7.907890765166301605e+01
7.277115790876513302e+01
7.569224721112998111e+01
8.270392679499019550e+01
7.860924863501905691e+01
7.605290092954851389e+01
7.836126331922704935e+01
7.983482158453760746e+01
7.997576073163723720e+01
7.449060686052239078e+01
7.841896073485425234e+01
8.055760953106791078e+01
7.546164506591985344e+01
7.692571388725919235e+01
7.753525363016446192e+01
7.717598446965858727e+01
7.679837942195716494e+01
7.401076164230849486e+01
8.321334772400211932e+01
8.111601598503622768e+01
8.071671222990636352e+01
8.037846380596182883e+01
8.270558305562359180e+01
7.986992245558883496e+01
8.319391063900816619e+01
8.080906693184040535e+01
7.859167522702706776e+01
8.367443735568031116e+01
8.291297379714313820e+01
8.371707635483666365e+01
8.582781142552190090e+01
8.331305629049019501e+01
8.672671491496679153e+01
8.595942620603064199e+01
8.775812990932296032e+01
8.596868586948708924e+01
8.658115192093998758e+01
8.737030883899126366e+01
9.159224658095497773e+01
9.259654840918976504e+01
9.250121777659373379e+01
9.643417984241256136e+01
9.087406184550076205e+01
9.254465520462017025e+01
8.922729313987271382e+01
9.751260598533704638e+01
9.745502546869855109e+01
9.906582899117934460e+01
9.842693842389327585e+01
1.010963820471479835e+02
1.088111151224450168e+02
1.088900222478938673e+02
1.127488048372870537e+02
1.211498917871755197e+02
1.268555719895994685e+02
1.335925683373936010e+02
1.453373936386674643e+02
1.562090386345916215e+02
1.660931851087265443e+02
1.915209785015966304e+02
2.227837598924718918e+02
2.836820323028781559e+02
4.385462170387971810e+02
1.152435506029930593e+03
3.139809039968812158e+03
4.248362794958269660e+03
4.810713406826349456e+03
5.134897317232665955e+03
5.203675141037117100e+03
5.314916854565605718e+03
5.244224750592385135e+03
5.156972606006673232e+03
4.963392997224303144e+03
4.543353456749174256e+03
3.700760734509263784e+03
2.033890492465642183e+03
4.171520268516498504e+02
2.035267477737957620e+02
1.524545625921997498e+02
1.325344107293870479e+02
1.218624861037505127e+02
1.084628347663207109e+02
1.068126406748144461e+02
1.007296553033755657e+02
1.042264818886623488e+02
9.637285428868577242e+01
9.842163528900992731e+01
9.213226250751273483e+01
9.112825556993151110e+01
9.475518370464072859e+01
8.644418572774391407e+01
8.890770285766186021e+01
8.542550759137557748e+01
8.581224135088864102e+01
8.379574625632062634e+01
8.433724168626962125e+01
8.508279686599313152e+01
8.822419408824660536e+01
8.085823884921961735e+01
8.596657194825583304e+01
8.761233820983106568e+01
8.375077157738934375e+01
8.214423869332209449e+01
8.500490625681517542e+01
8.427071749589197225e+01
8.492815179646289891e+01
8.514201486858674173e+01
8.417929675566460901e+01
8.506681983858469209e+01
8.546633087447393962e+01
8.671075161213617832e+01
8.429503883465444858e+01
8.462389283889693559e+01
8.201433702894337330e+01
8.484508106803326655e+01
9.124379590025169762e+01
8.744650762785691711e+01
9.147276395186916886e+01
9.281824385283788104e+01
9.268182948949548461e+01
9.158840946119943283e+01
9.138072906868396217e+01
9.343103567517722752e+01
1.037241018706681928e+02
1.044165786942159002e+02
1.135555678800452739e+02
1.419444534994747187e+02
2.397064795667158421e+02
5.648107042675864022e+02
7.919067647601353883e+02
9.084893890877400509e+02
9.743885156386286326e+02
9.936627755980404118e+02
1.000367656853627750e+03
9.981843766647448319e+02
9.785891723794137533e+02
9.589775932277134416e+02
8.913312796806616234e+02
7.432973787204219889e+02
4.697407096115899208e+02
1.632575404591466395e+02
1.085892320781238141e+02
9.626096452009021220e+01
9.335463258472312020e+01
9.351684287093550552e+01
8.995777237295848749e+01
9.073632112892410362e+01
9.096492041678497742e+01
8.689276249747588565e+01
8.964475282422642977e+01
8.970025396467066514e+01
8.720679561848281480e+01
8.631209552975035137e+01
9.196081036000789766e+01
8.571024361523950574e+01
8.825088889128699066e+01
9.037556311737107251e+01
9.077168033557748572e+01
9.316751540361330797e+01
1.010532744487226466e+02
1.113617060754486943e+02
1.174080525779560134e+02
1.223893318784803625e+02
1.195832956688333297e+02
1.196965163633129805e+02
1.198342940869869011e+02
1.204458170194477304e+02
1.128346852290280538e+02
1.164643575238426365e+02
1.070582825901636568e+02
1.020909654946351139e+02
8.824117506200906291e+01
8.696507699694389260e+01
8.687616198612707308e+01
8.400375236949471969e+01
8.570812041436894901e+01
8.478442623535826783e+01
8.852278043178883138e+01
8.911734361828224849e+01
8.575020511408781942e+01
8.668226136001761972e+01
8.619563663187375369e+01
8.591821230374374352e+01
8.624037538012545667e+01
8.842090249302349036e+01
8.942922814150763600e+01
8.872725363545768573e+01
8.851805103189278157e+01
8.138372038721050217e+01
8.421475891388408286e+01
8.613816249961035965e+01
8.616450084220593908e+01
8.316386624545270934e+01
8.988088138374422442e+01
8.548828790459965887e+01
8.609074477811130066e+01
9.046064760681834116e+01
9.005268189714121263e+01
8.802927733757960027e+01
9.266236129134402688e+01
9.197989288290598608e+01
8.933277160138410977e+01
8.959596386723799810e+01
8.889419249312022941e+01
8.881518413587751581e+01
9.206789980249037342e+01
8.951728352264346711e+01
8.651447618786151850e+01
8.936809773606711360e+01
8.676800970526164747e+01
8.835097660066494996e+01
9.063239849009549687e+01
8.900700043725095156e+01
9.331082584379126388e+01
9.012754314140093470e+01
9.240865865006981039e+01
9.156221944595631612e+01
9.253029869313436961e+01
9.175829772064881240e+01
9.050687031322772214e+01
9.177489930355552872e+01
9.028426998317742402e+01
9.299031841242354801e+01
9.053270858020260903e+01
9.183040383495949754e+01
9.526854160965451968e+01
9.457000561190669430e+01
9.373527844111249863e+01
9.579421027167147429e+01
9.697338387899671375e+01
9.623220639219445616e+01
9.838327657854244990e+01
1.041593891770738338e+02
1.077205924396221519e+02
1.075649909527425905e+02
1.225026338884362787e+02
1.327120363906054763e+02
1.411580059206606279e+02
1.469699395892315863e+02
1.548232031253760397e+02
1.585131106810910921e+02
1.583962772319799228e+02
1.556059002253835502e+02
1.599973586839233235e+02
1.476667141486741173e+02
1.429464113745050611e+02
1.344583667316412061e+02
1.187204256760918781e+02
1.120290794685916183e+02
1.067052925472078186e+02
1.059968486489412953e+02
1.006453959066357271e+02
1.026194063201375712e+02
9.783489571070477098e+01
9.785010040366509543e+01
9.569309219794445198e+01
9.933443956121901408e+01
9.832018175133892157e+01
9.980695145532261847e+01
1.007238693692045644e+02
9.505471494663889587e+01
1.002472348697541662e+02
9.832399844878160877e+01
9.907341283751745209e+01
9.567057357584968713e+01
9.456172267037382539e+01
9.321338114935626606e+01
9.013947633413619087e+01
9.752773952872919949e+01
9.876498102250437228e+01
9.591403279968236006e+01
9.460706589803348265e+01
9.461544531674077518e+01
9.722294013577064220e+01
9.869925144517449667e+01
9.815812326942209154e+01
9.650688905099134729e+01
9.554101089580187534e+01
9.660594930806226444e+01
1.000201251105733178e+02
9.776110234074556615e+01
9.849268662685938125e+01
9.859710654918654882e+01
9.277611931626633179e+01
9.750104623269885451e+01
9.588741640631224072e+01
9.895039419193345509e+01
9.889209630896597503e+01
9.831749460393051265e+01
9.573713603854022836e+01
9.330338265992517677e+01
9.783731271177998678e+01
9.827644618952852795e+01
9.748119120978122965e+01
9.549311358152885987e+01
9.437756442654614375e+01
9.869493162062349256e+01
9.927936704335832019e+01
9.932434079315960673e+01
9.834101813786389812e+01
9.746299287950304802e+01
9.463694302005853842e+01
9.704817027337506374e+01
9.480105071834961450e+01
9.799850400367073178e+01
9.480675562248833899e+01
9.708250898125469064e+01
9.920093492039474370e+01
9.973160223104260069e+01
1.001891283027341615e+02
1.006400354681868379e+02
9.974366783249593027e+01
9.875714375161581415e+01
9.694335184161799646e+01
9.559412437503583249e+01
1.015304491620397158e+02
9.548074130829671446e+01
9.593495541073281174e+01
9.878103224360636148e+01
9.688717481135223863e+01
9.663952771000819553e+01
9.483700041094876099e+01
9.952386809489294706e+01
1.021229236532611679e+02
1.026209218378276802e+02
1.018657766610243982e+02
1.052416738773854235e+02
1.107432342850830338e+02
1.193408894777627580e+02
1.223685998173973388e+02
1.326061608257714965e+02
1.333379820681764159e+02
1.274661682552103485e+02
1.320919294720036987e+02
1.327993126151923775e+02
1.341391585943271991e+02
1.312813926632260859e+02
1.293438100156197947e+02
1.271322593288327738e+02
1.161749592525816865e+02
1.107365987594414207e+02
1.138408982431811296e+02
1.084742257941357053e+02
1.079563441441150786e+02
1.106916944396308935e+02
1.122289579870153489e+02
1.059279244481716660e+02
1.088141490334837727e+02
1.092033452439873429e+02
1.093647417905320935e+02
1.102341038448252135e+02
1.112952750322361055e+02
1.097148944940162494e+02
1.092349218683157943e+02
1.144329119001594393e+02
1.142770446404382767e+02
1.119738748503985732e+02
1.104456993760430379e+02
1.093353219799507627e+02
1.071658645281638229e+02
1.037687470760175330e+02
1.039923642560016219e+02
1.010535663544762741e+02
1.044510264596100342e+02
1.035492293614136230e+02
1.036731616410285142e+02
1.053155542332971493e+02
1.046495693295389628e+02
1.055816578713272094e+02
1.118002639358037555e+02
1.144366739909671367e+02
1.212476192146729517e+02
1.201675260888875272e+02
1.308137842342414388e+02
1.270754767494625241e+02
1.237451254932596214e+02
1.234196939251821590e+02
1.297697476492324427e+02
1.290650474714280165e+02
1.231245476619304782e+02
1.140355534950806486e+02
1.094747619267349705e+02
1.079912351107272599e+02
1.034427233691394861e+02
1.020558061134705952e+02
1.040631261044786697e+02
1.066223944624257598e+02
1.045127887494319197e+02
1.051541879495902378e+02
1.056056178939880539e+02
1.080687204130490358e+02
1.051246126168689159e+02
1.073099795085386603e+02
1.079656605095860158e+02
1.054720760444941732e+02
1.040303280216289608e+02
1.080107577114038833e+02
1.071183923621784118e+02
1.057148207052416922e+02
1.080751117081334769e+02
1.057167647569915943e+02
1.061713120735553986e+02
1.083833168436382124e+02
1.103982616512702890e+02
1.103515499247140070e+02
1.130617732912596551e+02
1.091114662685295684e+02
1.082150650176980662e+02
1.089204616260559959e+02
1.107188240843897375e+02
1.046372798768389742e+02
1.098413143663359506e+02
1.092598212086833911e+02
1.037778517161358423e+02
1.109756873750509669e+02
1.110990776107738185e+02
1.055677612541382189e+02
1.049968221918760634e+02
1.085248495370835684e+02
1.124847434195194325e+02
1.121392173076768159e+02
1.098375264267768188e+02
1.076642785830511144e+02
1.127635087559806948e+02
1.105753768702437583e+02
1.132390485981609629e+02
1.116760859892040259e+02
1.091923945754294039e+02
1.105028023908636641e+02
1.140773844201365534e+02
1.101044095208724940e+02
1.105488968669944967e+02
1.095353841395505015e+02
1.119360969141367264e+02
1.106918721512705304e+02
1.137063506812870344e+02
1.164259351689650828e+02
1.147670212773109739e+02
1.167017677072802684e+02
1.136023540729080423e+02
1.135657925733746509e+02
1.158493771800713716e+02
1.115913292833925823e+02
1.157033960806466979e+02
1.143166038905758768e+02
1.176410310637692049e+02
1.140194312259689298e+02
1.156137766341385600e+02
1.201222458189273823e+02
1.161548964532732668e+02
1.198965929745218233e+02
1.162351968830274416e+02
1.159978954354142644e+02
1.171739106788833737e+02
1.242193858029379072e+02
1.210611423040853936e+02
1.184685095821174201e+02
1.179457320705265602e+02
1.169796248465937794e+02
1.208197137902695744e+02
1.185384124550783298e+02
1.205175609621118582e+02
1.212283356055441601e+02
1.267755483454728136e+02
1.196216213334510172e+02
1.250557233428085482e+02
1.256542648423609876e+02
1.269069169741426464e+02
1.284046801030353606e+02
1.238435006374286189e+02
1.289428860526271876e+02
1.299645686342715862e+02
1.272143312012483420e+02
1.299908142027917393e+02
1.282290362990094650e+02
1.291705942779665008e+02
1.328515455258821589e+02
1.296032403346851822e+02
1.330765824329058091e+02
1.331644961837589562e+02
1.350575009268887641e+02
1.354649424123723236e+02
1.344322510400350836e+02
1.367277854530923378e+02
1.383803554568063703e+02
1.386488416598773767e+02
1.374244871879812422e+02
1.385952894694209476e+02
1.365553294752405407e+02
1.382872013375635731e+02
1.361708546063052836e+02
1.385659921756766266e+02
1.381695527446508152e+02
1.399620566588478709e+02
1.429019160462252955e+02
1.380620407061726382e+02
1.391364449719528693e+02
1.430099718824374975e+02
1.398632183083411178e+02
1.432520758957417968e+02
1.411680353555183842e+02
1.453970390154215124e+02
1.431230937907033933e+02
1.417317980600682858e+02
1.420035045911112945e+02
1.441008746742103597e+02
1.446417505615995651e+02
1.453357831506759794e+02
1.440233411556712610e+02
1.453025890634597772e+02
1.442413768282968078e+02
1.510507868924747186e+02
1.472663162593211155e+02
1.529536629268144168e+02
1.482253949830086697e+02
1.497588274980805352e+02
1.593869632199139517e+02
1.607915250185787386e+02
1.637379177135954649e+02
1.758231271399625086e+02
1.786301338693521927e+02
1.888240342626577615e+02
1.981725146512545734e+02
1.978540737667558176e+02
2.043363260450352072e+02
2.088280673812963073e+02
2.080104201747649313e+02
2.058890355686998817e+02
2.111718472012675818e+02
2.017923875785287748e+02
1.966841841153085397e+02
1.955681145869842794e+02
1.827078394521760174e+02
1.806215105255267019e+02
1.880541911925782017e+02
1.831912212486641920e+02
1.866921584775749636e+02
1.856828030218337915e+02
1.858302681292760496e+02
1.873608018812105627e+02
1.849608601669044390e+02
1.933715314336141091e+02
1.928544792611271532e+02
1.966148575324947103e+02
1.995554793720499163e+02
2.004241970012002412e+02
2.125065262746738881e+02
2.183190523182418019e+02
2.164003635216080283e+02
2.200977082472026325e+02
2.244144938159953142e+02
2.268470386896616446e+02
2.257202839195911679e+02
2.268372510116419676e+02
2.251828279310598475e+02
2.248648230429258490e+02
2.247263101872100606e+02
2.314083897985214548e+02
2.225408135078755549e+02
2.331780702626446384e+02
2.394122406627773501e+02
2.452582521243934934e+02
2.474053271625697050e+02
2.537136621310596354e+02
2.614622846861926746e+02
2.668193469612143645e+02
2.713154949963231388e+02
2.828147242971720630e+02
2.862918738273444319e+02
2.975819902502468608e+02
3.011181450957112133e+02
3.139628957482307783e+02
3.265813732286517279e+02
3.337332970313578357e+02
3.509806810678269358e+02
3.626557233531203792e+02
3.814250434568616015e+02
4.008248515745736427e+02
4.229884629358368215e+02
4.477017169726557313e+02
4.776037048071277695e+02
5.110562273887048832e+02
5.374251911807474471e+02
5.746834281705272360e+02
6.162945962842406971e+02
6.693238033505027715e+02
7.257821977789521952e+02
7.884624713149720492e+02
8.682054899667609789e+02
9.700692065528235162e+02
1.087861573406812340e+03
1.229393200066160261e+03
1.360234785514831174e+03
1.494113765020118535e+03
1.641178368228148884e+03
1.817851900497019415e+03
2.027521701551018623e+03
2.336131345680871163e+03
2.790978648740535846e+03
3.584800477033997595e+03
5.061142979115543312e+03
7.824104761540369509e+03
1.197638641612053834e+04
1.642833658909985752e+04
1.973726316890076851e+04
2.168869610739291602e+04
2.274763704715238055e+04
2.315460846404310723e+04
2.318068321358132380e+04
2.262145244759263369e+04
2.135698546216012255e+04
1.914750931935631525e+04
1.563115599943670168e+04
1.120835174155746972e+04
7.279683312556560850e+03
5.241909336064996751e+03
4.796773900192346446e+03
5.460371322534846513e+03
7.614924912318935640e+03
1.149241426165663870e+04
1.604507784885235742e+04
1.987638346563631785e+04
2.228172691979483352e+04
2.359130646095249904e+04
2.413471576074611949e+04
2.422284218195700669e+04
2.378730690594428233e+04
2.260644393072599269e+04
2.054567603574398527e+04
1.707505688402182568e+04
1.239973207725054272e+04
7.761505178132785659e+03
4.692707693756457047e+03
3.185627616881309223e+03
2.355059396269440185e+03
1.869756717801567675e+03
1.520806602617471754e+03
1.276922615684426319e+03
1.095742793743832181e+03
9.486881727569549412e+02
8.409166321945069740e+02
7.525836490640497232e+02
6.806366258749944791e+02
6.079832908926756545e+02
5.654357719263479112e+02
5.192119249149147890e+02
4.841689293701047063e+02
4.472069379597354555e+02
4.178368837263195132e+02
3.997880340210957684e+02
3.785268636188354208e+02
3.643514612759550459e+02
3.457244056820600804e+02
3.401394519947203321e+02
3.241503574829067134e+02
3.159407450505502766e+02
3.093801364336009669e+02
2.978338426702797506e+02
2.927401496598346853e+02
2.871599193339831686e+02
2.763860158022406495e+02
2.720830886825659150e+02
2.626311543278899308e+02
2.509730556617926709e+02
2.450570926367958577e+02
2.383239021146813741e+02
2.315644586262821463e+02
2.242507499857204039e+02
2.116745418127771359e+02
2.172850333157281000e+02
2.052076578959974142e+02
2.018964550964548721e+02
1.977739860077254548e+02
1.968019638629392887e+02
1.963111186719264367e+02
1.917424368913393948e+02
1.920148452449921308e+02
1.932379399699827900e+02
1.856765480481570023e+02
1.883454294980930683e+02
1.853988820501967894e+02
1.790033450512557920e+02
1.738037518130088586e+02
1.755810845873076289e+02
1.752741179826537916e+02
1.729012441649698815e+02
1.678124967645079550e+02
1.660190902968008686e+02
1.699813008347126413e+02
1.650121332265978538e+02
1.665398759184135429e+02
1.680661436041091292e+02
1.657973427601565675e+02
1.640514405872525856e+02
1.687307662913390232e+02
1.723246364813422531e+02
1.825687748622953848e+02
1.914059901628570231e+02
1.887958363168015694e+02
1.944970166096079254e+02
1.922926822911965985e+02
1.978815640095800745e+02
2.004278610999429588e+02
1.918330455135577211e+02
1.935176195120406248e+02
1.880097328786263802e+02
1.821124390057598532e+02
1.758304659510403667e+02
1.665071381238870174e+02
1.640058088089705564e+02
1.664269778921049863e+02
1.577764046087205259e+02
1.595442896084617530e+02
1.604828529518532889e+02
1.595459186777799800e+02
1.565729311037461287e+02
1.573686995047321489e+02
1.597653513085130896e+02
1.567172332476647512e+02
1.567690180255671635e+02
1.604892086341946822e+02
1.578782543111190364e+02
1.653936861254894382e+02
1.638645013243707069e+02
1.628135587572350573e+02
1.652128546235975080e+02
1.674683031433918359e+02
1.685327116011564499e+02
1.712746413297328161e+02
1.709082273657263897e+02
1.692934857690019044e+02
1.734094052182153405e+02
1.660959910884757278e+02
1.672041924093279590e+02
1.699505892298764138e+02
1.648485882877020003e+02
1.701433401353910995e+02
1.736781393812234455e+02
1.781592955137656702e+02
1.827586854923338251e+02
1.818322657901461525e+02
1.856924388424647248e+02
1.838882875752694588e+02
1.853814121786180351e+02
1.903038714582571060e+02
1.910513757591349702e+02
1.924361520996213244e+02
1.964358814203243071e+02
1.921849280066485335e+02
1.898506112317351722e+02
1.934186922846029972e+02
1.902083775557493652e+02
1.909806500206777855e+02
1.884679326358660489e+02
1.897040019252895888e+02
1.912604915451091756e+02
1.912501498077624831e+02
1.903603178674976846e+02
1.975826083137895068e+02
1.933990124585811543e+02
1.956979672739340401e+02
1.952444833747663040e+02
1.956124527757027636e+02
1.995478457466041959e+02
1.990708959619581435e+02
1.988535228951903662e+02
1.963595238838688317e+02
2.044548596751079685e+02
1.950656970764500784e+02
1.981132667747512244e+02
1.942294336400331360e+02
2.034774405347342565e+02
1.997872088293614468e+02
1.989965643873829038e+02
2.014863364057903539e+02
2.007720129955054631e+02
2.008325892357069904e+02
1.963431237729001282e+02
2.006452751774123442e+02
2.054900799747285589e+02
2.012744913738768275e+02
2.029853046822745455e+02
1.997631830668266275e+02
2.045692457249884342e+02
2.065259938725309610e+02
2.103681924694448639e+02
2.106854251871524752e+02
2.155956501170937543e+02
2.177021047681583070e+02
2.199099994287885522e+02
2.159227158600964742e+02
2.197641384069172261e+02
2.223566032628938842e+02
2.168924159777972420e+02
2.233554632339133832e+02
2.232276812322074022e+02
2.310911370276234891e+02
2.265444625502362612e+02
2.353380831616275941e+02
2.320553648101074771e+02
2.371387601302163262e+02
2.419266522520437093e+02
2.407573148003303629e+02
2.511825122203185572e+02
2.510412573384447796e+02
2.551645544611324965e+02
2.566108282074595195e+02
2.541258229012383367e+02
2.570266408164166023e+02
2.664906113746285428e+02
2.682136718140895368e+02
2.701837985504474204e+02
2.755009977898701550e+02
2.788501138295172268e+02
2.752313190608622335e+02
2.798757301610158947e+02
2.838800511533049189e+02
2.883458871601526994e+02
2.885197296315476478e+02
2.949846606991789031e+02
3.067968330229509775e+02
3.103470869203022175e+02
3.078689147240763759e+02
3.201240380876840277e+02
3.195431040427325229e+02
3.292156817880095900e+02
3.320827295091714859e+02
3.327867227955631506e+02
3.406974177029227917e+02
3.498373930073798874e+02
3.575921690211255282e+02
3.659785196913778123e+02
3.742556694226480545e+02
3.774596347911982548e+02
3.953253888479683269e+02
4.028658360391752922e+02
4.132956825385905404e+02
4.289956489601227645e+02
4.458222470455385746e+02
4.537775144613881935e+02
4.768884492529761019e+02
5.120282506662389324e+02
5.195071205272159887e+02
5.646953110062808037e+02
5.964082015082389034e+02
6.483152146956117576e+02
6.964784156237006982e+02
7.591447958088576797e+02
8.236681259119718561e+02
8.995009879377324751e+02
9.929385695729386043e+02
1.086382974085427122e+03
1.188577257021577225e+03
1.305442306140242863e+03
1.403159179950014959e+03
1.522396992688728915e+03
1.628205165474923433e+03
1.752514985641308613e+03
1.858465104839538753e+03
1.975022476715444327e+03
2.113733925210113739e+03
2.255108494861889540e+03
2.417722688252773423e+03
2.604188103664196206e+03
2.839419912807643414e+03
3.152843530479437050e+03
3.589496986712507351e+03
4.246623052123374691e+03
5.321727618713667653e+03
7.654123387519613061e+03
1.430035449766416059e+04
2.740769772296446536e+04
4.037650962440243893e+04
4.750155900568737707e+04
5.005930278211061523e+04
5.084950658213614224e+04
5.115430007389566163e+04
5.108459281309151265e+04
4.940777683683926443e+04
4.678673491614193335e+04
4.159556638513807411e+04
3.199399543563308180e+04
1.734987757105612036e+04
5.538424429409807999e+03
1.610776308311098546e+03
8.962497814912904914e+02
6.555368706709749631e+02
5.264373746123849287e+02
4.664851461061242048e+02
4.176720878650094733e+02
3.810397823221260865e+02
3.548871467134766249e+02
3.349269522477734427e+02
3.170889594428917349e+02
3.065680386391028946e+02
2.961985051812187066e+02
2.866097092273909084e+02
2.729332221021695091e+02
2.732952155295971579e+02
2.704837613189153558e+02
2.669032049037301704e+02
2.667630823918246392e+02
2.564043609119367488e+02
2.533172568780018992e+02
2.584836440158658206e+02
2.507621217770152384e+02
2.415862436920929781e+02
2.370681168118335336e+02
2.359230391179978028e+02
2.325484537307646349e+02
2.330785988515979454e+02
2.332632752397066724e+02
2.329241815771219706e+02
2.303981846768703576e+02
2.336137972099001558e+02
2.285443727930187947e+02
2.346572916246069838e+02
2.402102803329910046e+02
2.394735209958426765e+02
2.380975321203166288e+02
2.425907604863183735e+02
2.398190035238614826e+02
2.343737256697239104e+02
2.374014313149463362e+02
2.417948087665479022e+02
2.461356707785689082e+02
2.336323365127100260e+02
2.314724752385521640e+02
2.347300286955247088e+02
2.261606969195416639e+02
2.273678177996111174e+02
2.287160168800342319e+02
2.270875544221985081e+02
2.339639907278025248e+02
2.355854908660938634e+02
2.302944195866030839e+02
2.276243321298456408e+02
2.263948312898388338e+02
2.298483204240419866e+02
2.228921613456848831e+02
2.281980163447905170e+02
2.230040739075527654e+02
2.208594606636844446e+02
2.257102767752503780e+02
2.191332794798016153e+02
2.223212822408356431e+02
2.256044901677563530e+02
2.325426360499753287e+02
2.385489229343889122e+02
2.456188541490715522e+02
2.560854066947907199e+02
2.599537016099548623e+02
2.650708587004774017e+02
2.654311670652862745e+02
2.675204455800762275e+02
2.633530831259571414e+02
2.640848044508890098e+02
2.663997823557718903e+02
2.532199330642100676e+02
2.538236621171453180e+02
2.452249268252032834e+02
2.287919272357044065e+02
2.311102521143048421e+02
2.223328173264586383e+02
2.259422168305675882e+02
2.194659437141481533e+02
2.214273244139717178e+02
2.177681459191215083e+02
2.111416184034953858e+02
2.069639671266114931e+02
2.059849545764532763e+02
2.007456850847733847e+02
1.972168577792785413e+02
2.023503945662087347e+02
2.002402924597925278e+02
1.980172769658762491e+02
1.983403957481563964e+02
1.946844834023182784e+02
2.003721863894747628e+02
2.006281418211430605e+02
2.025994632530113790e+02
1.994927910172822862e+02
2.058141515991488859e+02
2.015924297759306398e+02
2.035504082116788709e+02
2.008113972228639739e+02
2.003350406139671236e+02
2.028891576219396313e+02
1.985873876398969173e+02
1.965519717638280781e+02
1.986384938286335000e+02
1.991746014649393715e+02
2.029934000948579467e+02
1.987281497055614921e+02
2.014230902797296778e+02
1.974008987909435007e+02
2.008206885841227916e+02
1.980703955843627000e+02
1.998734320547560230e+02
1.929609254642229246e+02
1.920098162785729414e+02
1.941867920593984991e+02
1.878819478851799545e+02
1.881370211983794434e+02
1.851942775592606552e+02
1.860730405439455808e+02
1.814681396893601288e+02
1.878526715973252408e+02
1.850301559721945068e+02
1.814849852783358131e+02
1.855543809471353711e+02
1.888185852877833213e+02
1.868128202793918717e+02
1.873222786577216539e+02
1.822215887233940634e+02
1.827870728685633424e+02
1.838627911447923395e+02
1.863331119937031417e+02
1.790237311006034133e+02
1.797033377654902324e+02
1.826034465902413331e+02
1.788020755581478625e+02
1.786452403095693739e+02
1.843395318907927276e+02
1.788320209229605950e+02
1.812302464284538530e+02
1.791459247529787433e+02
1.800794402322955250e+02
1.802045752542884145e+02
1.836140181602349060e+02
1.833601436925997348e+02
1.829520864751934823e+02
1.773096122732203526e+02
1.822862071036351779e+02
1.809476232940063767e+02
1.801119502709947255e+02
1.786878821909355111e+02
1.810459446621287896e+02
1.803974252654501811e+02
1.805346560460218939e+02
1.826215929432570135e+02
1.784657989944516885e+02
1.813358523408842302e+02
1.833750595619669355e+02
1.829551628323698083e+02
1.813957220373665677e+02
1.846848482451514712e+02
1.857407319720706766e+02
1.842980819232857641e+02
1.794968901363816940e+02
1.771490668336286376e+02
1.831169168376254959e+02
1.826394900661167924e+02
1.823137487638216783e+02
1.813641620502766330e+02
1.833662226788268015e+02
1.793638882866442827e+02
1.788063203742002827e+02
1.865446406043402590e+02
1.850667789159664665e+02
1.842587148055342823e+02
1.850795161758859706e+02
1.836924293426289125e+02
1.873637730203535909e+02
1.866077455318109060e+02
1.851383389661192211e+02
1.810426206452013389e+02
1.814946203152593114e+02
1.822630981640346590e+02
1.815872291897960906e+02
1.869462422866457132e+02
1.829063320093202947e+02
1.812774762726625681e+02
1.823128817978345921e+02
1.783516654019057626e+02
1.814950653144914554e+02
1.840269363998548897e+02
1.864295483210027555e+02
1.883804670418149385e+02
1.857224678425258162e+02
1.859799837402359515e+02
1.826559694759669128e+02
1.837496726161047036e+02
1.842785658516573619e+02
1.837248533111200857e+02
1.842974395671117236e+02
1.858431639064156400e+02
1.861811415460594503e+02
1.843615180335864352e+02
1.837538750457111973e+02
1.868933052586937151e+02
1.898421406194902659e+02
1.873204151576640015e+02
1.889292360365199102e+02
1.896199918130049014e+02
1.906577539363414644e+02
1.952552089551464007e+02
1.948512081991082994e+02
1.955829252179269986e+02
1.951559558155124989e+02
1.968927267289456324e+02
2.043264211153294525e+02
1.936334199088213666e+02
1.973773923596434940e+02
1.956984306464885321e+02
2.022500826164874468e+02
2.002141166610071252e+02
2.018013566855112515e+02
1.959578994984703968e+02
1.972935923443127137e+02
1.941738237828757576e+02
1.923678478165129206e+02
1.898160630276116763e+02
1.905164089290181835e+02
1.895483079774016346e+02
1.942393465371049501e+02
1.947158689617914149e+02
1.941959927650258066e+02
1.961212639997603162e+02
2.078070129789410032e+02
2.357467133608471954e+02
2.583169153001280165e+02
2.700982361511339036e+02
2.727949739680001358e+02
2.808038697798069165e+02
2.809920716914999730e+02
2.810644837736080603e+02
2.804898178983438015e+02
2.773837816154025404e+02
2.691588314572191507e+02
2.548103733330221417e+02
2.298683115722776620e+02
2.087556043180875633e+02
2.055917445915867177e+02
2.102162045005983941e+02
2.045102658068200867e+02
2.086876000271192595e+02
2.063818123609692066e+02
2.105073190815803059e+02
2.126372478889634579e+02
2.162534664579389414e+02
2.221864202080249981e+02
2.244073831971633979e+02
2.278057824796615591e+02
2.334987207125083160e+02
2.401756441777315558e+02
2.517648594614518345e+02
2.556787329708785421e+02
2.726284654866078654e+02
2.836691700235984399e+02
3.049545325895627457e+02
3.207273710217703524e+02
3.417703257227693143e+02
3.658916304766798930e+02
3.831682938250491475e+02
4.052078061382078999e+02
4.287744237182859024e+02
4.505571544038936054e+02
4.702626303694538024e+02
4.836813266931748103e+02
4.990212066629718493e+02
5.097296513967567080e+02
5.160756081828028528e+02
5.301866934835614984e+02
5.408490815635290119e+02
5.340705601254753674e+02
5.500406303479749113e+02
5.563991968608888783e+02
5.740165317639730347e+02
5.953175676479946787e+02
6.340532876013808163e+02
6.909981715258301165e+02
7.906246997902341036e+02
9.309100396913978557e+02
1.255813349904326515e+03
2.850336238527799651e+03
7.680275640998478593e+03
1.162029046987946094e+04
1.330463452094196509e+04
1.383410153279144288e+04
1.385041149744007453e+04
1.381809911204054515e+04
1.370875273237820147e+04
1.337830454388315047e+04
1.296787689834556659e+04
1.198176848640306889e+04
9.528026969920942065e+03
4.242221903697733978e+03
8.852123605863536113e+02
3.767251414995629943e+02
2.884772102379856733e+02
2.645503316798917126e+02
2.476330923180408945e+02
2.403876149373252815e+02
2.279170688578373074e+02
2.278173349931469716e+02
2.209891672868287742e+02
2.146148091227482553e+02
2.150678042618797008e+02
2.126378455085169605e+02
2.148951041690669683e+02
2.099114078052385537e+02
2.092048927458006062e+02
2.088767055991024222e+02
2.154771303458250031e+02
2.118556566902007603e+02
2.076915683960717729e+02
2.051662554062557433e+02
2.196017772229201910e+02
2.107852366951603642e+02
2.119941465655315369e+02
2.163399796851056465e+02
2.158317021610194502e+02
2.178667037338765056e+02
2.159925038999648450e+02
2.173868248156333038e+02
2.123781517173624138e+02
2.133807947130110563e+02
2.116127836376098514e+02
2.084579646858323940e+02
2.064191678228574460e+02
2.061817718138557893e+02
2.087760511260956093e+02
2.079175514766242259e+02
2.063575973388996374e+02
2.068111268077359171e+02
2.023178351331893623e+02
1.985245986824997999e+02
2.032931372206144260e+02
2.036458079608877370e+02
2.020494519588184801e+02
2.004184347688047296e+02
2.045371121616068422e+02
1.997464710918479511e+02
2.055528271434464500e+02
2.066354411517293386e+02
1.997434188057519577e+02
1.986351303971660798e+02
1.960812719962070503e+02
1.978858763758224200e+02
1.978451578475363988e+02
1.952887255038093031e+02
1.905935263530639929e+02
1.948101425556521917e+02
1.986390002719454912e+02
1.923154215139191194e+02
1.951081188678765841e+02
1.965531389957113504e+02
1.902898849927285028e+02
1.947626317814543881e+02
1.980763807052113918e+02
1.980744520219802212e+02
1.984220494585579218e+02
1.931339459753704944e+02
1.955312582929360588e+02
1.964182545146948087e+02
1.961514359857028182e+02
1.997763609488069960e+02
1.873819399249061348e+02
1.956686759920834504e+02
1.959845573608263862e+02
1.971665357505575571e+02
1.985323687500849417e+02
1.906335041531313550e+02
1.942459586578687549e+02
1.951967028906307178e+02
1.971174610756886807e+02
1.981587971477935355e+02
1.978073727473367853e+02
1.968595109068097884e+02
1.957940551501261837e+02
1.944540139142885096e+02
1.978514184775647777e+02
2.007655193366601054e+02
2.001182301817604525e+02
1.983265979613061063e+02
2.048550272202045619e+02
2.088640310060504532e+02
2.263569178801213297e+02
2.390122247632937444e+02
2.550245824267782098e+02
2.617399595740153586e+02
2.639020357376742822e+02
2.655793115377961726e+02
2.681592745378030713e+02
2.621295892079075429e+02
2.548593216503705605e+02
2.510756244865846725e+02
2.442771798003295487e+02
2.240827163098950336e+02
2.086682133860539636e+02
1.999794079573126169e+02
1.955668847495894909e+02
1.927120224300251721e+02
1.859652898071956315e+02
1.871676938666151102e+02
1.916746391785799233e+02
2.032650806458135548e+02
1.905756535667645721e+02
1.922175376336177521e+02
1.933548300734850045e+02
1.876152846732282455e+02
1.978127662449994375e+02
1.921286231112558482e+02
1.936636528598611733e+02
1.918713218288560824e+02
1.901485124546091470e+02
1.901454573432670827e+02
2.004414285038733965e+02
1.930762360218891445e+02
1.968103788855185314e+02
1.990156266746833182e+02
2.187908327533910153e+02
2.469444696758428961e+02
3.188356404226674385e+02
3.910820223891589080e+02
4.212960845595632691e+02
4.419779275699990535e+02
4.368667227940576936e+02
4.492821970879189166e+02
4.411768826664099947e+02
4.348330286773042417e+02
4.251692155860188223e+02
4.056996269799292918e+02
3.693195228908026593e+02
2.906346895690719521e+02
2.339677272534823942e+02
2.182912402048148977e+02
1.987485632632590296e+02
1.987048587036453853e+02
1.935882514093798363e+02
2.006554564447575331e+02
1.949113009880062748e+02
1.945521556241196492e+02
1.962088100770633616e+02
1.934552549650308606e+02
1.951107469610199416e+02
1.940201595853169749e+02
1.933169955611793682e+02
1.921449877762884739e+02
1.901895715229097164e+02
1.911036498314446135e+02
1.936608679650360898e+02
1.946278004057548969e+02
1.929831004382685080e+02
1.951707456814120007e+02
1.971085867404995327e+02
1.917684425257366172e+02
1.906063243174683919e+02
1.900755605500721970e+02
1.932105907533326388e+02
1.909996146762311184e+02
1.899366318849099855e+02
1.864580936206057231e+02
1.880844283283497873e+02
1.921203003940320286e+02
1.904058261876395193e+02
1.894589671692579884e+02
1.885719023733928168e+02
1.913025354486186416e+02
1.881202823579202175e+02
1.938185637972352424e+02
1.875144169741910503e+02
1.947720268340761436e+02
1.936954152636506876e+02
1.909507564053045314e+02
1.928410923701872264e+02
1.907776956128046493e+02
1.972986408275189376e+02
1.952899406395992514e+02
1.948041391289611965e+02
1.961658107067731294e+02
1.926280927646499208e+02
1.942112886411440229e+02
2.002729827155929456e+02
2.011757348482035184e+02
2.047818141972545334e+02
2.096631206209990523e+02
2.126035325385279009e+02
2.130765828004466300e+02
2.148333759688441944e+02
2.173825803077554610e+02
2.295318478239835827e+02
2.327939023048750187e+02
2.369725141759767837e+02
2.433345216415036987e+02
2.535953447331789334e+02
2.615245632195349117e+02
2.676756262138175089e+02
2.799366545747682267e+02
2.854006069623541748e+02
2.968039778714436352e+02
3.046518891422676916e+02
3.123753110244303457e+02
3.168011266495145719e+02
3.264294437295920943e+02
3.383110393629598320e+02
3.497181407847500623e+02
3.870094627968337591e+02
6.347460685419376887e+02
1.771674329994923710e+03
2.526301964547571060e+03
2.795865305850392360e+03
2.903957885684718349e+03
2.905361457487806547e+03
2.948718809234955188e+03
2.988011383516986371e+03
3.118442632417807090e+03
4.088837718865966963e+03
5.972252304131780875e+03
6.493009811947489652e+03
5.710952440157941055e+03
5.139944227183796102e+03
5.029579985051969743e+03
5.020673000575598053e+03
4.919908072672420531e+03
4.796183526495929073e+03
4.596338752134714014e+03
4.159338108889424802e+03
2.989508337354242030e+03
9.075279513083936536e+02
2.780295672218434220e+02
2.182118374370544984e+02
2.044228014699247353e+02
1.954165323117367450e+02
1.815423356433473145e+02
1.851474584370834862e+02
1.880235552397147671e+02
1.853508986032119026e+02
1.786851856169529071e+02
1.810985664881749244e+02
1.803294239112478579e+02
1.797990058387249803e+02
1.777070337241202367e+02
1.719959058723313206e+02
1.759228968743849464e+02
1.732632636995852522e+02
1.772629302040853645e+02
1.732017354511720271e+02
1.690961082794403012e+02
1.767827811815586188e+02
1.775170959561027075e+02
1.702972941415372077e+02
1.762242080917262115e+02
1.762236317426313974e+02
1.762967424972142112e+02
1.766009558508358452e+02
1.765911107001621474e+02
1.796443056962330047e+02
1.771442607041651911e+02
1.772050464381230483e+02
1.755769466690221350e+02
1.770114702923422954e+02
1.818446547065601919e+02
1.791066823639980612e+02
1.776391552615341141e+02
1.764863556990426616e+02
1.787829175660396572e+02
1.752463538295577621e+02
1.758454084638040626e+02
1.769300847809393531e+02
1.852293696621649985e+02
1.829619048371133090e+02
1.783704418889421106e+02
1.827556364720412319e+02
1.870424851214585544e+02
1.856787721005677270e+02
1.876636720635337952e+02
1.874977188451860570e+02
1.991020145420584981e+02
2.151001662760852753e+02
3.133730369922387240e+02
8.760267049951385161e+02
1.275727608439455935e+03
1.411178990995976392e+03
1.461111694885669067e+03
1.442074450860309298e+03
1.454879606284507190e+03
1.432036155856750611e+03
1.416009938810879476e+03
1.383539827336752978e+03
1.294623676952353890e+03
1.128702176641927053e+03
5.857971025052521554e+02
2.141331819133089596e+02
1.833916238934761509e+02
1.779655246064352525e+02
1.779845845333738339e+02
1.730152028929851440e+02
1.772819782363207537e+02
1.767317217932465780e+02
1.754342128663110429e+02
1.807619548256221265e+02
1.771249292397201032e+02
1.792028219044223647e+02
1.751456862274170874e+02
1.766395769184628364e+02
1.717788497355792003e+02
1.752213969740145103e+02
1.694220296961705685e+02
1.801914281572298364e+02
1.774913291069762238e+02
1.872046427572706193e+02
1.905632339411174314e+02
2.027087782318777442e+02
2.254651799720794543e+02
3.980815348187811082e+02
7.503986462407648332e+02
1.567292493743581190e+03
2.026936792868149041e+03
2.179880980444287161e+03
2.228124006691760314e+03
2.215089435541952298e+03
2.203103686542199284e+03
2.161330854299143539e+03
2.089865996649916269e+03
2.017300676621558978e+03
1.750877445025191719e+03
1.334721955867131101e+03
6.076830934906701032e+02
1.983327058160141405e+02
1.800362360138452971e+02
1.766776932208075550e+02
1.687412610276730902e+02
1.663659520954093693e+02
1.643218254963951495e+02
1.659428916286606750e+02
1.648107417503827605e+02
1.617025513448483309e+02
1.532425780380472986e+02
1.498943934095377415e+02
1.382054879345168672e+02
1.318293643648944453e+02
1.251220351695221638e+02
1.203920968581220734e+02
1.230566628567281811e+02
1.213196593607306113e+02
1.166174969856406989e+02
1.190864588603444076e+02
1.253472951427512214e+02
1.236608794342206608e+02
1.215308773529355761e+02
1.199834841585490040e+02
1.179459721898547144e+02
1.230961295326740270e+02
1.201021164800628185e+02
1.184399541475614512e+02
1.164118892900120414e+02
1.196435440531749350e+02
1.104230393356999684e+02
1.173087780497755830e+02
1.161748730964467029e+02
1.155991259287007153e+02
1.184583422741138037e+02
1.175436680292965406e+02
1.129193394620360493e+02
1.155329046882385455e+02
1.076831737647188589e+02
1.105367560890288274e+02
1.076790649057605549e+02
1.046447144727789578e+02
1.077117038791159445e+02
1.064386885958888485e+02
1.044770329289427906e+02
