9.058333333333337123e+00
6.816666666666662877e+00
7.250000000000000000e+00
1.151666666666665151e+01
5.733333333333348492e+00
8.966666666666668561e+00
6.708333333333342807e+00
5.233333333333320070e+00
6.775000000000005684e+00
8.291666666666685614e+00
8.766666666666679930e+00
7.250000000000000000e+00
7.750000000000000000e+00
8.408333333333331439e+00
6.741666666666645824e+00
7.041666666666685614e+00
1.105000000000001137e+01
1.194166666666666288e+01
9.008333333333325754e+00
9.325000000000017053e+00
9.224999999999994316e+00
1.246666666666666856e+01
8.241666666666645824e+00
1.249166666666667425e+01
1.222499999999999432e+01
7.766666666666651508e+00
1.168333333333333712e+01
1.227500000000000568e+01
1.500833333333332575e+01
1.227500000000000568e+01
1.085000000000002274e+01
1.231666666666669130e+01
1.347499999999999432e+01
1.402500000000000568e+01
9.708333333333314386e+00
1.174166666666667425e+01
1.198333333333332007e+01
8.733333333333320070e+00
1.428333333333333144e+01
9.533333333333359860e+00
9.291666666666657193e+00
6.591666666666668561e+00
1.302500000000000568e+01
1.732499999999998863e+01
1.301666666666665151e+01
1.204166666666668561e+01
1.230000000000001137e+01
1.835833333333332007e+01
8.049999999999982947e+00
1.298333333333334849e+01
1.176666666666667993e+01
1.473333333333332007e+01
1.379166666666665719e+01
1.333333333333334281e+01
1.673333333333332007e+01
1.826666666666665151e+01
1.104999999999998295e+01
1.050833333333335418e+01
1.252500000000000568e+01
1.327500000000000568e+01
1.754999999999998295e+01
1.099166666666664582e+01
1.450000000000000000e+01
1.751666666666667993e+01
1.951666666666667993e+01
1.255000000000001137e+01
1.780833333333333712e+01
1.550000000000000000e+01
1.824166666666667425e+01
2.025000000000000000e+01
1.375833333333332575e+01
1.550000000000000000e+01
1.650833333333332575e+01
1.532499999999998863e+01
1.771666666666666856e+01
2.278333333333333144e+01
2.130833333333333712e+01
1.908333333333331439e+01
2.001666666666667993e+01
2.105833333333333712e+01
1.477500000000000568e+01
2.414166666666665151e+01
1.806666666666666288e+01
2.450833333333332575e+01
2.175833333333332575e+01
1.680833333333333712e+01
2.032500000000001705e+01
2.148333333333334849e+01
2.244999999999998863e+01
2.426666666666665151e+01
2.300000000000000000e+01
2.600000000000000000e+01
3.182500000000001705e+01
2.817499999999998295e+01
2.854166666666668561e+01
3.249166666666667425e+01
3.021666666666666856e+01
3.240000000000000568e+01
4.075833333333332575e+01
5.149166666666667425e+01
6.323333333333334849e+01
9.297499999999999432e+01
1.000166666666666799e+02
1.182583333333333542e+02
1.262500000000000000e+02
1.337916666666666572e+02
1.420083333333333258e+02
1.272666666666666515e+02
1.192583333333333258e+02
1.152749999999999773e+02
1.171749999999999829e+02
8.270000000000001705e+01
6.521666666666666856e+01
5.269999999999998863e+01
3.502500000000000568e+01
2.954166666666665719e+01
3.091666666666665719e+01
3.372499999999999432e+01
3.593333333333333712e+01
2.479166666666665719e+01
2.850833333333332575e+01
3.125000000000000000e+01
2.154166666666668561e+01
2.500000000000000000e+01
2.426666666666667993e+01
2.655000000000001137e+01
2.725833333333332575e+01
2.680000000000001137e+01
2.177499999999997726e+01
1.899166666666664582e+01
2.176666666666667993e+01
2.355833333333333712e+01
2.152500000000000568e+01
2.676666666666667993e+01
2.252500000000000568e+01
1.948333333333334849e+01
2.550000000000000000e+01
2.028333333333333144e+01
2.646666666666666856e+01
1.932500000000001705e+01
2.252499999999997726e+01
2.756666666666666288e+01
2.225833333333335418e+01
2.698333333333332007e+01
2.647499999999999432e+01
2.725000000000000000e+01
2.676666666666665151e+01
2.675833333333335418e+01
2.297500000000002274e+01
2.605833333333333712e+01
2.353333333333333144e+01
2.375000000000000000e+01
2.925000000000000000e+01
1.976666666666667993e+01
2.223333333333332007e+01
2.995833333333331439e+01
2.450000000000000000e+01
2.202500000000000568e+01
2.724166666666667425e+01
2.401666666666665151e+01
2.300833333333335418e+01
2.301666666666667993e+01
2.153333333333333144e+01
2.794999999999998863e+01
2.529999999999998295e+01
2.949166666666664582e+01
2.298333333333334849e+01
2.655833333333333712e+01
2.420833333333331439e+01
2.851666666666667993e+01
2.729166666666668561e+01
2.528333333333333144e+01
2.759166666666666856e+01
2.431666666666666288e+01
2.696666666666666856e+01
2.405000000000001137e+01
2.176666666666667993e+01
3.352500000000000568e+01
2.997499999999999432e+01
2.679999999999998295e+01
2.478333333333333144e+01
2.330833333333333712e+01
2.246666666666666856e+01
2.571666666666666856e+01
2.553333333333333144e+01
2.157499999999998863e+01
2.826666666666665151e+01
2.645833333333334281e+01
3.147499999999999432e+01
3.125000000000000000e+01
2.779166666666665719e+01
2.197499999999999432e+01
3.327500000000000568e+01
2.981666666666666288e+01
2.596666666666666856e+01
3.096666666666666856e+01
2.775833333333332575e+01
3.472499999999999432e+01
2.328333333333333144e+01
2.933333333333334281e+01
2.547499999999999432e+01
3.372499999999999432e+01
2.269166666666666288e+01
2.935833333333332007e+01
3.426666666666667993e+01
3.099166666666667425e+01
3.295833333333334281e+01
3.078333333333333144e+01
3.445833333333334281e+01
2.929166666666665719e+01
2.798333333333332007e+01
2.807499999999998863e+01
2.979999999999998295e+01
2.931666666666666288e+01
2.830833333333333712e+01
3.378333333333333144e+01
3.152500000000000568e+01
2.399166666666664582e+01
3.301666666666667993e+01
2.926666666666667993e+01
3.374166666666664582e+01
3.150833333333335418e+01
3.677500000000000568e+01
3.225000000000000000e+01
3.600833333333332575e+01
2.803333333333333144e+01
2.879166666666665719e+01
3.726666666666665151e+01
3.554166666666665719e+01
3.274166666666667425e+01
3.284166666666666856e+01
3.351666666666665151e+01
2.902500000000000568e+01
2.903333333333333144e+01
3.350833333333335418e+01
3.551666666666665151e+01
3.182500000000001705e+01
3.548333333333334849e+01
3.498333333333332007e+01
3.540000000000000568e+01
4.075833333333335418e+01
3.627500000000000568e+01
2.805000000000001137e+01
3.575000000000000000e+01
3.004999999999998295e+01
3.804166666666668561e+01
3.229999999999998295e+01
3.080833333333333712e+01
3.703333333333333144e+01
2.795833333333334281e+01
2.549166666666667425e+01
3.280833333333333712e+01
3.550000000000000000e+01
3.948333333333332007e+01
3.227500000000000568e+01
3.126666666666667993e+01
3.702500000000000568e+01
3.128333333333333144e+01
3.351666666666667993e+01
3.623333333333332007e+01
3.675833333333332575e+01
3.700000000000000000e+01
3.530000000000001137e+01
3.925833333333332575e+01
3.669166666666666288e+01
3.929166666666665719e+01
4.252500000000000568e+01
4.575833333333332575e+01
5.619166666666666288e+01
6.074166666666667425e+01
5.972499999999999432e+01
6.051666666666667993e+01
5.856666666666666288e+01
6.402500000000000568e+01
6.275833333333335418e+01
5.481666666666666288e+01
5.803333333333333144e+01
5.306666666666666288e+01
5.002499999999997726e+01
4.254166666666668561e+01
3.730000000000001137e+01
3.920833333333331439e+01
4.255833333333333712e+01
3.497499999999999432e+01
3.980833333333333712e+01
4.794166666666666288e+01
3.829166666666668561e+01
4.176666666666667993e+01
4.175833333333332575e+01
4.080000000000001137e+01
3.882500000000001705e+01
4.272499999999999432e+01
4.180000000000001137e+01
2.953333333333333144e+01
3.596666666666666856e+01
3.886666666666667425e+01
3.855833333333333712e+01
3.753333333333335986e+01
4.274166666666667425e+01
4.175833333333332575e+01
4.379999999999998295e+01
3.951666666666667993e+01
4.703333333333333144e+01
4.375000000000000000e+01
3.839166666666667993e+01
4.819999999999998863e+01
4.373333333333332007e+01
4.553333333333333144e+01
3.905833333333333712e+01
4.825833333333332575e+01
4.553333333333333144e+01
4.399166666666664582e+01
4.431666666666669130e+01
4.025833333333332575e+01
4.055000000000001137e+01
4.549166666666667425e+01
4.279166666666665719e+01
4.601666666666667993e+01
4.826666666666667993e+01
4.521666666666666856e+01
4.279166666666668561e+01
4.791666666666668561e+01
4.271666666666666856e+01
4.774166666666664582e+01
4.323333333333334849e+01
4.473333333333332007e+01
4.022499999999999432e+01
4.522500000000002274e+01
4.309166666666666856e+01
5.020833333333331439e+01
4.279166666666668561e+01
5.146666666666666856e+01
4.720000000000001705e+01
4.730000000000001137e+01
5.396666666666666856e+01
4.503333333333333144e+01
5.074166666666667425e+01
4.980833333333333712e+01
4.678333333333333144e+01
4.850833333333332575e+01
5.200000000000000000e+01
5.221666666666666856e+01
4.872499999999999432e+01
4.502500000000000568e+01
4.456666666666666288e+01
5.221666666666666856e+01
4.900000000000000000e+01
4.348333333333332007e+01
5.349166666666667425e+01
4.334166666666666856e+01
5.327500000000000568e+01
4.953333333333333144e+01
4.821666666666666856e+01
5.274166666666664582e+01
5.769999999999998863e+01
4.730000000000001137e+01
4.940000000000000568e+01
4.851666666666665151e+01
5.029166666666668561e+01
4.695833333333331439e+01
4.700000000000000000e+01
5.534999999999999432e+01
5.029166666666665719e+01
5.377499999999997726e+01
4.858333333333334281e+01
4.878333333333333144e+01
5.449166666666667425e+01
5.175000000000000000e+01
4.934999999999999432e+01
5.226666666666667993e+01
4.581666666666666288e+01
5.646666666666666856e+01
5.354166666666668561e+01
4.972499999999999432e+01
5.800833333333332575e+01
5.449166666666664582e+01
5.900000000000000000e+01
5.054166666666665719e+01
5.724166666666667425e+01
6.079166666666665719e+01
5.700833333333332575e+01
5.060833333333334849e+01
5.905833333333333712e+01
5.655833333333333712e+01
5.548333333333332007e+01
5.579166666666668561e+01
5.429999999999998295e+01
5.554166666666665719e+01
5.848333333333332007e+01
5.919166666666666288e+01
5.103333333333333144e+01
6.040000000000000568e+01
5.602500000000000568e+01
5.122499999999999432e+01
6.076666666666665151e+01
6.079166666666665719e+01
6.220833333333334281e+01
5.624166666666667425e+01
5.709999999999999432e+01
5.773333333333334849e+01
5.104999999999998295e+01
6.094166666666666288e+01
5.275833333333332575e+01
5.756666666666666288e+01
5.679166666666665719e+01
5.995833333333331439e+01
5.675833333333335418e+01
5.371666666666664014e+01
6.472499999999999432e+01
5.780833333333333712e+01
5.607499999999998863e+01
6.181666666666666288e+01
6.150000000000000000e+01
6.209999999999999432e+01
6.622499999999999432e+01
5.651666666666667993e+01
6.225000000000000000e+01
6.647499999999999432e+01
6.381666666666666288e+01
5.973333333333332007e+01
6.601666666666667993e+01
6.270833333333331439e+01
6.103333333333333144e+01
6.250833333333335418e+01
5.853333333333333144e+01
6.400833333333335418e+01
6.197499999999999432e+01
6.227500000000000568e+01
6.351666666666667993e+01
6.467499999999998295e+01
5.780833333333333712e+01
5.901666666666667993e+01
6.795833333333334281e+01
6.873333333333334849e+01
6.425000000000000000e+01
7.120833333333334281e+01
6.670833333333334281e+01
4.254166666666665719e+01
6.650000000000000000e+01
6.532499999999998863e+01
5.929166666666668561e+01
6.019166666666666288e+01
6.573333333333334849e+01
6.998333333333332007e+01
7.008333333333334281e+01
7.110833333333332007e+01
6.529166666666668561e+01
6.755833333333333712e+01
7.279166666666665719e+01
6.980000000000001137e+01
7.178333333333333144e+01
6.525000000000000000e+01
7.059999999999999432e+01
6.951666666666665151e+01
6.205000000000001137e+01
6.629166666666668561e+01
6.700000000000000000e+01
7.329166666666665719e+01
7.227499999999997726e+01
6.977500000000000568e+01
7.779166666666668561e+01
6.501666666666665151e+01
7.500000000000000000e+01
7.546666666666664014e+01
7.628333333333333144e+01
7.850000000000000000e+01
7.594166666666666288e+01
7.108333333333334281e+01
6.876666666666667993e+01
7.005000000000001137e+01
6.630000000000001137e+01
8.023333333333332007e+01
7.571666666666666856e+01
7.406666666666666288e+01
8.000833333333332575e+01
8.177500000000000568e+01
7.705833333333333712e+01
7.906666666666666288e+01
8.350000000000000000e+01
7.755833333333333712e+01
8.307499999999998863e+01
8.051666666666665151e+01
7.577500000000000568e+01
8.020833333333331439e+01
9.077500000000000568e+01
8.525833333333335418e+01
9.226666666666667993e+01
8.855833333333333712e+01
8.959166666666666856e+01
8.957499999999998863e+01
9.525000000000000000e+01
1.030000000000000000e+02
9.935833333333332007e+01
1.142083333333333144e+02
1.107500000000000000e+02
1.250583333333333371e+02
1.320583333333333371e+02
1.388000000000000114e+02
1.464750000000000227e+02
1.588416666666666686e+02
1.815166666666666799e+02
2.330750000000000171e+02
3.383333333333333144e+02
7.355166666666666515e+02
2.096233333333333121e+03
3.461324999999999818e+03
4.229741666666666788e+03
4.600500000000000000e+03
4.850508333333333212e+03
4.962066666666666606e+03
5.037199999999999818e+03
4.847758333333333212e+03
4.673791666666666060e+03
4.290808333333333394e+03
3.590525000000000091e+03
2.391550000000000182e+03
7.012583333333333258e+02
2.185666666666666629e+02
1.634333333333333371e+02
1.170333333333333314e+02
1.012750000000000057e+02
1.017666666666666515e+02
9.419166666666666288e+01
9.605000000000001137e+01
8.828333333333333144e+01
8.679166666666665719e+01
8.870833333333334281e+01
8.726666666666665151e+01
8.767500000000001137e+01
7.400833333333335418e+01
7.729166666666665719e+01
8.000833333333335418e+01
8.398333333333332007e+01
7.930833333333333712e+01
8.377500000000000568e+01
7.700833333333335418e+01
7.777500000000000568e+01
7.724166666666664582e+01
7.734166666666666856e+01
7.625833333333335418e+01
8.048333333333332007e+01
8.253333333333333144e+01
7.510000000000002274e+01
8.126666666666667993e+01
7.524166666666664582e+01
7.651666666666667993e+01
7.648333333333334849e+01
7.959999999999999432e+01
7.301666666666665151e+01
7.350833333333335418e+01
7.405833333333333712e+01
7.625833333333335418e+01
8.200000000000000000e+01
7.806666666666666288e+01
8.073333333333332007e+01
7.965833333333333144e+01
8.227500000000000568e+01
7.584166666666666856e+01
7.856666666666666288e+01
8.529166666666668561e+01
8.729166666666665719e+01
8.255833333333333712e+01
9.029166666666665719e+01
8.974166666666667425e+01
9.550833333333335418e+01
1.034833333333333201e+02
1.147583333333333258e+02
1.789666666666666686e+02
3.827416666666666742e+02
6.402583333333333258e+02
7.905166666666666515e+02
8.970166666666666515e+02
9.358250000000000455e+02
9.412500000000000000e+02
9.507583333333333258e+02
9.273416666666666970e+02
8.987333333333333485e+02
8.349833333333333485e+02
7.169249999999999545e+02
5.082416666666666742e+02
2.122833333333333314e+02
1.145250000000000057e+02
9.854999999999998295e+01
9.205833333333333712e+01
9.346666666666666856e+01
8.281666666666669130e+01
8.395833333333331439e+01
7.906666666666666288e+01
8.030833333333333712e+01
8.027499999999997726e+01
8.375000000000000000e+01
7.704166666666668561e+01
8.555000000000001137e+01
7.955833333333333712e+01
8.304166666666668561e+01
8.145833333333331439e+01
7.628333333333333144e+01
8.478333333333333144e+01
8.643333333333330870e+01
8.747499999999999432e+01
9.947500000000002274e+01
1.089749999999999943e+02
1.103000000000000114e+02
1.060333333333333314e+02
1.152500000000000000e+02
1.075000000000000000e+02
1.086166666666666742e+02
1.095166666666666799e+02
1.097583333333333258e+02
1.017333333333333485e+02
9.578333333333335986e+01
9.318333333333333712e+01
7.645833333333331439e+01
8.000000000000000000e+01
7.805000000000001137e+01
7.532499999999998863e+01
7.672499999999999432e+01
8.025000000000000000e+01
7.783333333333334281e+01
8.604166666666668561e+01
7.744999999999998863e+01
8.101666666666665151e+01
8.283333333333334281e+01
8.159166666666666856e+01
8.259166666666666856e+01
8.001666666666667993e+01
7.847499999999999432e+01
7.681666666666666288e+01
7.769999999999998863e+01
7.723333333333332007e+01
7.494166666666666288e+01
7.122499999999999432e+01
7.848333333333332007e+01
7.704999999999998295e+01
8.100000000000000000e+01
7.898333333333332007e+01
8.129166666666668561e+01
8.035833333333332007e+01
8.150833333333332575e+01
8.273333333333332007e+01
8.100000000000000000e+01
7.983333333333334281e+01
7.625833333333332575e+01
7.673333333333332007e+01
8.176666666666665151e+01
8.155000000000001137e+01
8.045833333333331439e+01
7.848333333333332007e+01
8.600000000000000000e+01
7.991666666666665719e+01
7.825833333333332575e+01
7.753333333333333144e+01
8.706666666666666288e+01
7.705000000000001137e+01
8.152500000000000568e+01
8.350000000000000000e+01
8.725000000000000000e+01
7.559166666666666856e+01
8.847499999999999432e+01
7.826666666666667993e+01
8.198333333333332007e+01
7.929166666666665719e+01
7.971666666666666856e+01
8.752499999999997726e+01
8.225000000000000000e+01
8.196666666666666856e+01
8.025833333333332575e+01
8.578333333333333144e+01
8.621666666666666856e+01
8.551666666666665151e+01
8.408333333333334281e+01
9.550833333333332575e+01
1.002416666666666742e+02
9.022499999999999432e+01
1.052416666666666458e+02
1.075000000000000000e+02
1.163166666666666629e+02
1.277333333333333485e+02
1.300833333333333144e+02
1.333333333333333144e+02
1.350166666666666515e+02
1.460333333333333314e+02
1.472166666666666686e+02
1.433250000000000171e+02
1.372333333333333201e+02
1.379916666666666742e+02
1.262583333333333258e+02
1.142083333333333144e+02
1.047750000000000057e+02
1.007250000000000227e+02
9.597499999999999432e+01
9.304166666666668561e+01
9.250833333333332575e+01
9.169999999999998863e+01
9.052500000000000568e+01
9.055000000000001137e+01
7.978333333333335986e+01
8.502500000000000568e+01
8.831666666666666288e+01
9.028333333333333144e+01
8.409166666666666856e+01
8.395000000000001705e+01
9.126666666666667993e+01
9.378333333333333144e+01
8.381666666666669130e+01
8.574166666666667425e+01
8.202499999999997726e+01
9.022499999999999432e+01
8.946666666666666856e+01
9.026666666666667993e+01
8.629166666666665719e+01
9.396666666666666856e+01
8.703333333333333144e+01
8.455833333333333712e+01
9.075000000000000000e+01
8.653333333333335986e+01
8.450833333333332575e+01
8.228333333333333144e+01
8.553333333333333144e+01
8.947499999999999432e+01
8.575833333333332575e+01
9.230833333333333712e+01
8.699166666666667425e+01
8.244999999999998863e+01
8.450000000000000000e+01
8.255833333333333712e+01
9.476666666666665151e+01
8.926666666666667993e+01
8.896666666666666856e+01
8.457500000000001705e+01
8.774166666666667425e+01
8.800000000000000000e+01
8.873333333333334849e+01
9.069166666666666288e+01
9.175833333333332575e+01
8.605000000000001137e+01
9.124166666666667425e+01
8.828333333333335986e+01
8.328333333333335986e+01
9.173333333333332007e+01
8.709166666666666856e+01
8.831666666666666288e+01
8.878333333333335986e+01
8.602500000000000568e+01
8.700000000000000000e+01
9.053333333333333144e+01
8.975833333333332575e+01
9.234166666666666856e+01
8.625000000000000000e+01
9.223333333333332007e+01
9.376666666666665151e+01
8.999166666666664582e+01
9.444166666666666288e+01
8.352500000000000568e+01
8.822499999999999432e+01
8.090833333333333144e+01
9.178333333333333144e+01
8.903333333333333144e+01
8.879166666666668561e+01
8.755000000000001137e+01
9.275833333333332575e+01
8.105000000000001137e+01
9.275833333333332575e+01
9.084999999999999432e+01
9.407500000000001705e+01
9.123333333333334849e+01
9.429166666666668561e+01
8.980833333333333712e+01
1.135249999999999773e+02
1.090166666666666799e+02
1.150583333333333371e+02
1.099916666666666742e+02
1.204749999999999943e+02
1.180749999999999886e+02
1.207083333333333428e+02
1.245500000000000114e+02
1.279583333333333428e+02
1.120833333333333428e+02
1.230166666666666515e+02
1.135166666666666515e+02
9.830000000000001137e+01
1.005916666666666686e+02
1.025000000000000000e+02
1.037166666666666686e+02
9.854166666666665719e+01
9.752499999999997726e+01
9.850833333333332575e+01
1.030083333333333258e+02
1.068000000000000114e+02
9.850000000000000000e+01
1.035166666666666515e+02
1.012833333333333314e+02
1.070500000000000114e+02
9.949166666666667425e+01
1.030583333333333371e+02
1.005250000000000057e+02
9.927499999999997726e+01
9.675000000000000000e+01
9.922499999999999432e+01
9.785833333333332007e+01
9.698333333333332007e+01
9.705000000000001137e+01
9.968333333333333712e+01
9.306666666666666288e+01
9.671666666666666856e+01
9.321666666666666856e+01
9.575833333333335418e+01
9.519166666666666288e+01
9.174166666666667425e+01
1.035083333333333258e+02
1.000000000000000000e+02
1.110333333333333314e+02
1.137249999999999943e+02
1.150083333333333542e+02
1.173166666666666629e+02
1.160083333333333542e+02
1.202833333333333314e+02
1.193249999999999886e+02
1.147666666666666515e+02
1.165500000000000114e+02
1.017916666666666572e+02
1.040250000000000057e+02
9.900000000000000000e+01
8.943333333333333712e+01
1.007583333333333542e+02
9.625000000000000000e+01
9.700000000000000000e+01
1.008000000000000114e+02
9.828333333333333144e+01
9.680000000000001137e+01
9.834166666666666856e+01
1.015083333333333258e+02
1.005416666666666572e+02
9.255833333333333712e+01
9.446666666666666856e+01
9.947499999999999432e+01
1.027249999999999943e+02
9.398333333333334849e+01
9.470000000000001705e+01
9.459166666666666856e+01
9.633333333333331439e+01
1.002166666666666686e+02
1.004499999999999886e+02
1.000500000000000114e+02
9.794999999999998863e+01
1.015666666666666913e+02
1.005416666666666856e+02
9.758333333333334281e+01
1.054916666666666742e+02
9.923333333333334849e+01
1.030416666666666856e+02
9.729166666666665719e+01
9.654166666666665719e+01
9.525000000000000000e+01
9.952500000000000568e+01
9.381666666666666288e+01
9.700833333333335418e+01
1.012750000000000057e+02
1.027249999999999943e+02
9.997499999999999432e+01
1.025416666666666572e+02
9.758333333333334281e+01
1.072750000000000057e+02
9.998333333333334849e+01
1.072999999999999829e+02
1.025083333333333258e+02
9.625833333333335418e+01
1.012666666666666515e+02
9.432500000000001705e+01
1.019666666666666686e+02
1.042583333333333258e+02
9.875000000000000000e+01
9.932499999999998863e+01
1.013916666666666515e+02
1.066916666666666629e+02
1.037500000000000000e+02
1.009833333333333485e+02
1.040583333333333371e+02
1.037416666666666742e+02
1.042833333333333599e+02
1.044833333333333485e+02
1.057750000000000057e+02
1.085250000000000057e+02
1.005416666666666572e+02
1.128333333333333428e+02
9.954166666666665719e+01
1.037500000000000000e+02
1.022750000000000057e+02
1.075166666666666515e+02
1.057750000000000057e+02
1.087666666666666515e+02
1.039916666666666742e+02
1.087666666666666515e+02
1.115000000000000000e+02
1.124583333333333144e+02
1.055250000000000057e+02
1.080416666666666856e+02
1.012583333333333542e+02
1.119916666666666458e+02
1.052833333333333314e+02
1.112500000000000000e+02
1.077500000000000000e+02
1.139916666666666458e+02
1.050083333333333258e+02
1.120499999999999829e+02
1.129666666666666686e+02
1.065250000000000057e+02
1.105500000000000114e+02
1.197666666666666515e+02
1.116999999999999886e+02
1.200833333333333428e+02
1.135750000000000171e+02
1.240333333333333599e+02
1.160083333333333542e+02
1.234583333333333428e+02
1.227333333333333201e+02
1.135000000000000000e+02
1.109416666666666629e+02
1.180416666666666856e+02
1.202500000000000000e+02
1.125166666666666799e+02
1.242416666666666742e+02
1.287750000000000057e+02
1.297416666666666458e+02
1.232666666666666799e+02
1.274749999999999943e+02
1.235250000000000057e+02
1.254083333333333314e+02
1.207166666666666686e+02
1.282416666666666742e+02
1.245166666666666515e+02
1.267333333333333485e+02
1.205250000000000057e+02
1.239916666666666742e+02
1.245749999999999886e+02
1.264749999999999943e+02
1.242583333333333258e+02
1.247333333333333201e+02
1.304499999999999886e+02
1.307833333333333599e+02
1.350749999999999886e+02
1.292500000000000000e+02
1.297500000000000000e+02
1.302500000000000000e+02
1.392833333333333314e+02
1.279666666666666401e+02
1.262500000000000000e+02
1.275166666666666799e+02
1.322583333333333258e+02
1.312333333333333485e+02
1.317666666666666515e+02
1.275250000000000057e+02
1.380333333333333314e+02
1.323000000000000114e+02
1.413333333333333428e+02
1.397750000000000057e+02
1.315833333333333428e+02
1.360333333333333314e+02
1.465583333333333371e+02
1.567166666666666686e+02
1.650500000000000114e+02
1.714749999999999943e+02
1.764333333333333371e+02
1.543083333333333371e+02
1.725999999999999943e+02
1.750583333333333371e+02
1.974250000000000114e+02
1.858499999999999943e+02
1.924916666666666742e+02
1.905583333333333371e+02
1.814583333333333144e+02
1.785083333333333542e+02
1.663083333333333371e+02
1.665166666666666799e+02
1.665833333333333428e+02
1.604749999999999943e+02
1.597833333333333599e+02
1.650083333333333542e+02
1.543250000000000171e+02
1.656916666666666629e+02
1.682333333333333485e+02
1.767083333333333144e+02
1.668083333333333371e+02
1.739916666666666742e+02
1.770083333333333542e+02
1.759583333333333144e+02
1.927833333333333314e+02
2.000666666666666629e+02
1.945666666666666629e+02
1.908000000000000114e+02
1.987166666666666686e+02
1.979416666666666913e+02
1.959833333333333485e+02
2.075416666666666856e+02
2.045166666666666515e+02
2.058416666666666686e+02
1.975083333333333258e+02
2.127500000000000000e+02
1.957750000000000057e+02
2.130166666666666799e+02
2.149749999999999943e+02
2.147583333333333258e+02
2.254833333333333201e+02
2.252500000000000000e+02
2.350333333333333314e+02
2.365249999999999773e+02
2.472833333333333314e+02
2.580166666666666515e+02
2.545749999999999886e+02
2.710000000000000000e+02
2.745000000000000000e+02
2.762916666666666856e+02
2.817583333333333258e+02
3.019916666666666742e+02
3.069833333333333485e+02
3.289750000000000227e+02
3.460583333333333371e+02
3.535916666666666970e+02
3.675333333333333030e+02
3.987500000000000000e+02
4.244583333333333712e+02
4.510083333333333258e+02
4.662333333333333485e+02
4.923083333333333371e+02
5.457750000000000909e+02
5.802749999999999773e+02
6.469166666666667425e+02
6.902749999999999773e+02
7.612666666666666515e+02
8.387166666666666970e+02
9.465249999999999773e+02
1.071991666666666788e+03
1.183733333333333348e+03
1.313750000000000000e+03
1.439525000000000091e+03
1.569799999999999955e+03
1.764808333333333394e+03
1.976049999999999955e+03
2.333224999999999909e+03
2.835025000000000091e+03
3.909274999999999636e+03
5.820225000000000364e+03
9.066291666666666060e+03
1.320676666666666642e+04
1.699431666666666570e+04
1.924495833333333576e+04
2.046420833333333576e+04
2.071698333333333358e+04
2.080445000000000073e+04
2.062453333333333285e+04
1.989234999999999854e+04
1.829452500000000146e+04
1.533248333333333358e+04
1.137675833333333321e+04
7.304933333333332484e+03
5.027274999999999636e+03
4.177225000000000364e+03
4.482758333333333212e+03
5.736024999999999636e+03
8.595325000000000728e+03
1.282978333333333285e+04
1.687097499999999854e+04
1.965245000000000073e+04
2.101377500000000146e+04
2.145325833333333139e+04
2.153673333333333358e+04
2.152251666666666642e+04
2.092956666666666570e+04
1.952234999999999854e+04
1.685197499999999854e+04
1.252154166666666606e+04
8.029774999999999636e+03
4.855541666666666970e+03
3.144824999999999818e+03
2.313341666666666697e+03
1.798325000000000045e+03
1.440283333333333303e+03
1.201241666666666788e+03
1.020716666666666697e+03
8.840666666666666060e+02
7.810249999999999773e+02
7.005166666666666515e+02
6.192999999999999545e+02
5.637666666666666515e+02
5.337250000000000227e+02
4.819916666666666742e+02
4.365249999999999773e+02
4.105666666666666629e+02
3.850249999999999773e+02
3.671833333333333371e+02
3.521750000000000114e+02
3.233083333333333371e+02
3.104916666666666742e+02
3.059249999999999545e+02
2.855083333333333258e+02
2.745666666666666629e+02
2.814166666666666288e+02
2.665166666666666515e+02
2.694750000000000227e+02
2.562416666666666742e+02
2.562666666666666515e+02
2.417916666666666572e+02
2.394916666666666742e+02
2.297916666666666572e+02
2.192500000000000000e+02
2.152666666666666799e+02
2.042750000000000057e+02
2.040583333333333371e+02
1.967416666666666742e+02
1.932583333333333258e+02
1.837750000000000057e+02
1.829416666666666629e+02
1.809749999999999943e+02
1.740666666666666629e+02
1.663000000000000114e+02
1.757583333333333542e+02
1.648000000000000114e+02
1.670666666666666629e+02
1.687500000000000000e+02
1.665250000000000057e+02
1.597166666666666686e+02
1.577666666666666799e+02
1.525166666666666799e+02
1.607999999999999829e+02
1.592500000000000000e+02
1.440583333333333371e+02
1.494583333333333144e+02
1.490083333333333542e+02
1.425416666666666856e+02
1.442333333333333485e+02
1.501500000000000057e+02
1.479749999999999943e+02
1.517083333333333144e+02
1.457500000000000000e+02
1.430416666666666572e+02
1.480250000000000057e+02
1.640166666666666799e+02
1.697250000000000227e+02
1.697083333333333428e+02
1.775916666666666686e+02
1.717666666666666799e+02
1.717333333333333485e+02
1.788583333333333485e+02
1.715916666666666686e+02
1.782666666666666515e+02
1.695083333333333258e+02
1.735000000000000000e+02
1.635999999999999943e+02
1.562416666666666742e+02
1.477249999999999943e+02
1.468166666666666629e+02
1.460333333333333314e+02
1.454833333333333485e+02
1.442666666666666799e+02
1.445500000000000114e+02
1.339833333333333201e+02
1.370333333333333599e+02
1.355500000000000114e+02
1.372750000000000057e+02
1.427666666666666799e+02
1.402249999999999943e+02
1.474583333333333428e+02
1.465333333333333314e+02
1.474750000000000227e+02
1.402333333333333201e+02
1.510166666666666515e+02
1.422750000000000057e+02
1.547916666666666572e+02
1.572416666666666742e+02
1.458333333333333428e+02
1.479916666666666742e+02
1.474916666666666742e+02
1.525083333333333258e+02
1.483000000000000114e+02
1.489333333333333371e+02
1.467916666666666572e+02
1.483166666666666629e+02
1.467416666666666458e+02
1.623166666666666913e+02
1.574500000000000171e+02
1.615250000000000057e+02
1.665000000000000000e+02
1.624916666666666742e+02
1.684749999999999943e+02
1.630666666666666629e+02
1.700666666666666913e+02
1.630166666666666799e+02
1.719916666666666742e+02
1.689916666666666742e+02
1.705083333333333258e+02
1.688083333333333371e+02
1.715250000000000057e+02
1.624333333333333371e+02
1.627083333333333144e+02
1.667666666666666515e+02
1.717416666666666742e+02
1.638416666666666686e+02
1.692916666666666856e+02
1.769916666666666742e+02
1.737249999999999943e+02
1.725166666666666799e+02
1.700333333333333314e+02
1.758000000000000114e+02
1.684499999999999886e+02
1.743166666666666629e+02
1.772833333333333314e+02
1.760000000000000000e+02
1.720250000000000057e+02
1.715416666666666572e+02
1.735083333333333542e+02
1.800416666666666856e+02
1.770416666666666572e+02
1.812333333333333485e+02
1.745000000000000000e+02
1.795083333333333258e+02
1.748083333333333371e+02
1.730166666666666515e+02
1.782583333333333258e+02
1.755000000000000000e+02
1.770416666666666856e+02
1.782583333333333258e+02
1.759749999999999943e+02
1.768166666666666629e+02
1.832249999999999943e+02
1.853083333333333371e+02
1.845083333333333542e+02
1.847416666666666742e+02
1.917666666666666799e+02
1.940000000000000000e+02
1.885083333333333258e+02
1.918083333333333371e+02
1.926083333333333201e+02
1.957249999999999943e+02
2.015250000000000057e+02
1.872833333333333314e+02
1.903083333333333371e+02
2.016999999999999886e+02
2.019416666666666629e+02
1.987416666666666458e+02
2.027916666666666856e+02
2.084833333333333201e+02
2.029583333333333144e+02
2.034916666666666458e+02
2.113416666666666686e+02
2.215000000000000000e+02
2.215083333333333258e+02
2.200166666666666799e+02
2.288166666666666913e+02
2.264749999999999943e+02
2.353000000000000114e+02
2.332583333333333258e+02
2.434749999999999943e+02
2.388250000000000171e+02
2.460083333333333258e+02
2.460583333333333371e+02
2.410416666666666572e+02
2.466666666666666572e+02
2.467916666666666572e+02
2.639833333333333485e+02
2.596750000000000114e+02
2.555250000000000057e+02
2.670166666666666515e+02
2.802416666666666742e+02
2.852500000000000000e+02
2.852250000000000227e+02
2.893000000000000114e+02
2.963500000000000227e+02
2.967500000000000000e+02
2.830333333333333599e+02
3.055666666666666629e+02
3.155416666666666856e+02
3.172749999999999773e+02
3.347250000000000227e+02
3.431749999999999545e+02
3.415083333333333258e+02
3.535249999999999773e+02
3.582749999999999773e+02
3.745333333333333599e+02
3.740333333333333030e+02
3.994750000000000227e+02
4.132166666666666970e+02
4.395416666666666288e+02
4.611999999999999886e+02
4.760083333333333258e+02
5.292583333333333258e+02
5.435416666666666288e+02
5.939583333333332575e+02
6.437250000000000227e+02
7.072833333333333030e+02
7.565166666666666515e+02
8.455249999999999773e+02
9.355916666666666970e+02
1.021058333333333280e+03
1.107766666666666652e+03
1.199766666666666652e+03
1.305466666666666697e+03
1.404474999999999909e+03
1.489224999999999909e+03
1.632566666666666606e+03
1.697783333333333303e+03
1.813991666666666788e+03
1.923325000000000045e+03
2.071791666666666970e+03
2.209025000000000091e+03
2.411500000000000000e+03
2.661800000000000182e+03
2.973958333333333485e+03
3.474308333333333394e+03
4.137524999999999636e+03
5.494675000000000182e+03
8.669558333333334303e+03
1.831124166666666861e+04
3.231790000000000146e+04
4.195259166666666715e+04
4.482385833333332994e+04
4.512104166666666424e+04
4.492954166666667152e+04
4.443513333333333139e+04
4.353303333333333285e+04
4.228935833333333721e+04
4.056314166666666279e+04
3.306819166666666570e+04
1.872679999999999927e+04
6.494483333333333576e+03
1.740675000000000182e+03
8.791833333333333940e+02
6.324416666666666060e+02
4.976999999999999318e+02
4.367333333333333485e+02
3.839416666666666629e+02
3.489666666666666970e+02
3.144333333333333371e+02
3.026666666666666288e+02
2.839750000000000227e+02
2.786833333333333371e+02
2.650500000000000114e+02
2.514833333333333201e+02
2.532500000000000000e+02
2.475166666666666799e+02
2.412249999999999943e+02
2.357083333333333428e+02
2.429583333333333144e+02
2.299916666666666742e+02
2.250666666666666913e+02
2.251583333333333314e+02
2.145250000000000057e+02
2.147666666666666515e+02
2.073333333333333144e+02
2.152916666666666856e+02
2.050166666666666799e+02
2.138166666666666913e+02
1.928166666666666629e+02
2.092000000000000171e+02
1.970499999999999829e+02
2.060416666666666856e+02
2.139583333333333144e+02
2.074333333333333371e+02
2.040333333333333314e+02
2.085666666666666629e+02
2.120000000000000000e+02
2.129749999999999943e+02
2.161083333333333485e+02
2.169500000000000171e+02
2.155333333333333314e+02
2.144166666666666856e+02
2.147249999999999943e+02
2.037666666666666799e+02
2.072166666666666686e+02
2.038000000000000114e+02
2.074333333333333371e+02
2.179583333333333428e+02
2.009666666666666686e+02
2.067333333333333201e+02
2.109916666666666742e+02
1.980166666666666799e+02
2.112666666666666799e+02
2.049583333333333144e+02
1.978250000000000171e+02
1.989083333333333314e+02
1.902583333333333542e+02
2.009666666666666686e+02
2.022500000000000000e+02
1.937666666666666515e+02
1.940166666666666515e+02
1.937583333333333258e+02
1.949749999999999943e+02
2.047249999999999943e+02
1.997583333333333258e+02
2.037416666666666742e+02
2.210083333333333258e+02
2.227750000000000057e+02
2.235166666666666799e+02
2.334499999999999886e+02
2.372249999999999943e+02
2.380333333333333314e+02
2.360583333333333371e+02
2.328333333333333144e+02
2.305166666666666799e+02
2.317583333333333258e+02
2.274916666666666742e+02
2.167583333333333258e+02
2.087666666666666515e+02
2.067999999999999829e+02
2.132416666666666458e+02
2.080166666666666515e+02
1.982750000000000057e+02
1.953000000000000114e+02
1.912416666666666458e+02
1.920666666666666629e+02
1.884583333333333428e+02
1.805500000000000114e+02
1.927666666666666515e+02
1.842500000000000000e+02
1.797500000000000000e+02
1.835166666666666515e+02
1.799499999999999886e+02
1.735583333333333371e+02
1.715250000000000057e+02
1.922500000000000000e+02
1.824583333333333428e+02
1.737833333333333314e+02
1.770749999999999886e+02
1.815416666666666856e+02
1.747500000000000000e+02
1.806749999999999829e+02
1.767583333333333542e+02
1.768999999999999773e+02
1.817750000000000057e+02
1.762416666666666742e+02
1.832583333333333542e+02
1.786999999999999886e+02
1.802833333333333314e+02
1.792583333333333258e+02
1.732583333333333258e+02
1.817166666666666686e+02
1.730916666666666686e+02
1.770083333333333542e+02
1.750000000000000000e+02
1.807249999999999943e+02
1.704499999999999886e+02
1.748166666666666629e+02
1.794749999999999943e+02
1.652833333333333314e+02
1.617833333333333314e+02
1.672500000000000000e+02
1.602249999999999943e+02
1.630416666666666572e+02
1.607666666666666799e+02
1.597416666666666742e+02
1.555500000000000114e+02
1.662583333333333258e+02
1.580416666666666856e+02
1.540250000000000057e+02
1.625166666666666799e+02
1.739916666666666458e+02
1.629833333333333201e+02
1.607249999999999943e+02
1.634833333333333485e+02
1.602666666666666515e+02
1.572583333333333258e+02
1.557416666666666458e+02
1.609833333333333485e+02
1.552583333333333258e+02
1.589916666666666458e+02
1.570000000000000000e+02
1.691749999999999829e+02
1.585083333333333258e+02
1.639833333333333485e+02
1.579083333333333314e+02
1.611833333333333087e+02
1.627416666666666742e+02
1.660416666666666856e+02
1.648666666666666458e+02
1.573166666666666629e+02
1.606250000000000000e+02
1.603000000000000114e+02
1.613166666666666629e+02
1.518249999999999886e+02
1.547916666666666856e+02
1.527750000000000057e+02
1.566999999999999886e+02
1.590499999999999829e+02
1.612166666666666686e+02
1.627916666666666572e+02
1.622166666666666686e+02
1.616166666666666458e+02
1.612583333333333258e+02
1.624833333333333201e+02
1.647583333333333258e+02
1.599416666666666629e+02
1.660083333333333542e+02
1.585000000000000000e+02
1.595000000000000000e+02
1.577666666666666515e+02
1.565250000000000057e+02
1.579916666666666742e+02
1.666583333333333314e+02
1.537583333333333542e+02
1.570166666666666799e+02
1.569916666666666458e+02
1.682416666666666742e+02
1.599749999999999943e+02
1.639833333333333201e+02
1.632666666666666799e+02
1.617250000000000227e+02
1.562916666666666572e+02
1.664583333333333428e+02
1.602416666666666742e+02
1.614749999999999943e+02
1.610000000000000000e+02
1.699749999999999943e+02
1.623083333333333371e+02
1.583249999999999886e+02
1.672249999999999943e+02
1.670000000000000000e+02
1.634666666666666401e+02
1.607083333333333428e+02
1.620000000000000000e+02
1.607416666666666742e+02
1.577416666666666458e+02
1.612666666666666799e+02
1.592750000000000057e+02
1.580249999999999773e+02
1.582500000000000000e+02
1.682333333333333485e+02
1.592750000000000057e+02
1.685333333333333599e+02
1.554916666666666742e+02
1.602249999999999943e+02
1.579916666666666458e+02
1.667333333333333485e+02
1.627583333333333258e+02
1.698666666666666742e+02
1.676999999999999886e+02
1.649666666666666686e+02
1.638166666666666629e+02
1.647083333333333428e+02
1.687166666666666686e+02
1.664749999999999943e+02
1.679499999999999886e+02
1.705249999999999773e+02
1.769583333333333144e+02
1.780083333333333258e+02
1.647333333333333485e+02
1.794333333333333087e+02
1.635166666666666515e+02
1.760083333333333258e+02
1.743000000000000114e+02
1.819916666666666458e+02
1.722833333333333314e+02
1.740000000000000000e+02
1.734833333333333201e+02
1.705333333333333314e+02
1.637166666666666401e+02
1.662749999999999773e+02
1.685000000000000000e+02
1.766916666666666629e+02
1.615749999999999886e+02
1.720416666666666572e+02
1.822583333333333258e+02
1.982500000000000000e+02
2.205333333333333314e+02
2.437500000000000000e+02
2.475000000000000000e+02
2.442916666666666572e+02
2.477666666666666799e+02
2.475250000000000057e+02
2.553083333333333371e+02
2.522333333333333201e+02
2.405166666666666799e+02
2.294250000000000114e+02
2.070249999999999773e+02
1.897500000000000000e+02
1.852750000000000057e+02
1.833166666666666629e+02
1.854833333333333485e+02
1.912666666666666515e+02
1.893000000000000114e+02
1.830500000000000114e+02
1.959749999999999943e+02
1.962166666666666686e+02
1.890250000000000057e+02
1.999916666666666742e+02
2.052000000000000171e+02
1.865249999999999773e+02
2.120250000000000057e+02
2.134833333333333201e+02
2.210083333333333542e+02
2.362583333333333258e+02
2.475583333333333371e+02
2.662416666666666742e+02
2.797166666666666970e+02
2.980000000000000000e+02
3.082583333333333258e+02
3.270416666666666856e+02
3.554499999999999886e+02
3.737666666666666515e+02
3.797250000000000227e+02
4.132583333333333258e+02
4.347333333333333485e+02
4.401000000000000227e+02
4.557749999999999773e+02
4.659833333333333485e+02
4.594499999999999886e+02
4.677416666666666742e+02
4.835333333333333030e+02
4.867749999999999773e+02
4.918416666666666970e+02
4.890083333333333258e+02
5.225083333333333258e+02
5.580083333333333258e+02
5.910583333333332803e+02
6.382833333333333030e+02
7.515583333333333940e+02
9.500166666666666515e+02
1.451275000000000091e+03
4.475291666666666060e+03
9.627991666666664969e+03
1.186255833333333430e+04
1.218729999999999927e+04
1.210779166666666788e+04
1.201027499999999964e+04
1.195848333333333358e+04
1.168159166666666715e+04
1.147749166666666679e+04
1.138104999999999927e+04
9.745716666666667152e+03
4.496274999999999636e+03
1.004816666666666606e+03
3.593083333333333371e+02
2.750166666666666515e+02
2.529833333333333201e+02
2.219583333333333428e+02
2.044666666666666686e+02
1.940250000000000057e+02
1.957416666666666742e+02
1.997750000000000057e+02
1.892583333333333542e+02
1.915583333333333371e+02
1.814749999999999943e+02
1.835083333333333258e+02
1.870166666666666515e+02
1.760999999999999943e+02
1.810416666666666572e+02
1.857416666666666742e+02
1.883000000000000114e+02
1.875250000000000057e+02
1.809833333333333201e+02
1.925500000000000114e+02
1.849749999999999943e+02
1.875416666666666856e+02
1.765166666666666799e+02
1.875999999999999943e+02
1.854916666666666458e+02
1.857500000000000000e+02
1.732500000000000000e+02
1.852916666666666572e+02
1.789749999999999943e+02
1.860583333333333371e+02
1.847916666666666572e+02
1.812333333333333485e+02
1.764416666666666629e+02
1.758000000000000114e+02
1.857666666666666799e+02
1.789833333333333201e+02
1.770333333333333314e+02
1.788000000000000114e+02
1.822416666666666742e+02
1.795333333333333314e+02
1.797833333333333314e+02
1.765083333333333542e+02
1.710166666666666515e+02
1.712416666666666742e+02
1.738000000000000114e+02
1.782666666666666515e+02
1.835083333333333258e+02
1.795333333333333599e+02
1.720166666666666515e+02
1.694749999999999943e+02
1.720666666666666629e+02
1.670333333333333314e+02
1.699916666666666742e+02
1.707083333333333428e+02
1.690500000000000114e+02
1.641916666666666629e+02
1.774749999999999943e+02
1.659500000000000171e+02
1.670666666666666629e+02
1.717333333333333485e+02
1.682916666666666856e+02
1.662666666666666799e+02
1.749083333333333314e+02
1.693333333333333144e+02
1.652249999999999943e+02
1.726749999999999829e+02
1.704833333333333201e+02
1.707666666666666799e+02
1.645500000000000114e+02
1.687833333333333314e+02
1.670250000000000057e+02
1.582583333333333258e+02
1.702916666666666856e+02
1.673083333333333371e+02
1.635250000000000057e+02
1.640583333333333371e+02
1.682833333333333314e+02
1.682500000000000000e+02
1.707083333333333428e+02
1.687416666666666742e+02
1.647500000000000000e+02
1.602666666666666799e+02
1.717833333333333314e+02
1.615500000000000114e+02
1.720500000000000114e+02
1.677666666666666515e+02
1.682583333333333542e+02
1.698000000000000114e+02
1.717833333333333314e+02
1.890416666666666856e+02
2.002583333333333542e+02
2.119250000000000114e+02
2.200583333333333371e+02
2.252583333333333258e+02
2.302249999999999943e+02
2.307333333333333201e+02
2.367416666666666458e+02
2.200166666666666799e+02
2.170166666666666515e+02
2.057666666666666515e+02
1.906916666666666629e+02
1.832500000000000000e+02
1.655250000000000057e+02
1.610166666666666515e+02
1.647416666666666742e+02
1.582166666666666686e+02
1.598083333333333371e+02
1.617666666666666515e+02
1.574916666666666742e+02
1.580250000000000057e+02
1.570583333333333371e+02
1.707166666666666686e+02
1.625583333333333371e+02
1.597083333333333144e+02
1.582916666666666856e+02
1.574833333333333485e+02
1.605000000000000000e+02
1.624499999999999886e+02
1.646750000000000114e+02
1.622583333333333258e+02
1.650000000000000000e+02
1.658000000000000114e+02
1.782750000000000057e+02
1.814916666666666742e+02
1.930500000000000114e+02
2.329666666666666686e+02
3.120666666666666629e+02
3.401583333333333030e+02
3.577749999999999773e+02
3.742333333333333485e+02
3.770583333333333371e+02
3.715249999999999773e+02
3.694916666666666742e+02
3.601916666666666629e+02
3.432999999999999545e+02
3.195333333333333030e+02
2.522916666666666856e+02
2.105166666666666799e+02
1.804833333333333485e+02
1.711999999999999886e+02
1.632916666666666572e+02
1.697916666666666856e+02
1.539749999999999943e+02
1.620250000000000057e+02
1.607833333333333314e+02
1.597333333333333201e+02
1.644499999999999886e+02
1.602666666666666799e+02
1.637249999999999943e+02
1.645583333333333371e+02
1.597249999999999943e+02
1.592999999999999829e+02
1.626999999999999886e+02
1.621916666666666629e+02
1.652333333333333201e+02
1.590166666666666799e+02
1.563166666666666629e+02
1.664666666666666686e+02
1.582083333333333144e+02
1.619833333333333201e+02
1.550500000000000114e+02
1.664250000000000114e+02
1.562666666666666799e+02
1.607000000000000171e+02
1.630083333333333258e+02
1.546416666666666515e+02
1.605333333333333314e+02
1.552666666666666799e+02
1.517750000000000057e+02
1.537749999999999773e+02
1.550083333333333542e+02
1.509416666666666629e+02
1.506833333333333371e+02
1.562333333333333201e+02
1.694833333333333201e+02
1.562916666666666856e+02
1.649333333333333371e+02
1.584499999999999886e+02
1.530499999999999829e+02
1.565333333333333314e+02
1.545916666666666686e+02
1.525166666666666799e+02
1.560249999999999773e+02
1.530166666666666799e+02
1.565666666666666629e+02
1.657500000000000000e+02
1.614833333333333201e+02
1.528083333333333371e+02
1.685916666666666686e+02
1.620499999999999829e+02
1.714749999999999943e+02
1.698000000000000114e+02
1.762333333333333201e+02
1.814583333333333144e+02
1.864833333333333201e+02
1.922916666666666856e+02
1.884666666666666686e+02
1.935250000000000057e+02
2.123083333333333371e+02
2.107999999999999829e+02
2.109749999999999943e+02
2.367916666666666572e+02
2.342166666666666686e+02
2.504833333333333201e+02
2.407416666666666742e+02
2.582333333333333485e+02
2.547500000000000000e+02
2.794666666666666401e+02
2.707416666666666742e+02
2.975083333333333258e+02
3.515249999999999773e+02
7.825916666666666970e+02
1.890216666666666697e+03
2.303050000000000182e+03
2.385791666666666515e+03
2.361216666666666697e+03
2.387533333333333303e+03
2.399250000000000000e+03
2.402308333333333394e+03
2.680716666666666697e+03
3.998758333333333212e+03
5.404716666666666242e+03
4.878483333333333576e+03
4.229000000000000000e+03
4.082224999999999909e+03
4.041041666666666970e+03
3.958233333333333576e+03
3.819216666666666242e+03
3.805525000000000091e+03
3.610974999999999909e+03
2.725774999999999636e+03
9.469833333333333485e+02
2.582833333333333030e+02
1.839249999999999829e+02
1.699916666666666742e+02
1.554749999999999943e+02
1.497916666666666572e+02
1.471500000000000057e+02
1.452999999999999829e+02
1.414499999999999886e+02
1.451833333333333371e+02
1.406250000000000000e+02
1.267500000000000000e+02
1.354833333333333201e+02
1.365583333333333371e+02
1.385166666666666515e+02
1.400333333333333314e+02
1.279583333333333144e+02
1.310500000000000114e+02
1.287916666666666856e+02
1.297333333333333201e+02
1.240333333333333599e+02
1.267416666666666742e+02
1.348000000000000114e+02
1.319833333333333201e+02
1.336833333333333371e+02
1.349333333333333371e+02
1.379916666666666458e+02
1.397583333333333258e+02
1.387083333333333428e+02
1.330000000000000000e+02
1.317750000000000057e+02
1.337750000000000057e+02
1.317666666666666515e+02
1.309416666666666629e+02
1.330250000000000057e+02
1.274916666666666742e+02
1.354499999999999886e+02
1.330083333333333542e+02
1.379666666666666686e+02
1.397083333333333144e+02
1.396750000000000114e+02
1.332833333333333314e+02
1.410000000000000000e+02
1.292333333333333201e+02
1.314583333333333144e+02
1.359916666666666742e+02
1.320333333333333314e+02
1.459833333333333201e+02
1.487416666666666742e+02
1.501833333333333087e+02
1.547666666666666799e+02
1.651999999999999886e+02
3.196833333333333371e+02
8.339833333333333485e+02
1.105758333333333212e+03
1.131016666666666652e+03
1.141716666666666697e+03
1.140483333333333348e+03
1.120224999999999909e+03
1.085941666666666606e+03
1.084766666666666652e+03
1.081191666666666606e+03
9.344666666666666970e+02
4.993916666666667084e+02
1.787500000000000000e+02
1.507249999999999943e+02
1.342750000000000057e+02
1.319500000000000171e+02
1.292916666666666572e+02
1.205000000000000000e+02
1.287333333333333485e+02
1.287666666666666799e+02
1.334333333333333371e+02
1.300250000000000057e+02
1.329083333333333314e+02
1.321999999999999886e+02
1.287666666666666799e+02
1.211916666666666629e+02
1.230083333333333542e+02
1.372083333333333428e+02
1.287583333333333258e+02
1.314499999999999886e+02
1.342750000000000057e+02
1.337666666666666515e+02
1.486916666666666629e+02
1.617583333333333258e+02
1.920333333333333314e+02
3.695249999999999773e+02
6.955583333333333940e+02
1.377991666666666788e+03
1.666924999999999955e+03
1.741233333333333348e+03
1.723458333333333258e+03
1.694925000000000182e+03
1.678283333333333303e+03
1.612958333333333485e+03
1.572658333333333303e+03
1.463224999999999909e+03
1.067991666666666788e+03
5.092166666666666970e+02
1.635083333333333258e+02
1.357666666666666515e+02
1.379833333333333485e+02
1.215333333333333599e+02
1.234833333333333485e+02
1.282166666666666686e+02
1.200083333333333258e+02
1.194749999999999943e+02
1.147333333333333485e+02
1.104749999999999943e+02
1.095333333333333599e+02
1.042583333333333258e+02
9.046666666666666856e+01
9.421666666666666856e+01
8.600000000000000000e+01
8.580000000000001137e+01
8.827500000000000568e+01
9.163333333333332575e+01
8.627500000000000568e+01
8.826666666666667993e+01
9.251666666666667993e+01
8.572499999999999432e+01
8.947499999999999432e+01
8.528333333333333144e+01
8.523333333333334849e+01
9.225833333333332575e+01
8.025000000000000000e+01
8.055000000000001137e+01
8.545833333333334281e+01
9.149166666666667425e+01
8.824166666666667425e+01
7.850000000000000000e+01
8.874166666666667425e+01
8.500833333333332575e+01
8.819999999999998863e+01
8.268333333333330870e+01
8.050000000000000000e+01
7.853333333333333144e+01
8.694999999999998863e+01
8.140000000000000568e+01
7.925833333333335418e+01
7.047499999999999432e+01
7.159166666666666856e+01
6.927499999999997726e+01
