1.133333333333334281e+01
1.304166666666665719e+01
1.050833333333332575e+01
1.004166666666665719e+01
1.250833333333332575e+01
1.099166666666664582e+01
6.783333333333359860e+00
1.004999999999998295e+01
1.150000000000000000e+01
9.516666666666651508e+00
1.325000000000000000e+01
1.128333333333333144e+01
1.497499999999999432e+01
9.058333333333337123e+00
1.204166666666668561e+01
1.359166666666666856e+01
1.258333333333331439e+01
1.204166666666668561e+01
1.154166666666665719e+01
1.371666666666666856e+01
1.376666666666667993e+01
1.505833333333333712e+01
2.173333333333332007e+01
1.299166666666667425e+01
1.726666666666667993e+01
1.179166666666665719e+01
1.652500000000000568e+01
1.623333333333332007e+01
1.423333333333334849e+01
1.978333333333333144e+01
1.748333333333332007e+01
1.876666666666665151e+01
1.281666666666666288e+01
1.950000000000000000e+01
1.425000000000000000e+01
1.852500000000000568e+01
1.234166666666666856e+01
1.625833333333332575e+01
1.505000000000001137e+01
1.485833333333334849e+01
1.231666666666669130e+01
1.625833333333332575e+01
2.000833333333332575e+01
1.800833333333335418e+01
1.977500000000000568e+01
1.853333333333333144e+01
2.079999999999998295e+01
2.124166666666667425e+01
1.782500000000001705e+01
1.800000000000000000e+01
1.758333333333331439e+01
1.445833333333334281e+01
1.959999999999999432e+01
1.077500000000000568e+01
2.045000000000001705e+01
1.636666666666667425e+01
1.630833333333333712e+01
2.077500000000000568e+01
1.769999999999998863e+01
1.775000000000000000e+01
2.000000000000000000e+01
1.952500000000000568e+01
1.834166666666666856e+01
2.101666666666667993e+01
2.104166666666668561e+01
2.335833333333334849e+01
2.130000000000001137e+01
2.020833333333331439e+01
1.879166666666665719e+01
1.875000000000000000e+01
2.574166666666667425e+01
1.674166666666667425e+01
2.398333333333332007e+01
2.183333333333331439e+01
3.148333333333332007e+01
2.329999999999998295e+01
2.974166666666664582e+01
2.501666666666665151e+01
2.400000000000000000e+01
2.201666666666667993e+01
2.898333333333332007e+01
2.552500000000000568e+01
2.532500000000001705e+01
2.708333333333334281e+01
2.956666666666666288e+01
2.852499999999997726e+01
2.849166666666667425e+01
3.280000000000001137e+01
3.197499999999999432e+01
2.680000000000001137e+01
3.621666666666666856e+01
3.408333333333334281e+01
4.278333333333333144e+01
3.569999999999998863e+01
4.355000000000001137e+01
5.173333333333332007e+01
5.405000000000001137e+01
7.076666666666667993e+01
8.535000000000002274e+01
1.187500000000000000e+02
1.300333333333333314e+02
1.473000000000000114e+02
1.600583333333333371e+02
1.616916666666666629e+02
1.502666666666666799e+02
1.630166666666666799e+02
1.610083333333333258e+02
1.455583333333333371e+02
1.232583333333333258e+02
1.165083333333333258e+02
8.052500000000000568e+01
6.303333333333333144e+01
4.276666666666667993e+01
4.023333333333332007e+01
3.575833333333332575e+01
3.474166666666667425e+01
2.822499999999999432e+01
3.251666666666665151e+01
3.047500000000002274e+01
3.474166666666664582e+01
3.154999999999998295e+01
3.054166666666668561e+01
3.250833333333332575e+01
3.435833333333334849e+01
3.146666666666666856e+01
2.577500000000000568e+01
2.783333333333334281e+01
3.022499999999999432e+01
2.650833333333335418e+01
2.737500000000000000e+01
2.844166666666666288e+01
2.978333333333333144e+01
2.750000000000000000e+01
3.149166666666664582e+01
3.044166666666666288e+01
2.530833333333333712e+01
2.854166666666668561e+01
2.825833333333332575e+01
3.100000000000000000e+01
3.096666666666666856e+01
3.253333333333333144e+01
3.000833333333332575e+01
2.829166666666665719e+01
3.322499999999999432e+01
2.980833333333333712e+01
2.804999999999998295e+01
2.703333333333335986e+01
2.400833333333332575e+01
2.769166666666666288e+01
2.704166666666668561e+01
3.296666666666666856e+01
2.604166666666668561e+01
2.987500000000000000e+01
3.302500000000000568e+01
3.211666666666667425e+01
3.250833333333332575e+01
3.454166666666668561e+01
2.529999999999998295e+01
2.921666666666666856e+01
3.275833333333332575e+01
3.044999999999998863e+01
3.003333333333333144e+01
2.728333333333333144e+01
2.974166666666667425e+01
2.727500000000000568e+01
3.080833333333333712e+01
3.080833333333333712e+01
2.875833333333335418e+01
2.827500000000000568e+01
2.977500000000000568e+01
2.732500000000001705e+01
2.730000000000001137e+01
3.055000000000001137e+01
2.997499999999999432e+01
3.275833333333332575e+01
3.103333333333333144e+01
2.950000000000000000e+01
2.900000000000000000e+01
3.343333333333333712e+01
2.729166666666665719e+01
2.951666666666665151e+01
3.048333333333332007e+01
3.355833333333333712e+01
2.450833333333332575e+01
3.179999999999998295e+01
2.980833333333333712e+01
3.542500000000001137e+01
3.349166666666667425e+01
3.725000000000000000e+01
3.024166666666667425e+01
3.525000000000000000e+01
2.990833333333333144e+01
3.300833333333332575e+01
3.381666666666666288e+01
3.181666666666666288e+01
3.306666666666666288e+01
3.252500000000000568e+01
3.476666666666667993e+01
3.204999999999998295e+01
3.102500000000000568e+01
2.707500000000001705e+01
3.325000000000000000e+01
3.325000000000000000e+01
3.204166666666665719e+01
3.601666666666665151e+01
3.322500000000002274e+01
3.198333333333334849e+01
3.018333333333330870e+01
3.442499999999998295e+01
3.899166666666667425e+01
3.103333333333333144e+01
3.356666666666669130e+01
2.754166666666668561e+01
3.451666666666665151e+01
3.380833333333333712e+01
3.897499999999999432e+01
3.874166666666667425e+01
4.120833333333331439e+01
3.555833333333333712e+01
3.253333333333333144e+01
3.934999999999999432e+01
3.855000000000001137e+01
3.976666666666665151e+01
4.072499999999999432e+01
4.028333333333333144e+01
4.053333333333333144e+01
4.050833333333335418e+01
3.751666666666667993e+01
4.029999999999998295e+01
3.946666666666666856e+01
3.798333333333332007e+01
3.525000000000000000e+01
3.528333333333333144e+01
3.832500000000001705e+01
3.875000000000000000e+01
3.355000000000001137e+01
3.651666666666665151e+01
3.801666666666665151e+01
4.200000000000000000e+01
4.132500000000001705e+01
3.723333333333334849e+01
3.747500000000002274e+01
3.422499999999999432e+01
3.553333333333333144e+01
4.200833333333332575e+01
4.143333333333333712e+01
4.275833333333332575e+01
3.522499999999999432e+01
3.555000000000001137e+01
4.026666666666665151e+01
3.858333333333334281e+01
3.851666666666665151e+01
3.554166666666665719e+01
3.775833333333332575e+01
3.950833333333335418e+01
3.726666666666667993e+01
3.976666666666667993e+01
4.325000000000000000e+01
4.544166666666666288e+01
4.296666666666666856e+01
4.176666666666667993e+01
4.202500000000000568e+01
4.125000000000000000e+01
4.853333333333333144e+01
4.571666666666666856e+01
4.802500000000000568e+01
5.396666666666664014e+01
6.274166666666667425e+01
6.603333333333333144e+01
6.528333333333333144e+01
6.829166666666668561e+01
6.299166666666667425e+01
6.729166666666665719e+01
7.025833333333332575e+01
5.976666666666667993e+01
5.951666666666667993e+01
5.999166666666667425e+01
5.350000000000000000e+01
4.254166666666668561e+01
4.827500000000000568e+01
4.403333333333333144e+01
4.174166666666667425e+01
4.581666666666669130e+01
4.480833333333333712e+01
4.475000000000000000e+01
4.669166666666666288e+01
5.275833333333332575e+01
4.055833333333333712e+01
4.647499999999999432e+01
4.154166666666665719e+01
3.877500000000000568e+01
4.403333333333333144e+01
4.877500000000000568e+01
4.327500000000000568e+01
4.295833333333334281e+01
4.702500000000000568e+01
4.396666666666666856e+01
4.694166666666666288e+01
4.400000000000000000e+01
4.495833333333334281e+01
4.399166666666664582e+01
4.746666666666666856e+01
3.981666666666669130e+01
4.394999999999998863e+01
4.352500000000000568e+01
4.500000000000000000e+01
5.020833333333334281e+01
4.372499999999999432e+01
3.869166666666666288e+01
4.204166666666668561e+01
4.771666666666666856e+01
4.351666666666665151e+01
3.627499999999997726e+01
4.319999999999998863e+01
4.531666666666666288e+01
4.254999999999998295e+01
4.476666666666667993e+01
4.707499999999998863e+01
4.550000000000000000e+01
4.379166666666668561e+01
4.626666666666665151e+01
4.801666666666665151e+01
4.971666666666666856e+01
4.475833333333332575e+01
4.423333333333332007e+01
4.625000000000000000e+01
4.424166666666664582e+01
4.427500000000000568e+01
4.800000000000000000e+01
4.381666666666666288e+01
5.380000000000001137e+01
5.250000000000000000e+01
4.971666666666666856e+01
5.047499999999999432e+01
5.050833333333332575e+01
4.983333333333334281e+01
4.417500000000001137e+01
5.301666666666665151e+01
5.074166666666667425e+01
4.430833333333333712e+01
4.854166666666665719e+01
4.279166666666668561e+01
4.758333333333334281e+01
4.304166666666665719e+01
5.201666666666665151e+01
5.152500000000000568e+01
4.754166666666665719e+01
5.289166666666665151e+01
4.849166666666667425e+01
5.177500000000000568e+01
4.997499999999999432e+01
4.952500000000000568e+01
5.099166666666667425e+01
4.923333333333332007e+01
4.655833333333333712e+01
4.974166666666667425e+01
5.272499999999999432e+01
5.104166666666668561e+01
4.949166666666667425e+01
5.247499999999999432e+01
5.017499999999998295e+01
4.733333333333334281e+01
5.134166666666666856e+01
5.119166666666666288e+01
5.503333333333335986e+01
5.847499999999999432e+01
5.226666666666667993e+01
5.300000000000000000e+01
5.529166666666668561e+01
4.751666666666667993e+01
5.954166666666665719e+01
5.326666666666667993e+01
5.084166666666666856e+01
5.129166666666665719e+01
5.200833333333335418e+01
4.709999999999999432e+01
5.055833333333333712e+01
5.975000000000000000e+01
5.469166666666666288e+01
5.571666666666666856e+01
5.330833333333333712e+01
5.125000000000000000e+01
5.817500000000001137e+01
5.035833333333332007e+01
5.626666666666667993e+01
5.321666666666664014e+01
5.896666666666664014e+01
5.308333333333334281e+01
5.452500000000000568e+01
5.998333333333332007e+01
5.357500000000001705e+01
5.425833333333335418e+01
5.152500000000000568e+01
5.426666666666667993e+01
5.806666666666666288e+01
5.701666666666667993e+01
5.355833333333333712e+01
5.980000000000001137e+01
6.155833333333333712e+01
5.404166666666665719e+01
5.728333333333333144e+01
5.999166666666664582e+01
5.849166666666667425e+01
5.577500000000000568e+01
5.599166666666667425e+01
5.254166666666668561e+01
5.075833333333332575e+01
5.519166666666666288e+01
5.329166666666668561e+01
5.918333333333333712e+01
6.206666666666666288e+01
6.019166666666666288e+01
6.326666666666665151e+01
5.822499999999999432e+01
5.602500000000000568e+01
5.926666666666665151e+01
5.805000000000001137e+01
6.167499999999998295e+01
6.075000000000000000e+01
6.406666666666669130e+01
6.178333333333333144e+01
5.875833333333335418e+01
5.802500000000000568e+01
5.930833333333333712e+01
6.028333333333333144e+01
6.199166666666667425e+01
6.219999999999998863e+01
6.108333333333334281e+01
5.674166666666664582e+01
5.600000000000000000e+01
5.605000000000001137e+01
6.300000000000000000e+01
6.076666666666665151e+01
6.084166666666666856e+01
6.227500000000000568e+01
6.378333333333333144e+01
6.075833333333332575e+01
7.047499999999999432e+01
5.726666666666667993e+01
5.564166666666665151e+01
6.202500000000000568e+01
6.001666666666665151e+01
6.826666666666665151e+01
6.555833333333333712e+01
6.955000000000001137e+01
6.504166666666665719e+01
6.953333333333333144e+01
6.554166666666665719e+01
6.549166666666667425e+01
7.246666666666666856e+01
6.126666666666665151e+01
6.689999999999997726e+01
6.748333333333334849e+01
6.521666666666666856e+01
6.079166666666665719e+01
6.332500000000001705e+01
5.831666666666666288e+01
6.247499999999999432e+01
6.903333333333333144e+01
7.149166666666667425e+01
7.166666666666665719e+01
6.954999999999998295e+01
7.329166666666665719e+01
6.704166666666665719e+01
7.025000000000000000e+01
7.152500000000000568e+01
6.380833333333333712e+01
7.397499999999999432e+01
6.703333333333333144e+01
7.257500000000001705e+01
7.020833333333331439e+01
7.055833333333333712e+01
7.326666666666665151e+01
6.907499999999998863e+01
7.797500000000002274e+01
7.803333333333333144e+01
7.397499999999999432e+01
7.375833333333332575e+01
7.423333333333332007e+01
7.669166666666666288e+01
7.755833333333333712e+01
8.480833333333333712e+01
8.225833333333332575e+01
8.025833333333332575e+01
7.846666666666666856e+01
8.255000000000001137e+01
8.575833333333332575e+01
8.975000000000000000e+01
8.602500000000000568e+01
8.805000000000001137e+01
9.473333333333332007e+01
9.104999999999998295e+01
1.077583333333333258e+02
1.120416666666666856e+02
1.184416666666666629e+02
1.272916666666666572e+02
1.352583333333333542e+02
1.582916666666666856e+02
1.859499999999999886e+02
2.145000000000000000e+02
2.950500000000000114e+02
6.337583333333333258e+02
1.572791666666666515e+03
3.031925000000000182e+03
3.870275000000000091e+03
4.279241666666666788e+03
4.516041666666666060e+03
4.611024999999999636e+03
4.601250000000000000e+03
4.488800000000000182e+03
4.272716666666667152e+03
3.898458333333333030e+03
3.464783333333333758e+03
2.510224999999999909e+03
1.049758333333333212e+03
2.557666666666666799e+02
1.580416666666666572e+02
1.210749999999999886e+02
1.152999999999999829e+02
9.379166666666668561e+01
9.100833333333332575e+01
8.556666666666669130e+01
8.362500000000000000e+01
8.675000000000000000e+01
7.970833333333331439e+01
7.729166666666668561e+01
8.400000000000000000e+01
7.481666666666666288e+01
7.824166666666667425e+01
8.147499999999999432e+01
7.271666666666666856e+01
7.804166666666665719e+01
7.977500000000000568e+01
7.974166666666667425e+01
7.180000000000001137e+01
7.229166666666665719e+01
7.526666666666667993e+01
7.179999999999998295e+01
7.501666666666667993e+01
7.325833333333332575e+01
7.577499999999997726e+01
7.554166666666665719e+01
7.500000000000000000e+01
7.955833333333333712e+01
7.304166666666665719e+01
7.942499999999998295e+01
7.281666666666666288e+01
7.177500000000000568e+01
7.500833333333332575e+01
7.350833333333332575e+01
6.906666666666666288e+01
7.525000000000000000e+01
7.796666666666666856e+01
7.875000000000000000e+01
7.426666666666667993e+01
7.652500000000000568e+01
8.150833333333332575e+01
7.454166666666665719e+01
7.627500000000000568e+01
7.905833333333333712e+01
8.224166666666667425e+01
8.706666666666666288e+01
9.156666666666666288e+01
9.750833333333332575e+01
1.052666666666666799e+02
1.682750000000000057e+02
2.949916666666666742e+02
5.517416666666666742e+02
7.240333333333333030e+02
8.159583333333333712e+02
8.619916666666666742e+02
8.847583333333333258e+02
8.810333333333333030e+02
8.523333333333332575e+02
8.307500000000000000e+02
7.580000000000000000e+02
6.862416666666666742e+02
5.310416666666666288e+02
2.756999999999999886e+02
1.152416666666666742e+02
9.656666666666666288e+01
8.755833333333333712e+01
7.825000000000000000e+01
7.727500000000000568e+01
8.037500000000000000e+01
7.422499999999999432e+01
8.519999999999998863e+01
7.877500000000000568e+01
8.277499999999997726e+01
7.602500000000000568e+01
7.307500000000001705e+01
7.629166666666665719e+01
7.430000000000001137e+01
7.751666666666667993e+01
8.142500000000001137e+01
7.480833333333333712e+01
7.797499999999999432e+01
8.028333333333333144e+01
8.653333333333333144e+01
9.426666666666667993e+01
1.050500000000000114e+02
9.849166666666667425e+01
1.067583333333333258e+02
1.048000000000000114e+02
1.055000000000000000e+02
1.028499999999999943e+02
9.947499999999999432e+01
9.845833333333331439e+01
8.805000000000001137e+01
8.456666666666666288e+01
7.659166666666666856e+01
7.203333333333333144e+01
7.679999999999998295e+01
7.149166666666667425e+01
7.127500000000000568e+01
7.005000000000001137e+01
7.724166666666667425e+01
7.130000000000001137e+01
7.028333333333333144e+01
7.972499999999999432e+01
7.895000000000001705e+01
7.335000000000002274e+01
7.275833333333332575e+01
7.750833333333335418e+01
7.481666666666669130e+01
7.679999999999998295e+01
7.255000000000001137e+01
7.054166666666668561e+01
7.821666666666666856e+01
7.645833333333334281e+01
7.274166666666664582e+01
7.006666666666669130e+01
6.860000000000002274e+01
7.644999999999998863e+01
7.602500000000000568e+01
7.150833333333335418e+01
7.430833333333333712e+01
7.676666666666665151e+01
8.019166666666666288e+01
7.993333333333330870e+01
7.577500000000000568e+01
7.824166666666667425e+01
7.826666666666665151e+01
7.498333333333334849e+01
7.748333333333334849e+01
7.324166666666667425e+01
8.050833333333332575e+01
7.130833333333333712e+01
7.397499999999999432e+01
7.666666666666668561e+01
8.072499999999999432e+01
7.451666666666667993e+01
8.128333333333333144e+01
7.851666666666665151e+01
8.122499999999999432e+01
7.685833333333332007e+01
7.696666666666666856e+01
8.050000000000000000e+01
7.525000000000000000e+01
7.753333333333333144e+01
7.455000000000001137e+01
8.632499999999998863e+01
7.725000000000000000e+01
7.407499999999998863e+01
7.922499999999999432e+01
8.245833333333334281e+01
8.405833333333333712e+01
8.371666666666666856e+01
8.407500000000001705e+01
8.746666666666666856e+01
8.698333333333334849e+01
8.630000000000001137e+01
9.225000000000000000e+01
1.072916666666666856e+02
1.045083333333333258e+02
1.208083333333333371e+02
1.189749999999999943e+02
1.347583333333333258e+02
1.310166666666666515e+02
1.305166666666666515e+02
1.295250000000000057e+02
1.300916666666666686e+02
1.265499999999999829e+02
1.202249999999999943e+02
1.193083333333333371e+02
1.013083333333333371e+02
1.059916666666666742e+02
9.254166666666665719e+01
8.980833333333333712e+01
8.878333333333333144e+01
8.580833333333333712e+01
7.849166666666667425e+01
8.678333333333333144e+01
8.817500000000001137e+01
7.906666666666666288e+01
8.369166666666666288e+01
8.458333333333331439e+01
8.046666666666666856e+01
8.429166666666668561e+01
8.323333333333334849e+01
8.875833333333332575e+01
8.579166666666668561e+01
8.603333333333333144e+01
8.534166666666666856e+01
8.102500000000000568e+01
8.793333333333333712e+01
7.406666666666666288e+01
8.525000000000000000e+01
7.836666666666667425e+01
7.632499999999998863e+01
8.179999999999998295e+01
8.383333333333334281e+01
8.295833333333334281e+01
7.947499999999999432e+01
8.178333333333333144e+01
8.156666666666669130e+01
8.128333333333333144e+01
8.143333333333333712e+01
8.075833333333332575e+01
7.956666666666666288e+01
7.847499999999999432e+01
8.546666666666666856e+01
8.925833333333332575e+01
8.330833333333333712e+01
8.398333333333332007e+01
7.754166666666665719e+01
7.632499999999998863e+01
8.150000000000000000e+01
8.525833333333335418e+01
8.655833333333333712e+01
8.775000000000000000e+01
8.651666666666665151e+01
7.647499999999999432e+01
8.075833333333332575e+01
8.356666666666669130e+01
8.630833333333333712e+01
8.453333333333333144e+01
8.298333333333332007e+01
8.522499999999999432e+01
8.175833333333332575e+01
8.619999999999998863e+01
7.732500000000001705e+01
9.078333333333333144e+01
7.879166666666665719e+01
8.848333333333332007e+01
8.082499999999998863e+01
8.419166666666666288e+01
8.704166666666665719e+01
8.495833333333331439e+01
8.675000000000000000e+01
7.900833333333335418e+01
8.403333333333333144e+01
8.349166666666667425e+01
8.424166666666664582e+01
8.301666666666667993e+01
8.626666666666667993e+01
8.503333333333333144e+01
7.922499999999999432e+01
7.758333333333331439e+01
8.602500000000000568e+01
8.500000000000000000e+01
7.979166666666665719e+01
8.267500000000001137e+01
8.827500000000000568e+01
8.775000000000000000e+01
9.134999999999999432e+01
9.645833333333331439e+01
1.032916666666666572e+02
1.095416666666666572e+02
1.072166666666666401e+02
1.090500000000000114e+02
1.155333333333333599e+02
1.162583333333333258e+02
1.152916666666666856e+02
1.117833333333333314e+02
1.050500000000000114e+02
1.092166666666666686e+02
1.007500000000000000e+02
9.771666666666666856e+01
9.229166666666665719e+01
9.302500000000000568e+01
9.002500000000000568e+01
8.903333333333333144e+01
9.603333333333333144e+01
9.600833333333335418e+01
9.229166666666665719e+01
9.404166666666665719e+01
9.669166666666666288e+01
9.125833333333332575e+01
8.705833333333333712e+01
9.448333333333332007e+01
9.453333333333333144e+01
9.371666666666666856e+01
8.779999999999998295e+01
9.868333333333333712e+01
9.625833333333332575e+01
8.720833333333334281e+01
8.854999999999998295e+01
8.880000000000001137e+01
8.400000000000000000e+01
9.269166666666666288e+01
9.527500000000000568e+01
8.533333333333334281e+01
8.704999999999998295e+01
8.650833333333332575e+01
9.305000000000001137e+01
8.647499999999999432e+01
9.107499999999998863e+01
1.029916666666666742e+02
1.032916666666666856e+02
1.033083333333333371e+02
1.137166666666666686e+02
1.070166666666666515e+02
1.072583333333333542e+02
1.070999999999999943e+02
1.115000000000000000e+02
1.050166666666666515e+02
1.025250000000000057e+02
1.047416666666666742e+02
9.826666666666667993e+01
8.530833333333333712e+01
9.277500000000000568e+01
8.550833333333332575e+01
9.198333333333332007e+01
8.547499999999999432e+01
8.824166666666667425e+01
9.501666666666665151e+01
9.004166666666668561e+01
9.344166666666666288e+01
8.701666666666667993e+01
9.053333333333333144e+01
9.454166666666668561e+01
9.053333333333333144e+01
9.350000000000000000e+01
9.376666666666665151e+01
8.281666666666666288e+01
9.183333333333334281e+01
9.308333333333334281e+01
8.551666666666667993e+01
8.205833333333333712e+01
9.183333333333331439e+01
8.655833333333333712e+01
9.517499999999998295e+01
9.551666666666667993e+01
9.257499999999998863e+01
9.202500000000000568e+01
8.927500000000000568e+01
1.008083333333333371e+02
9.874166666666664582e+01
9.448333333333334849e+01
8.871666666666664014e+01
8.896666666666666856e+01
9.451666666666667993e+01
9.497499999999999432e+01
9.926666666666667993e+01
9.200833333333332575e+01
9.155833333333333712e+01
9.021666666666666856e+01
9.529166666666665719e+01
9.312500000000000000e+01
9.675833333333332575e+01
9.451666666666665151e+01
9.578333333333333144e+01
9.404166666666668561e+01
9.875000000000000000e+01
9.553333333333333144e+01
8.597499999999999432e+01
9.172499999999999432e+01
9.188333333333332575e+01
9.923333333333332007e+01
9.021666666666666856e+01
9.560833333333332007e+01
8.901666666666665151e+01
9.618333333333333712e+01
9.383333333333334281e+01
9.841666666666665719e+01
1.002333333333333485e+02
9.555000000000001137e+01
9.777500000000000568e+01
1.074916666666666742e+02
1.010833333333333428e+02
9.716666666666668561e+01
9.730000000000001137e+01
9.876666666666667993e+01
8.897499999999999432e+01
9.465833333333333144e+01
9.817499999999998295e+01
1.015000000000000000e+02
9.801666666666665151e+01
9.801666666666667993e+01
1.020333333333333314e+02
1.019833333333333485e+02
1.017333333333333201e+02
1.009833333333333485e+02
1.032916666666666572e+02
1.056999999999999886e+02
1.000166666666666799e+02
1.022916666666666856e+02
9.905833333333333712e+01
1.031916666666666629e+02
9.921666666666666856e+01
1.042166666666666686e+02
9.700000000000000000e+01
1.010000000000000000e+02
1.013166666666666629e+02
1.010250000000000057e+02
1.020083333333333258e+02
1.029416666666666913e+02
1.107416666666666458e+02
1.117666666666666799e+02
1.095249999999999773e+02
1.104666666666666686e+02
1.100666666666666629e+02
1.117833333333333314e+02
1.067833333333333314e+02
1.192083333333333428e+02
1.146833333333333371e+02
1.137916666666666572e+02
1.080083333333333542e+02
1.147166666666666686e+02
1.105083333333333542e+02
1.127416666666666742e+02
1.174583333333333144e+02
1.177583333333333542e+02
1.204833333333333201e+02
1.194833333333333201e+02
1.205500000000000114e+02
1.205333333333333314e+02
1.230916666666666401e+02
1.254583333333333428e+02
1.150583333333333371e+02
1.116333333333333258e+02
1.123166666666666629e+02
1.159833333333333485e+02
1.159583333333333144e+02
1.199833333333333485e+02
1.162166666666666686e+02
1.200000000000000000e+02
1.204583333333333428e+02
1.234250000000000114e+02
1.229083333333333314e+02
1.181583333333333314e+02
1.202250000000000227e+02
1.239666666666666686e+02
1.242500000000000000e+02
1.175000000000000000e+02
1.250833333333333144e+02
1.272083333333333144e+02
1.217000000000000171e+02
1.219916666666666458e+02
1.327666666666666515e+02
1.302416666666666742e+02
1.255250000000000057e+02
1.239749999999999943e+02
1.379333333333333371e+02
1.347916666666666856e+02
1.317833333333333599e+02
1.383583333333333201e+02
1.534416666666666629e+02
1.592500000000000000e+02
1.661750000000000114e+02
1.709500000000000171e+02
1.730083333333333542e+02
1.680666666666666629e+02
1.825000000000000000e+02
1.729749999999999943e+02
1.750416666666666856e+02
1.657083333333333428e+02
1.743666666666666742e+02
1.591750000000000114e+02
1.565666666666666629e+02
1.450333333333333314e+02
1.517583333333333258e+02
1.553000000000000114e+02
1.543416666666666686e+02
1.458166666666666913e+02
1.476833333333333371e+02
1.564749999999999943e+02
1.565250000000000057e+02
1.617166666666666686e+02
1.615000000000000000e+02
1.652249999999999943e+02
1.589749999999999943e+02
1.712999999999999829e+02
1.712750000000000057e+02
1.722583333333333542e+02
1.747583333333333258e+02
1.795000000000000000e+02
1.750083333333333258e+02
1.825750000000000171e+02
1.932833333333333314e+02
1.854833333333333485e+02
1.897750000000000057e+02
1.925166666666666799e+02
1.927999999999999829e+02
1.870166666666666515e+02
1.867750000000000057e+02
1.868499999999999943e+02
1.969416666666666629e+02
1.993333333333333428e+02
2.095166666666666515e+02
2.095666666666666629e+02
2.152833333333333314e+02
2.190416666666666572e+02
2.214416666666666629e+02
2.357833333333333314e+02
2.457416666666666458e+02
2.345000000000000000e+02
2.497416666666666458e+02
2.564833333333333485e+02
2.657749999999999773e+02
2.832416666666666742e+02
2.798416666666666970e+02
2.929916666666666742e+02
3.099499999999999886e+02
3.195583333333333371e+02
3.307999999999999545e+02
3.705083333333333258e+02
3.877583333333333258e+02
3.989833333333333485e+02
4.312500000000000000e+02
4.478250000000000455e+02
4.952166666666666970e+02
5.300333333333333030e+02
5.682333333333333485e+02
6.290499999999999545e+02
6.600333333333333030e+02
7.305000000000000000e+02
8.147749999999999773e+02
9.515166666666666515e+02
1.044741666666666788e+03
1.172450000000000045e+03
1.275291666666666515e+03
1.384500000000000000e+03
1.582741666666666788e+03
1.761991666666666788e+03
2.029825000000000045e+03
2.530041666666666970e+03
3.344808333333333394e+03
4.915774999999999636e+03
7.527024999999999636e+03
1.121602500000000146e+04
1.465554999999999927e+04
1.711596666666666715e+04
1.843851666666666642e+04
1.886722499999999854e+04
1.892155833333333430e+04
1.849501666666666642e+04
1.795275833333333139e+04
1.666416666666666788e+04
1.461199166666666679e+04
1.147599166666666679e+04
7.907766666666666424e+03
5.236766666666666424e+03
4.098500000000000000e+03
4.068833333333333030e+03
4.964225000000000364e+03
7.264266666666666424e+03
1.080879999999999927e+04
1.456804166666666788e+04
1.744526666666666642e+04
1.884502500000000146e+04
1.945804999999999927e+04
1.959880833333333430e+04
1.946528333333333285e+04
1.889347499999999854e+04
1.777879999999999927e+04
1.571831666666666570e+04
1.258054999999999927e+04
8.638058333333334303e+03
5.266475000000000364e+03
3.318500000000000000e+03
2.288508333333333212e+03
1.782250000000000000e+03
1.406316666666666606e+03
1.171791666666666515e+03
9.822999999999999545e+02
8.637833333333333030e+02
7.402749999999999773e+02
6.788166666666666060e+02
5.880000000000000000e+02
5.357416666666666742e+02
4.864666666666666970e+02
4.530750000000000455e+02
4.159833333333333485e+02
3.952166666666666970e+02
3.582916666666666856e+02
3.345083333333333258e+02
3.162666666666666515e+02
3.165083333333333258e+02
2.930249999999999773e+02
2.775249999999999773e+02
2.815249999999999773e+02
2.665916666666666970e+02
2.602416666666666742e+02
2.472166666666666686e+02
2.477749999999999773e+02
2.377750000000000057e+02
2.240583333333333371e+02
2.229916666666666458e+02
2.252166666666666686e+02
2.220000000000000000e+02
2.057249999999999943e+02
1.983083333333333371e+02
1.832500000000000000e+02
1.840833333333333428e+02
1.687166666666666401e+02
1.868250000000000171e+02
1.777166666666666686e+02
1.660583333333333371e+02
1.656416666666666799e+02
1.597833333333333314e+02
1.569583333333333144e+02
1.587666666666666799e+02
1.557916666666666572e+02
1.560500000000000114e+02
1.625083333333333258e+02
1.555583333333333371e+02
1.452500000000000000e+02
1.470250000000000057e+02
1.486250000000000000e+02
1.423166666666666629e+02
1.477833333333333314e+02
1.368000000000000114e+02
1.381333333333333258e+02
1.440416666666666856e+02
1.435166666666666515e+02
1.262500000000000000e+02
1.382916666666666856e+02
1.270000000000000000e+02
1.437333333333333201e+02
1.345416666666666856e+02
1.365083333333333258e+02
1.419833333333333201e+02
1.482583333333333542e+02
1.548000000000000114e+02
1.670166666666666799e+02
1.637583333333333258e+02
1.669916666666666742e+02
1.592500000000000000e+02
1.560583333333333371e+02
1.622416666666666742e+02
1.542166666666666686e+02
1.590416666666666572e+02
1.515083333333333542e+02
1.470333333333333314e+02
1.432583333333333542e+02
1.390250000000000057e+02
1.295749999999999886e+02
1.354916666666666742e+02
1.319833333333333201e+02
1.327666666666666515e+02
1.267750000000000057e+02
1.295250000000000057e+02
1.219833333333333201e+02
1.285583333333333371e+02
1.314916666666666742e+02
1.303249999999999886e+02
1.242916666666666572e+02
1.325000000000000000e+02
1.302666666666666799e+02
1.302750000000000057e+02
1.353083333333333371e+02
1.357500000000000000e+02
1.315666666666666629e+02
1.372916666666666856e+02
1.303166666666666629e+02
1.377916666666666572e+02
1.425166666666666799e+02
1.440499999999999829e+02
1.363416666666666686e+02
1.395500000000000114e+02
1.440083333333333542e+02
1.300166666666666799e+02
1.394500000000000171e+02
1.365833333333333428e+02
1.380833333333333428e+02
1.422833333333333314e+02
1.493083333333333371e+02
1.568166666666666629e+02
1.480166666666666799e+02
1.509166666666666572e+02
1.539749999999999943e+02
1.482000000000000171e+02
1.507416666666666742e+02
1.549416666666666629e+02
1.512750000000000057e+02
1.548000000000000114e+02
1.575250000000000057e+02
1.512333333333333485e+02
1.524666666666666401e+02
1.582583333333333258e+02
1.465750000000000171e+02
1.557833333333333314e+02
1.524916666666666742e+02
1.580083333333333258e+02
1.552666666666666799e+02
1.605000000000000000e+02
1.659833333333333201e+02
1.667750000000000057e+02
1.572333333333333201e+02
1.619916666666666742e+02
1.635416666666666572e+02
1.604666666666666686e+02
1.635416666666666856e+02
1.582916666666666572e+02
1.581250000000000000e+02
1.596833333333333371e+02
1.679749999999999943e+02
1.567166666666666686e+02
1.672416666666666742e+02
1.602583333333333258e+02
1.673000000000000114e+02
1.609833333333333485e+02
1.600666666666666629e+02
1.640666666666666629e+02
1.675833333333333428e+02
1.645583333333333371e+02
1.642666666666666799e+02
1.650000000000000000e+02
1.634833333333333201e+02
1.627249999999999943e+02
1.691666666666666572e+02
1.695166666666666799e+02
1.781916666666666629e+02
1.680083333333333258e+02
1.702833333333333599e+02
1.810416666666666856e+02
1.790750000000000171e+02
1.784666666666666686e+02
1.813166666666666913e+02
1.805166666666666799e+02
1.814666666666666686e+02
1.820000000000000000e+02
1.832750000000000057e+02
1.882166666666666686e+02
1.912416666666666742e+02
1.877333333333333485e+02
1.939166666666666572e+02
1.888083333333333371e+02
1.880333333333333314e+02
1.935083333333333542e+02
2.002750000000000057e+02
2.094166666666666572e+02
2.030000000000000000e+02
2.092333333333333485e+02
2.080000000000000000e+02
2.112333333333333201e+02
2.212750000000000057e+02
2.198750000000000000e+02
2.161250000000000000e+02
2.264249999999999829e+02
2.272750000000000057e+02
2.295333333333333314e+02
2.252416666666666742e+02
2.292666666666666799e+02
2.437250000000000227e+02
2.365333333333333314e+02
2.327249999999999943e+02
2.567333333333333485e+02
2.545666666666666913e+02
2.562166666666666970e+02
2.597083333333333712e+02
2.655166666666666515e+02
2.674916666666666742e+02
2.610249999999999773e+02
2.700249999999999773e+02
2.810166666666666515e+02
2.760583333333333371e+02
2.914666666666666970e+02
3.007333333333333485e+02
3.102250000000000227e+02
3.137333333333333485e+02
3.234750000000000227e+02
3.312416666666666742e+02
3.412416666666666742e+02
3.565166666666666515e+02
3.572749999999999773e+02
3.715500000000000114e+02
3.943999999999999773e+02
4.161083333333333485e+02
4.457166666666666970e+02
4.507833333333333030e+02
4.954750000000000227e+02
5.201666666666666288e+02
5.857416666666666742e+02
6.304833333333333485e+02
6.940416666666666288e+02
7.407999999999999545e+02
8.265416666666667425e+02
8.955000000000000000e+02
9.735249999999999773e+02
1.057041666666666515e+03
1.177066666666666606e+03
1.253991666666666788e+03
1.343241666666666788e+03
1.434591666666666697e+03
1.533250000000000000e+03
1.643033333333333303e+03
1.751758333333333212e+03
1.873558333333333394e+03
1.988650000000000091e+03
2.172024999999999636e+03
2.364475000000000364e+03
2.633233333333333576e+03
3.024191666666666606e+03
3.610250000000000000e+03
4.691008333333333212e+03
7.048816666666667516e+03
1.400304166666666606e+04
2.595604999999999927e+04
3.620593333333333430e+04
4.095032499999999709e+04
4.159331666666666570e+04
4.138129166666667152e+04
4.111176666666666279e+04
4.009925833333333139e+04
3.859799166666666861e+04
3.579429166666667152e+04
3.161634166666666715e+04
2.156254999999999927e+04
9.726041666666667879e+03
2.889316666666666606e+03
1.030275000000000091e+03
6.632583333333333258e+02
5.092666666666666515e+02
4.222166666666666970e+02
3.692333333333333485e+02
3.324833333333333485e+02
3.015750000000000455e+02
2.808000000000000114e+02
2.730000000000000000e+02
2.617083333333333712e+02
2.492416666666666742e+02
2.393166666666666629e+02
2.352666666666666515e+02
2.279166666666666856e+02
2.230250000000000057e+02
2.157583333333333258e+02
2.222333333333333201e+02
2.159666666666666401e+02
2.070750000000000171e+02
1.961749999999999829e+02
2.001916666666666629e+02
2.124499999999999886e+02
1.939916666666666458e+02
1.975249999999999773e+02
2.040250000000000057e+02
1.957416666666666458e+02
2.024749999999999943e+02
1.838000000000000114e+02
1.922583333333333258e+02
1.918333333333333144e+02
1.812166666666666686e+02
1.900000000000000000e+02
1.894916666666666742e+02
1.956750000000000114e+02
1.965416666666666572e+02
1.955250000000000057e+02
1.977750000000000057e+02
1.963333333333333428e+02
1.940250000000000057e+02
2.022333333333333201e+02
1.992166666666666686e+02
2.027833333333333314e+02
1.925250000000000057e+02
1.942333333333333485e+02
1.845166666666666799e+02
1.927500000000000000e+02
1.905250000000000057e+02
1.855666666666666629e+02
1.802750000000000057e+02
1.875333333333333314e+02
1.880416666666666572e+02
1.940666666666666629e+02
1.772916666666666856e+02
1.785249999999999773e+02
1.820500000000000114e+02
1.810500000000000114e+02
1.822166666666666686e+02
1.810416666666666572e+02
1.787750000000000057e+02
1.772416666666666458e+02
1.814666666666666686e+02
1.783083333333333371e+02
1.768333333333333144e+02
1.937583333333333542e+02
1.932833333333333314e+02
2.014416666666666629e+02
2.102666666666666515e+02
2.187833333333333314e+02
2.047416666666666742e+02
2.144833333333333201e+02
2.209666666666666686e+02
2.118000000000000114e+02
2.228666666666666742e+02
2.245000000000000000e+02
2.090333333333333314e+02
2.054666666666666686e+02
1.947333333333333485e+02
1.878416666666666686e+02
1.957166666666666686e+02
1.849583333333333144e+02
1.865000000000000000e+02
1.755083333333333258e+02
1.875000000000000000e+02
1.794916666666666742e+02
1.694833333333333485e+02
1.685499999999999829e+02
1.733166666666666913e+02
1.652916666666666856e+02
1.622333333333333485e+02
1.665333333333333599e+02
1.555750000000000171e+02
1.584916666666666742e+02
1.605083333333333258e+02
1.594249999999999829e+02
1.687833333333333314e+02
1.692583333333333258e+02
1.602416666666666458e+02
1.683083333333333087e+02
1.572416666666666742e+02
1.600000000000000000e+02
1.674499999999999886e+02
1.629249999999999829e+02
1.697416666666666742e+02
1.722666666666666515e+02
1.670333333333333599e+02
1.620666666666666913e+02
1.648166666666666629e+02
1.567500000000000000e+02
1.612583333333333258e+02
1.604916666666666742e+02
1.647916666666666856e+02
1.600250000000000057e+02
1.654583333333333144e+02
1.550499999999999829e+02
1.647833333333333314e+02
1.606083333333333485e+02
1.624333333333333371e+02
1.539916666666666742e+02
1.487666666666666799e+02
1.495250000000000057e+02
1.501666666666666572e+02
1.477416666666666742e+02
1.532416666666666742e+02
1.500333333333333314e+02
1.537750000000000057e+02
1.503166666666666913e+02
1.476833333333333371e+02
1.512416666666666742e+02
1.529833333333333485e+02
1.485416666666666572e+02
1.517750000000000057e+02
1.535000000000000000e+02
1.489916666666666458e+02
1.528166666666666629e+02
1.499749999999999943e+02
1.412916666666666572e+02
1.462583333333333258e+02
1.469583333333333428e+02
1.462833333333333314e+02
1.554666666666666686e+02
1.418083333333333371e+02
1.456916666666666629e+02
1.437166666666666686e+02
1.443666666666666742e+02
1.464916666666666742e+02
1.524249999999999829e+02
1.530583333333333371e+02
1.442916666666666856e+02
1.520916666666666686e+02
1.466250000000000000e+02
1.515000000000000000e+02
1.519749999999999943e+02
1.425916666666666686e+02
1.438083333333333371e+02
1.383083333333333371e+02
1.441666666666666856e+02
1.452583333333333258e+02
1.445083333333333258e+02
1.394749999999999943e+02
1.487416666666666742e+02
1.504749999999999943e+02
1.513000000000000114e+02
1.408083333333333371e+02
1.492999999999999829e+02
1.509499999999999886e+02
1.465166666666666799e+02
1.448000000000000114e+02
1.466416666666666515e+02
1.425166666666666799e+02
1.465666666666666629e+02
1.462750000000000057e+02
1.385083333333333258e+02
1.494583333333333428e+02
1.462750000000000057e+02
1.375500000000000114e+02
1.552416666666666742e+02
1.517500000000000000e+02
1.467833333333333314e+02
1.527583333333333258e+02
1.492416666666666742e+02
1.520250000000000057e+02
1.502833333333333314e+02
1.557500000000000000e+02
1.420000000000000000e+02
1.560333333333333314e+02
1.516916666666666629e+02
1.527916666666666572e+02
1.478166666666666629e+02
1.440666666666666629e+02
1.405166666666666799e+02
1.502666666666666799e+02
1.522750000000000057e+02
1.479833333333333201e+02
1.470666666666666913e+02
1.457666666666666799e+02
1.478166666666666629e+02
1.520166666666666799e+02
1.544833333333333201e+02
1.509249999999999829e+02
1.475583333333333371e+02
1.390083333333333258e+02
1.347750000000000057e+02
1.471166666666666742e+02
1.480333333333333314e+02
1.445166666666666515e+02
1.417833333333333314e+02
1.502833333333333314e+02
1.521250000000000000e+02
1.527500000000000000e+02
1.505999999999999943e+02
1.489916666666666742e+02
1.570083333333333258e+02
1.595416666666666856e+02
1.552250000000000227e+02
1.632916666666666572e+02
1.627333333333333485e+02
1.600250000000000057e+02
1.563333333333333428e+02
1.613166666666666629e+02
1.609833333333333201e+02
1.545333333333333599e+02
1.575083333333333258e+02
1.617833333333333314e+02
1.582833333333333314e+02
1.547749999999999773e+02
1.617916666666666572e+02
1.585499999999999829e+02
1.552666666666666515e+02
1.520083333333333258e+02
1.485333333333333314e+02
1.463000000000000114e+02
1.475416666666666856e+02
1.491833333333333371e+02
1.512833333333333314e+02
1.614916666666666742e+02
1.704749999999999943e+02
1.924833333333333485e+02
2.143000000000000114e+02
2.177500000000000000e+02
2.162166666666666686e+02
2.252416666666666458e+02
2.145250000000000057e+02
2.202750000000000057e+02
2.217500000000000000e+02
2.226250000000000000e+02
2.162249999999999943e+02
1.912083333333333428e+02
1.772166666666666686e+02
1.610250000000000057e+02
1.624749999999999943e+02
1.719583333333333428e+02
1.647500000000000000e+02
1.682500000000000000e+02
1.677166666666666401e+02
1.624666666666666686e+02
1.745083333333333542e+02
1.772750000000000057e+02
1.808916666666666515e+02
1.760250000000000057e+02
1.830083333333333258e+02
1.907666666666666799e+02
1.942166666666666401e+02
1.940083333333333258e+02
2.077583333333333258e+02
2.202416666666666458e+02
2.188083333333333371e+02
2.380083333333333258e+02
2.562916666666666288e+02
2.705416666666666288e+02
2.827500000000000000e+02
2.947833333333333030e+02
3.298083333333333371e+02
3.397500000000000000e+02
3.548416666666666970e+02
3.846916666666666629e+02
3.870083333333333258e+02
3.840166666666666515e+02
4.072333333333333485e+02
4.079750000000000227e+02
4.109333333333333371e+02
4.158250000000000455e+02
4.242416666666666742e+02
4.245000000000000000e+02
4.323000000000000114e+02
4.624666666666666970e+02
4.833000000000000114e+02
4.997583333333333258e+02
5.457666666666666515e+02
6.452666666666666515e+02
7.723083333333332803e+02
1.087233333333333348e+03
2.620750000000000000e+03
7.094291666666666060e+03
1.014823333333333358e+04
1.100476666666666642e+04
1.100867499999999927e+04
1.096602500000000146e+04
1.092774166666666497e+04
1.058757500000000073e+04
9.578233333333333576e+03
8.932258333333333212e+03
8.984783333333332848e+03
5.983299999999999272e+03
2.001724999999999909e+03
4.765166666666666515e+02
2.567500000000000000e+02
2.213333333333333428e+02
1.998416666666666686e+02
1.868166666666666913e+02
1.877416666666666742e+02
1.730083333333333542e+02
1.715166666666666799e+02
1.692083333333333428e+02
1.610499999999999829e+02
1.555250000000000057e+02
1.627833333333333599e+02
1.558083333333333371e+02
1.560000000000000000e+02
1.560416666666666572e+02
1.530500000000000114e+02
1.610166666666666799e+02
1.629916666666666458e+02
1.515583333333333371e+02
1.593000000000000114e+02
1.619749999999999943e+02
1.572666666666666515e+02
1.630083333333333258e+02
1.530250000000000057e+02
1.623250000000000171e+02
1.691999999999999886e+02
1.635250000000000057e+02
1.614666666666666401e+02
1.555416666666666572e+02
1.532750000000000057e+02
1.507500000000000000e+02
1.563000000000000114e+02
1.467750000000000057e+02
1.510083333333333258e+02
1.527500000000000000e+02
1.528000000000000114e+02
1.440416666666666572e+02
1.490583333333333371e+02
1.575666666666666913e+02
1.478083333333333371e+02
1.455166666666666515e+02
1.464833333333333485e+02
1.605583333333333371e+02
1.449916666666666742e+02
1.507083333333333428e+02
1.430250000000000057e+02
1.485000000000000000e+02
1.490083333333333258e+02
1.460416666666666572e+02
1.497583333333333258e+02
1.370416666666666572e+02
1.450166666666666799e+02
1.432750000000000057e+02
1.462916666666666856e+02
1.363750000000000000e+02
1.390416666666666572e+02
1.390583333333333371e+02
1.419666666666666686e+02
1.419916666666666742e+02
1.367416666666666742e+02
1.440416666666666572e+02
1.367249999999999943e+02
1.343000000000000114e+02
1.434749999999999943e+02
1.387583333333333258e+02
1.402666666666666515e+02
1.364749999999999943e+02
1.319749999999999943e+02
1.335000000000000000e+02
1.490666666666666629e+02
1.312249999999999943e+02
1.292666666666666515e+02
1.340250000000000057e+02
1.307333333333333485e+02
1.340500000000000114e+02
1.322750000000000057e+02
1.294666666666666686e+02
1.309916666666666742e+02
1.280583333333333371e+02
1.415000000000000000e+02
1.290250000000000057e+02
1.335750000000000171e+02
1.328166666666666629e+02
1.305250000000000057e+02
1.305916666666666686e+02
1.447583333333333258e+02
1.328250000000000171e+02
1.415333333333333314e+02
1.403000000000000114e+02
1.517249999999999943e+02
1.510083333333333258e+02
1.615083333333333258e+02
1.772916666666666856e+02
1.917249999999999943e+02
1.813000000000000114e+02
1.844833333333333485e+02
1.737999999999999829e+02
1.795166666666666515e+02
1.717833333333333314e+02
1.642416666666666742e+02
1.475333333333333314e+02
1.443416666666666686e+02
1.320333333333333314e+02
1.272583333333333258e+02
1.335000000000000000e+02
1.307416666666666742e+02
1.292083333333333428e+02
1.227083333333333144e+02
1.268000000000000114e+02
1.322083333333333428e+02
1.256749999999999829e+02
1.177333333333333201e+02
1.275083333333333542e+02
1.245250000000000057e+02
1.215083333333333258e+02
1.280333333333333314e+02
1.293083333333333371e+02
1.305166666666666799e+02
1.310416666666666572e+02
1.228249999999999886e+02
1.237916666666666572e+02
1.269583333333333144e+02
1.340166666666666799e+02
1.352083333333333144e+02
1.344666666666666686e+02
1.510083333333333258e+02
2.019249999999999829e+02
2.544749999999999943e+02
2.804083333333333030e+02
3.050499999999999545e+02
3.055333333333333030e+02
3.040416666666666856e+02
3.017250000000000227e+02
2.926916666666666629e+02
2.704750000000000227e+02
2.562500000000000000e+02
2.105416666666666572e+02
1.689583333333333428e+02
1.409333333333333371e+02
1.305083333333333258e+02
1.238000000000000114e+02
1.267583333333333258e+02
1.222166666666666686e+02
1.297166666666666686e+02
1.219666666666666686e+02
1.275083333333333258e+02
1.124583333333333428e+02
1.207833333333333314e+02
1.167416666666666742e+02
1.274499999999999886e+02
1.195916666666666686e+02
1.230666666666666629e+02
1.207333333333333485e+02
1.184833333333333201e+02
1.167000000000000171e+02
1.261749999999999829e+02
1.157500000000000000e+02
1.154833333333333485e+02
1.120250000000000057e+02
1.150416666666666856e+02
1.146416666666666799e+02
1.132500000000000000e+02
1.234666666666666686e+02
1.227833333333333314e+02
1.184916666666666742e+02
1.234666666666666401e+02
1.115333333333333314e+02
1.169499999999999886e+02
1.154833333333333201e+02
1.092916666666666856e+02
1.172416666666666458e+02
1.040000000000000000e+02
1.144749999999999943e+02
1.132333333333333201e+02
1.115250000000000057e+02
1.085083333333333258e+02
1.219333333333333087e+02
1.192000000000000171e+02
1.167416666666666742e+02
1.082333333333333201e+02
1.167833333333333314e+02
1.129666666666666686e+02
1.170416666666666572e+02
1.107500000000000000e+02
1.179583333333333144e+02
1.127083333333333144e+02
1.133249999999999886e+02
1.245166666666666799e+02
1.204833333333333201e+02
1.168249999999999886e+02
1.162583333333333258e+02
1.230166666666666799e+02
1.250416666666666856e+02
1.264666666666666686e+02
1.360166666666666515e+02
1.328000000000000114e+02
1.282500000000000000e+02
1.425083333333333258e+02
1.382500000000000000e+02
1.462249999999999943e+02
1.585833333333333428e+02
1.610166666666666799e+02
1.704916666666666742e+02
1.690166666666666515e+02
1.715083333333333542e+02
1.795916666666666686e+02
1.877500000000000000e+02
1.884749999999999943e+02
1.833000000000000114e+02
1.962416666666666742e+02
2.175000000000000000e+02
2.539916666666666742e+02
5.387583333333333258e+02
1.195083333333333258e+03
1.735941666666666606e+03
1.936958333333333485e+03
1.985491666666666788e+03
2.032008333333333212e+03
1.996983333333333121e+03
1.891258333333333212e+03
1.802983333333333348e+03
2.263758333333333212e+03
2.888758333333333212e+03
3.239750000000000000e+03
3.362750000000000000e+03
3.431241666666666788e+03
3.390699999999999818e+03
3.239425000000000182e+03
2.919991666666666788e+03
2.324716666666666697e+03
1.571266666666666424e+03
5.075583333333333371e+02
1.672249999999999943e+02
1.314833333333333485e+02
1.089499999999999886e+02
1.025166666666666799e+02
1.012500000000000000e+02
1.014916666666666742e+02
9.855833333333333712e+01
9.227500000000000568e+01
9.917499999999998295e+01
8.582500000000001705e+01
9.020833333333331439e+01
9.076666666666667993e+01
8.756666666666666288e+01
8.195833333333334281e+01
9.169999999999998863e+01
7.699166666666667425e+01
8.754166666666665719e+01
8.752500000000000568e+01
8.350833333333335418e+01
8.700000000000000000e+01
9.000000000000000000e+01
8.994166666666666288e+01
8.800833333333332575e+01
8.300833333333335418e+01
8.271666666666666856e+01
8.145000000000001705e+01
8.977500000000000568e+01
8.998333333333334849e+01
9.094166666666666288e+01
8.647499999999999432e+01
8.880833333333333712e+01
8.102500000000000568e+01
8.925000000000000000e+01
8.524166666666667425e+01
7.548333333333332007e+01
8.370000000000001705e+01
9.574166666666664582e+01
8.427500000000000568e+01
8.725833333333335418e+01
8.376666666666667993e+01
8.375833333333335418e+01
9.225833333333332575e+01
8.624166666666667425e+01
8.993333333333330870e+01
8.519999999999998863e+01
8.472499999999999432e+01
7.953333333333333144e+01
8.576666666666665151e+01
8.871666666666664014e+01
8.174166666666664582e+01
9.575000000000000000e+01
1.037333333333333201e+02
1.519500000000000171e+02
3.804916666666666742e+02
6.684500000000000455e+02
8.254416666666666060e+02
9.094749999999999091e+02
9.335083333333333258e+02
8.827333333333333485e+02
8.324583333333333712e+02
6.540916666666666970e+02
4.650166666666666515e+02
1.964833333333333485e+02
9.224166666666667425e+01
8.472499999999999432e+01
8.001666666666665151e+01
7.168333333333333712e+01
7.994166666666666288e+01
8.150833333333332575e+01
8.364999999999997726e+01
8.375000000000000000e+01
7.831666666666666288e+01
8.194166666666666288e+01
7.051666666666667993e+01
8.024166666666667425e+01
7.650000000000000000e+01
7.626666666666667993e+01
6.521666666666666856e+01
8.172499999999999432e+01
7.474166666666667425e+01
7.045833333333334281e+01
7.122499999999999432e+01
7.819166666666666288e+01
7.470833333333334281e+01
8.098333333333334849e+01
8.172500000000002274e+01
1.009333333333333371e+02
1.492333333333333485e+02
2.967416666666666742e+02
5.857249999999999091e+02
9.576916666666666060e+02
1.197750000000000000e+03
1.338925000000000182e+03
1.312775000000000091e+03
1.222049999999999955e+03
1.048458333333333485e+03
7.537333333333333485e+02
4.237000000000000455e+02
1.436083333333333201e+02
8.193333333333333712e+01
6.544166666666666288e+01
6.575000000000000000e+01
6.400833333333332575e+01
6.755000000000001137e+01
6.653333333333333144e+01
7.546666666666666856e+01
6.670000000000001705e+01
7.076666666666667993e+01
6.545833333333334281e+01
5.850000000000000000e+01
4.260833333333334849e+01
5.068333333333333712e+01
5.150833333333332575e+01
4.577500000000000568e+01
4.701666666666667993e+01
4.451666666666667993e+01
4.747499999999999432e+01
4.880000000000001137e+01
4.041666666666668561e+01
4.620000000000001705e+01
4.099166666666667425e+01
4.847499999999999432e+01
4.661666666666667425e+01
3.428333333333333144e+01
4.770833333333331439e+01
3.347499999999999432e+01
3.997499999999999432e+01
4.149166666666667425e+01
4.148333333333332007e+01
3.997499999999999432e+01
4.148333333333332007e+01
3.645833333333331439e+01
3.123333333333334849e+01
4.640833333333333144e+01
3.599166666666667425e+01
4.345000000000001705e+01
3.300000000000000000e+01
3.402500000000000568e+01
3.592500000000001137e+01
4.018333333333333712e+01
3.400833333333332575e+01
4.058333333333334281e+01
3.294166666666666288e+01
2.967500000000001137e+01
3.290000000000000568e+01
