3.974999999999994316e+00
1.541666666666657193e+00
-4.225000000000022737e+00
1.091666666666668561e+00
1.225000000000022737e+00
2.583333333333541759e-01
4.783333333333359860e+00
-8.999999999999772626e-01
1.000000000000000000e+00
1.983333333333320070e+00
5.441666666666662877e+00
4.666666666666657193e+00
2.224999999999994316e+00
4.325000000000017053e+00
2.799999999999982947e+00
4.483333333333348492e+00
3.208333333333342807e+00
5.250000000000056843e-01
1.258333333333325754e+00
7.916666666666856145e-01
2.208333333333342807e+00
3.508333333333325754e+00
2.025000000000005684e+00
8.166666666666628771e-01
-1.766666666666651508e+00
-1.500000000000000000e+00
5.741666666666674246e+00
6.241666666666645824e+00
3.266666666666679930e+00
4.008333333333325754e+00
6.550000000000011369e+00
3.050000000000011369e+00
3.083333333333371229e-01
2.316666666666662877e+00
4.541666666666657193e+00
6.000000000000227374e-01
5.466666666666668561e+00
3.058333333333337123e+00
2.283333333333331439e+00
2.541666666666657193e+00
3.741666666666674246e+00
6.275000000000005684e+00
3.708333333333342807e+00
2.525000000000005684e+00
2.883333333333325754e+00
2.150000000000005684e+00
6.849999999999994316e+00
4.033333333333331439e+00
6.158333333333331439e+00
4.525000000000005684e+00
4.050000000000011369e+00
8.466666666666668561e+00
3.983333333333320070e+00
3.866666666666674246e+00
9.266666666666651508e+00
2.433333333333337123e+00
7.041666666666685614e+00
6.166666666666657193e+00
6.949999999999988631e+00
5.241666666666645824e+00
4.950000000000017053e+00
5.716666666666668561e+00
6.974999999999994316e+00
5.074999999999988631e+00
5.966666666666668561e+00
5.525000000000005684e+00
5.508333333333354176e+00
5.516666666666679930e+00
7.691666666666691299e+00
5.983333333333320070e+00
5.508333333333325754e+00
7.216666666666668561e+00
6.250000000000000000e+00
3.750000000000000000e+00
8.216666666666668561e+00
4.816666666666662877e+00
8.549999999999982947e+00
8.716666666666668561e+00
7.966666666666640140e+00
1.124166666666667425e+01
4.991666666666674246e+00
7.233333333333320070e+00
7.541666666666657193e+00
9.033333333333331439e+00
7.024999999999977263e+00
3.508333333333325754e+00
8.033333333333331439e+00
1.125000000000000000e+01
9.241666666666674246e+00
9.233333333333320070e+00
1.220000000000001705e+01
9.474999999999994316e+00
1.124166666666667425e+01
1.422499999999999432e+01
2.044166666666666288e+01
2.025833333333335418e+01
1.975000000000000000e+01
2.200000000000000000e+01
4.023333333333332007e+01
3.944999999999998863e+01
3.800000000000000000e+01
4.490833333333333144e+01
4.767500000000001137e+01
4.575000000000000000e+01
3.646666666666666856e+01
3.226666666666665151e+01
2.894999999999998863e+01
1.726666666666667993e+01
2.422499999999999432e+01
1.075000000000000000e+01
8.758333333333354176e+00
9.699999999999988631e+00
1.001666666666667993e+01
1.125833333333332575e+01
9.741666666666674246e+00
1.114166666666665151e+01
1.025000000000000000e+01
7.016666666666679930e+00
9.483333333333320070e+00
8.233333333333320070e+00
1.248333333333332007e+01
1.246666666666666856e+01
7.024999999999977263e+00
9.025000000000005684e+00
8.308333333333337123e+00
1.124166666666667425e+01
7.558333333333337123e+00
6.766666666666679930e+00
7.500000000000000000e+00
1.019999999999998863e+01
4.058333333333337123e+00
7.458333333333342807e+00
1.422499999999999432e+01
6.308333333333337123e+00
1.000000000000000000e+01
1.023333333333334849e+01
5.049999999999982947e+00
1.200000000000000000e+01
7.500000000000000000e+00
1.070833333333331439e+01
1.322499999999999432e+01
1.424166666666667425e+01
1.134166666666666856e+01
1.004166666666665719e+01
7.474999999999994316e+00
1.149166666666667425e+01
1.142500000000001137e+01
4.991666666666674246e+00
7.025000000000005684e+00
5.941666666666662877e+00
1.019166666666666288e+01
1.269166666666666288e+01
4.516666666666679930e+00
6.741666666666645824e+00
9.308333333333337123e+00
9.750000000000000000e+00
1.018333333333330870e+01
9.474999999999994316e+00
9.699999999999988631e+00
8.500000000000000000e+00
7.933333333333337123e+00
1.100833333333332575e+01
9.508333333333325754e+00
1.420833333333331439e+01
6.275000000000005684e+00
3.983333333333320070e+00
8.958333333333342807e+00
5.783333333333331439e+00
8.000000000000000000e+00
9.825000000000017053e+00
9.983333333333320070e+00
1.302500000000000568e+01
1.317499999999998295e+01
7.775000000000005684e+00
8.058333333333337123e+00
7.474999999999994316e+00
1.025833333333332575e+01
1.493333333333333712e+01
1.452500000000000568e+01
8.266666666666679930e+00
1.056666666666666288e+01
8.041666666666657193e+00
7.741666666666645824e+00
9.974999999999994316e+00
7.550000000000011369e+00
8.674999999999982947e+00
1.203333333333333144e+01
7.316666666666662877e+00
1.143333333333330870e+01
1.103333333333333144e+01
1.450000000000000000e+01
6.875000000000000000e+00
1.199166666666664582e+01
1.152500000000000568e+01
9.324999999999988631e+00
7.524999999999977263e+00
9.016666666666651508e+00
1.594166666666666288e+01
1.542499999999998295e+01
1.047500000000002274e+01
1.277500000000000568e+01
1.568333333333330870e+01
1.009166666666666856e+01
1.376666666666667993e+01
1.328333333333333144e+01
1.020833333333331439e+01
1.069999999999998863e+01
9.516666666666651508e+00
1.083333333333334281e+01
1.505833333333333712e+01
1.382499999999998863e+01
1.246666666666666856e+01
8.775000000000005684e+00
1.325833333333332575e+01
1.050000000000000000e+01
1.348333333333334849e+01
1.023333333333334849e+01
5.958333333333314386e+00
1.473333333333332007e+01
1.303333333333333144e+01
1.143333333333330870e+01
1.216666666666665719e+01
9.775000000000005684e+00
1.144166666666666288e+01
1.196666666666666856e+01
1.147499999999999432e+01
9.508333333333325754e+00
1.245000000000001705e+01
1.304166666666665719e+01
1.301666666666667993e+01
1.692499999999998295e+01
1.146666666666666856e+01
1.725833333333332575e+01
1.204166666666668561e+01
1.375000000000000000e+01
1.252500000000000568e+01
1.152500000000000568e+01
1.429166666666665719e+01
1.395833333333334281e+01
1.394999999999998863e+01
1.175833333333332575e+01
1.949166666666667425e+01
1.507500000000001705e+01
1.093333333333333712e+01
9.958333333333342807e+00
1.156666666666666288e+01
1.149166666666667425e+01
1.500000000000000000e+01
7.283333333333331439e+00
2.248333333333332007e+01
1.600833333333332575e+01
1.675000000000000000e+01
1.275833333333332575e+01
1.699166666666667425e+01
1.606666666666666288e+01
1.652500000000000568e+01
1.354166666666665719e+01
1.176666666666667993e+01
1.079166666666668561e+01
1.819999999999998863e+01
1.251666666666667993e+01
1.748333333333332007e+01
1.679166666666665719e+01
1.112500000000000000e+01
2.155833333333333712e+01
1.951666666666665151e+01
2.558333333333334281e+01
2.153333333333333144e+01
2.378333333333335986e+01
3.143333333333333712e+01
1.872499999999999432e+01
2.160000000000002274e+01
2.475000000000000000e+01
1.703333333333333144e+01
1.500833333333335418e+01
1.398333333333334849e+01
1.576666666666667993e+01
1.405833333333333712e+01
2.099166666666667425e+01
1.201666666666667993e+01
2.176666666666667993e+01
1.697499999999999432e+01
2.200000000000000000e+01
2.027500000000000568e+01
1.268333333333333712e+01
2.029166666666668561e+01
1.821666666666664014e+01
1.449166666666667425e+01
1.401666666666667993e+01
1.846666666666666856e+01
1.748333333333334849e+01
1.698333333333332007e+01
1.500000000000000000e+01
1.701666666666665151e+01
1.153333333333333144e+01
1.226666666666667993e+01
1.346666666666666856e+01
1.974166666666667425e+01
1.846666666666666856e+01
2.150833333333335418e+01
1.597499999999999432e+01
1.405833333333333712e+01
1.957499999999998863e+01
1.676666666666667993e+01
1.925000000000000000e+01
1.722499999999999432e+01
1.550000000000000000e+01
1.394166666666666288e+01
1.300000000000000000e+01
1.948333333333334849e+01
1.400833333333332575e+01
1.676666666666667993e+01
1.824166666666664582e+01
1.976666666666667993e+01
2.078333333333333144e+01
1.878333333333333144e+01
1.323333333333334849e+01
2.325000000000000000e+01
2.201666666666665151e+01
1.950833333333335418e+01
2.377500000000000568e+01
2.025833333333332575e+01
1.696666666666666856e+01
2.178333333333333144e+01
2.128333333333335986e+01
1.672499999999999432e+01
1.775833333333332575e+01
3.053333333333333144e+01
1.575833333333332575e+01
1.351666666666665151e+01
2.079166666666665719e+01
2.449166666666667425e+01
2.457500000000001705e+01
2.295833333333334281e+01
1.843333333333333712e+01
2.344999999999998863e+01
2.132499999999998863e+01
2.250000000000000000e+01
2.081666666666666288e+01
1.258333333333334281e+01
2.300833333333332575e+01
1.889999999999997726e+01
1.866666666666668561e+01
2.079166666666668561e+01
2.221666666666666856e+01
2.376666666666667993e+01
1.729166666666668561e+01
2.425833333333332575e+01
2.475000000000000000e+01
2.367499999999998295e+01
2.516666666666665719e+01
2.575000000000000000e+01
2.517499999999998295e+01
2.355000000000001137e+01
2.292499999999998295e+01
2.301666666666667993e+01
2.549166666666667425e+01
2.001666666666665151e+01
2.091666666666665719e+01
2.051666666666667993e+01
1.928333333333333144e+01
2.575000000000000000e+01
2.097499999999999432e+01
3.024166666666667425e+01
3.250000000000000000e+01
2.649166666666667425e+01
2.153333333333335986e+01
2.651666666666667993e+01
2.800833333333335418e+01
2.524166666666667425e+01
2.205833333333333712e+01
2.347499999999999432e+01
2.730833333333333712e+01
2.401666666666665151e+01
2.328333333333333144e+01
2.605000000000001137e+01
2.926666666666665151e+01
2.544166666666666288e+01
1.633333333333334281e+01
2.945833333333334281e+01
2.571666666666666856e+01
3.151666666666665151e+01
2.644166666666666288e+01
2.446666666666666856e+01
2.370833333333334281e+01
2.255000000000001137e+01
2.222499999999999432e+01
2.976666666666667993e+01
2.320833333333331439e+01
2.375833333333332575e+01
2.520833333333331439e+01
2.673333333333332007e+01
2.726666666666665151e+01
2.927500000000000568e+01
2.397499999999999432e+01
3.027499999999997726e+01
2.300833333333332575e+01
2.724166666666667425e+01
2.952500000000000568e+01
3.223333333333332007e+01
2.777500000000000568e+01
2.477500000000000568e+01
3.075833333333335418e+01
3.200833333333332575e+01
3.045833333333334281e+01
2.779999999999998295e+01
2.128333333333333144e+01
2.601666666666667993e+01
2.119166666666666288e+01
2.450833333333332575e+01
3.275833333333332575e+01
2.575000000000000000e+01
3.000833333333332575e+01
3.448333333333332007e+01
3.497499999999999432e+01
3.274166666666664582e+01
3.547499999999999432e+01
2.775833333333335418e+01
2.901666666666667993e+01
2.633333333333334281e+01
2.954166666666668561e+01
3.053333333333333144e+01
3.121666666666666856e+01
2.703333333333335986e+01
3.897499999999999432e+01
2.775833333333335418e+01
3.129166666666665719e+01
3.803333333333333144e+01
3.298333333333332007e+01
3.000000000000000000e+01
3.797499999999999432e+01
2.965833333333333144e+01
3.395833333333334281e+01
3.773333333333332007e+01
3.696666666666664014e+01
3.061666666666667425e+01
3.707500000000001705e+01
2.998333333333334849e+01
3.274166666666667425e+01
3.432499999999998863e+01
3.456666666666666288e+01
3.474166666666667425e+01
3.719166666666666288e+01
3.450833333333332575e+01
3.896666666666664014e+01
3.575833333333332575e+01
3.801666666666665151e+01
3.449166666666667425e+01
4.050833333333335418e+01
4.196666666666666856e+01
3.871666666666666856e+01
3.654166666666668561e+01
3.702499999999997726e+01
3.840833333333333144e+01
4.015000000000000568e+01
3.555000000000001137e+01
3.491666666666665719e+01
4.065833333333333144e+01
4.216666666666665719e+01
3.875000000000000000e+01
4.715000000000000568e+01
3.915833333333333144e+01
4.016666666666665719e+01
3.622499999999999432e+01
4.144999999999998863e+01
3.875833333333335418e+01
3.844166666666666288e+01
4.135833333333332007e+01
4.725833333333332575e+01
4.396666666666666856e+01
4.195000000000001705e+01
4.773333333333334849e+01
4.175833333333332575e+01
4.047500000000002274e+01
4.624166666666667425e+01
4.819999999999998863e+01
5.100000000000000000e+01
4.793333333333330870e+01
4.353333333333335986e+01
5.002500000000000568e+01
5.163333333333335418e+01
4.094166666666666288e+01
6.122499999999999432e+01
5.651666666666667993e+01
5.175000000000000000e+01
4.967500000000001137e+01
5.871666666666666856e+01
6.347499999999999432e+01
5.747499999999999432e+01
6.220833333333331439e+01
6.800833333333332575e+01
6.975000000000000000e+01
7.601666666666667993e+01
8.194999999999998863e+01
8.577500000000000568e+01
1.025083333333333258e+02
1.157583333333333258e+02
1.390500000000000114e+02
2.024250000000000114e+02
4.440166666666666515e+02
1.213041666666666515e+03
1.975025000000000091e+03
2.440241666666666788e+03
2.758533333333333303e+03
2.949966666666666697e+03
2.996516666666666424e+03
3.086508333333333212e+03
3.030416666666666515e+03
2.852766666666666424e+03
2.601966666666666242e+03
2.164733333333333576e+03
1.346066666666666606e+03
3.585249999999999773e+02
1.377500000000000000e+02
9.654166666666665719e+01
7.456666666666666288e+01
7.081666666666666288e+01
7.004166666666668561e+01
6.373333333333332007e+01
5.673333333333332007e+01
5.471666666666666856e+01
5.374166666666667425e+01
5.399166666666664582e+01
5.400000000000000000e+01
5.221666666666664014e+01
5.894166666666666288e+01
5.480833333333333712e+01
5.304166666666665719e+01
5.597499999999999432e+01
4.603333333333333144e+01
4.725833333333332575e+01
4.455000000000001137e+01
4.572499999999999432e+01
5.000833333333332575e+01
4.969166666666666288e+01
4.973333333333332007e+01
4.694999999999998863e+01
4.774166666666667425e+01
4.726666666666665151e+01
5.173333333333334849e+01
4.925833333333332575e+01
4.876666666666667993e+01
4.326666666666667993e+01
4.981666666666669130e+01
4.405000000000001137e+01
5.075000000000000000e+01
4.572499999999999432e+01
5.015833333333333144e+01
4.854166666666665719e+01
5.271666666666666856e+01
5.225000000000000000e+01
4.623333333333332007e+01
5.175833333333332575e+01
4.953333333333333144e+01
5.104166666666665719e+01
4.755833333333333712e+01
5.525833333333332575e+01
5.719999999999998863e+01
5.100000000000000000e+01
6.351666666666667993e+01
6.504166666666668561e+01
6.278333333333333144e+01
7.200833333333335418e+01
1.027833333333333599e+02
2.274749999999999943e+02
4.143083333333333371e+02
5.044916666666666742e+02
5.822999999999999545e+02
6.204750000000000227e+02
6.225416666666666288e+02
6.279333333333333940e+02
6.299500000000000455e+02
6.008083333333332803e+02
5.697749999999999773e+02
5.194750000000000227e+02
3.820333333333333030e+02
1.618166666666666913e+02
7.158333333333334281e+01
6.782500000000001705e+01
6.948333333333332007e+01
6.075833333333335418e+01
6.028333333333335986e+01
5.520833333333334281e+01
5.675833333333332575e+01
5.301666666666665151e+01
5.254166666666665719e+01
5.703333333333333144e+01
5.483333333333334281e+01
5.923333333333332007e+01
5.169999999999998863e+01
5.530833333333333712e+01
6.007500000000001705e+01
5.779166666666665719e+01
5.426666666666665151e+01
5.780833333333333712e+01
5.574166666666667425e+01
7.429166666666665719e+01
7.122499999999999432e+01
7.603333333333333144e+01
7.475833333333332575e+01
7.800833333333332575e+01
7.975833333333335418e+01
7.701666666666665151e+01
7.921666666666666856e+01
8.576666666666667993e+01
7.093333333333333712e+01
7.530000000000001137e+01
6.802500000000000568e+01
5.377500000000000568e+01
5.153333333333333144e+01
5.453333333333333144e+01
5.502500000000000568e+01
5.512500000000000000e+01
5.105833333333333712e+01
5.774166666666667425e+01
5.448333333333332007e+01
4.753333333333333144e+01
4.895833333333331439e+01
5.075833333333332575e+01
5.496666666666666856e+01
5.754999999999998295e+01
6.040000000000000568e+01
5.512500000000000000e+01
5.144166666666669130e+01
5.315000000000000568e+01
5.698333333333332007e+01
5.120000000000001705e+01
5.440833333333333144e+01
6.098333333333332007e+01
5.042500000000001137e+01
5.685000000000002274e+01
5.397499999999999432e+01
5.604166666666668561e+01
5.850000000000000000e+01
5.612500000000000000e+01
6.173333333333332007e+01
5.325000000000000000e+01
5.449166666666667425e+01
5.895000000000001705e+01
5.482499999999998863e+01
5.317500000000001137e+01
5.924166666666667425e+01
5.424166666666667425e+01
5.342500000000001137e+01
5.419166666666666288e+01
5.369999999999998863e+01
5.200833333333332575e+01
5.771666666666666856e+01
5.224166666666664582e+01
5.969999999999998863e+01
5.438333333333332575e+01
6.052499999999997726e+01
5.854166666666668561e+01
6.548333333333334849e+01
5.748333333333334849e+01
6.384999999999999432e+01
6.374166666666667425e+01
5.709166666666666856e+01
5.454166666666668561e+01
5.806666666666666288e+01
5.797499999999999432e+01
6.043333333333333712e+01
6.271666666666666856e+01
6.075833333333335418e+01
5.573333333333332007e+01
5.777500000000000568e+01
5.675000000000000000e+01
6.104999999999998295e+01
6.776666666666665151e+01
6.327500000000000568e+01
7.422499999999999432e+01
7.355833333333333712e+01
8.542499999999998295e+01
9.072499999999999432e+01
1.000500000000000114e+02
9.455833333333333712e+01
1.044666666666666401e+02
1.022166666666666686e+02
1.007666666666666515e+02
1.006916666666666629e+02
9.923333333333332007e+01
9.126666666666667993e+01
9.845833333333331439e+01
7.875000000000000000e+01
7.670000000000001705e+01
7.479166666666665719e+01
6.953333333333333144e+01
6.581666666666669130e+01
5.930833333333333712e+01
6.226666666666667993e+01
6.275833333333332575e+01
6.331666666666666288e+01
6.311666666666667425e+01
6.358333333333334281e+01
6.700833333333332575e+01
6.198333333333334849e+01
5.676666666666665151e+01
6.300000000000000000e+01
5.800000000000000000e+01
5.781666666666666288e+01
6.178333333333333144e+01
5.898333333333334849e+01
6.295833333333331439e+01
6.152500000000000568e+01
6.671666666666664014e+01
6.060833333333334849e+01
5.680000000000001137e+01
6.125833333333332575e+01
6.325833333333335418e+01
6.102500000000000568e+01
6.349166666666664582e+01
5.901666666666667993e+01
5.928333333333335986e+01
5.854166666666665719e+01
6.253333333333333144e+01
5.474166666666667425e+01
6.502499999999997726e+01
6.126666666666667993e+01
6.228333333333333144e+01
6.544999999999998863e+01
6.126666666666667993e+01
6.570833333333334281e+01
6.161666666666667425e+01
6.205833333333333712e+01
6.335833333333334849e+01
6.500833333333332575e+01
6.126666666666667993e+01
6.053333333333333144e+01
5.875000000000000000e+01
6.195833333333331439e+01
6.503333333333335986e+01
6.111666666666664582e+01
6.431666666666666288e+01
6.771666666666664014e+01
6.753333333333333144e+01
6.853333333333333144e+01
6.332500000000001705e+01
6.495833333333334281e+01
6.425833333333332575e+01
6.100833333333332575e+01
6.251666666666665151e+01
6.481666666666669130e+01
6.220833333333331439e+01
6.478333333333333144e+01
6.305833333333333712e+01
6.196666666666666856e+01
6.123333333333332007e+01
6.328333333333333144e+01
7.299166666666664582e+01
6.925000000000000000e+01
6.550833333333332575e+01
6.758333333333334281e+01
6.302500000000000568e+01
6.294166666666666288e+01
6.322499999999999432e+01
6.245000000000001705e+01
6.279999999999998295e+01
6.575833333333332575e+01
6.525000000000000000e+01
6.255000000000001137e+01
6.599166666666667425e+01
6.873333333333332007e+01
6.396666666666666856e+01
6.750000000000000000e+01
6.448333333333332007e+01
8.215833333333333144e+01
8.425833333333335418e+01
8.574166666666667425e+01
8.672499999999999432e+01
8.628333333333333144e+01
8.548333333333332007e+01
8.971666666666666856e+01
8.629999999999998295e+01
8.544999999999998863e+01
8.405833333333333712e+01
8.548333333333334849e+01
6.904166666666668561e+01
7.319166666666666288e+01
7.599166666666667425e+01
7.694166666666666288e+01
7.424166666666667425e+01
7.255833333333333712e+01
7.057499999999998863e+01
7.700000000000000000e+01
7.850000000000000000e+01
7.078333333333333144e+01
7.151666666666665151e+01
7.726666666666667993e+01
7.704166666666668561e+01
7.417499999999998295e+01
6.902500000000000568e+01
7.226666666666665151e+01
6.997499999999999432e+01
6.427500000000000568e+01
7.452499999999997726e+01
7.250833333333332575e+01
6.919166666666666288e+01
6.651666666666667993e+01
6.812500000000000000e+01
7.154166666666665719e+01
7.103333333333335986e+01
7.391666666666665719e+01
7.050833333333332575e+01
6.644166666666666288e+01
7.020833333333334281e+01
6.804166666666668561e+01
6.977500000000000568e+01
7.197499999999999432e+01
8.305000000000001137e+01
7.979999999999998295e+01
7.631666666666666288e+01
8.924166666666667425e+01
8.696666666666666856e+01
8.582499999999998863e+01
9.016666666666668561e+01
8.332500000000001705e+01
8.421666666666666856e+01
7.597499999999999432e+01
7.100833333333332575e+01
7.299166666666664582e+01
7.375000000000000000e+01
7.075000000000000000e+01
6.430833333333333712e+01
7.379166666666668561e+01
7.600833333333332575e+01
7.004999999999998295e+01
7.043333333333333712e+01
7.080833333333333712e+01
7.300833333333332575e+01
7.552500000000000568e+01
7.884999999999999432e+01
7.306666666666669130e+01
6.830000000000001137e+01
6.870000000000001705e+01
7.326666666666667993e+01
6.969999999999998863e+01
7.019166666666666288e+01
6.800833333333335418e+01
7.401666666666667993e+01
7.175000000000000000e+01
7.606666666666666288e+01
7.399166666666667425e+01
8.218333333333333712e+01
6.531666666666669130e+01
7.409166666666666856e+01
7.075000000000000000e+01
6.804166666666665719e+01
7.220833333333334281e+01
7.605833333333333712e+01
7.108333333333331439e+01
7.479166666666665719e+01
7.126666666666667993e+01
7.200000000000000000e+01
6.900000000000000000e+01
7.596666666666666856e+01
7.008333333333334281e+01
7.752499999999997726e+01
7.151666666666665151e+01
7.219166666666666288e+01
7.758333333333334281e+01
7.898333333333332007e+01
7.427500000000000568e+01
7.804166666666668561e+01
7.677500000000000568e+01
7.301666666666667993e+01
6.876666666666665151e+01
7.253333333333333144e+01
7.806666666666666288e+01
7.072499999999999432e+01
7.829166666666665719e+01
7.372499999999999432e+01
7.178333333333333144e+01
7.249166666666667425e+01
7.350000000000000000e+01
7.395833333333331439e+01
7.923333333333334849e+01
7.573333333333334849e+01
7.832499999999998863e+01
7.004166666666668561e+01
8.004166666666668561e+01
7.124166666666667425e+01
7.955000000000001137e+01
7.480000000000001137e+01
6.677499999999997726e+01
7.651666666666667993e+01
7.484166666666666856e+01
8.096666666666666856e+01
7.449166666666667425e+01
7.925000000000000000e+01
7.104999999999998295e+01
8.378333333333333144e+01
7.326666666666665151e+01
7.785833333333332007e+01
7.977500000000000568e+01
7.600833333333335418e+01
7.529166666666668561e+01
8.253333333333333144e+01
8.554166666666665719e+01
8.709166666666666856e+01
8.401666666666665151e+01
7.623333333333332007e+01
8.072499999999999432e+01
8.030833333333333712e+01
8.269999999999998863e+01
8.600000000000000000e+01
8.395833333333331439e+01
9.048333333333332007e+01
8.480000000000001137e+01
8.278333333333333144e+01
8.969999999999998863e+01
8.583333333333331439e+01
8.826666666666667993e+01
9.548333333333332007e+01
8.629166666666665719e+01
9.470833333333334281e+01
8.376666666666667993e+01
8.351666666666665151e+01
8.824166666666664582e+01
8.604166666666665719e+01
9.519999999999998863e+01
9.555000000000001137e+01
9.450000000000000000e+01
8.950000000000000000e+01
8.873333333333332007e+01
8.710000000000002274e+01
9.801666666666667993e+01
9.405000000000001137e+01
9.402500000000000568e+01
9.229166666666668561e+01
8.625833333333332575e+01
9.471666666666666856e+01
8.853333333333333144e+01
9.197499999999999432e+01
8.967499999999998295e+01
9.223333333333332007e+01
9.103333333333333144e+01
9.147499999999999432e+01
8.432499999999998863e+01
9.851666666666667993e+01
9.554166666666665719e+01
9.577499999999997726e+01
9.753333333333335986e+01
9.997499999999999432e+01
9.450000000000000000e+01
9.755833333333333712e+01
1.010166666666666799e+02
9.421666666666666856e+01
8.854166666666668561e+01
9.780833333333333712e+01
1.002916666666666572e+02
9.949166666666667425e+01
9.726666666666667993e+01
1.069499999999999886e+02
9.709999999999999432e+01
1.096916666666666629e+02
1.131916666666666913e+02
1.131666666666666572e+02
1.021833333333333371e+02
1.169916666666666458e+02
1.270999999999999943e+02
1.270166666666666799e+02
1.311583333333333314e+02
1.324416666666666913e+02
1.366666666666666856e+02
1.364083333333333314e+02
1.477666666666666799e+02
1.434249999999999829e+02
1.361833333333333371e+02
1.239749999999999943e+02
1.266916666666666629e+02
1.140583333333333371e+02
1.195416666666666572e+02
1.189666666666666686e+02
1.190166666666666799e+02
1.223999999999999773e+02
1.154666666666666686e+02
1.182250000000000227e+02
1.205416666666666572e+02
1.302166666666666686e+02
1.259583333333333428e+02
1.231833333333333371e+02
1.337166666666666686e+02
1.405000000000000000e+02
1.317750000000000057e+02
1.407416666666666458e+02
1.387583333333333258e+02
1.512500000000000000e+02
1.407166666666666686e+02
1.447500000000000000e+02
1.434499999999999886e+02
1.482500000000000000e+02
1.535666666666666629e+02
1.409583333333333428e+02
1.544666666666666686e+02
1.462916666666666572e+02
1.437166666666666686e+02
1.519416666666666629e+02
1.547833333333333314e+02
1.517833333333333314e+02
1.524666666666666401e+02
1.762416666666666742e+02
1.574833333333333485e+02
1.640333333333333314e+02
1.782916666666666572e+02
1.755666666666666913e+02
1.820000000000000000e+02
1.936833333333333371e+02
1.880999999999999943e+02
2.029583333333333144e+02
2.077500000000000000e+02
2.155166666666666799e+02
2.164916666666666742e+02
2.309833333333333201e+02
2.525000000000000000e+02
2.439833333333333201e+02
2.557166666666666686e+02
2.750249999999999773e+02
2.975333333333333030e+02
3.193999999999999773e+02
3.392333333333333485e+02
3.697166666666666970e+02
3.760249999999999773e+02
4.035083333333333258e+02
4.374666666666666970e+02
4.715083333333333258e+02
5.332166666666666970e+02
5.593499999999999091e+02
6.445166666666666515e+02
7.337333333333333485e+02
8.130499999999999545e+02
9.225000000000000000e+02
9.997583333333333258e+02
1.100733333333333348e+03
1.186041666666666515e+03
1.332716666666666697e+03
1.507775000000000091e+03
1.825783333333333303e+03
2.314250000000000000e+03
3.284250000000000000e+03
5.201000000000000000e+03
8.298233333333333576e+03
1.137400833333333321e+04
1.340497500000000036e+04
1.463876666666666642e+04
1.516502500000000146e+04
1.535296666666666715e+04
1.518471666666666715e+04
1.458322499999999854e+04
1.365778333333333285e+04
1.205477499999999964e+04
9.495508333333333212e+03
6.206250000000000000e+03
3.964974999999999909e+03
3.055525000000000091e+03
2.926791666666666515e+03
3.372516666666666424e+03
4.859500000000000000e+03
7.730808333333333394e+03
1.114749166666666679e+04
1.350272499999999854e+04
1.492895833333333212e+04
1.553854999999999927e+04
1.590557500000000073e+04
1.575529166666666788e+04
1.538850833333333321e+04
1.454077499999999964e+04
1.302200000000000000e+04
1.057402500000000146e+04
7.165050000000000182e+03
4.156466666666667152e+03
2.610399999999999636e+03
1.868275000000000091e+03
1.423700000000000045e+03
1.149474999999999909e+03
9.374916666666666742e+02
8.027250000000000227e+02
6.729000000000000909e+02
5.887666666666666515e+02
5.277500000000000000e+02
4.799916666666666742e+02
4.152916666666666856e+02
3.835166666666666515e+02
3.587416666666666742e+02
3.155249999999999773e+02
3.069083333333333030e+02
2.737666666666666515e+02
2.605249999999999773e+02
2.566999999999999886e+02
2.387333333333333485e+02
2.372583333333333258e+02
2.209916666666666742e+02
2.095000000000000000e+02
2.112833333333333314e+02
2.015000000000000000e+02
1.920083333333333258e+02
1.865083333333333258e+02
1.817249999999999943e+02
1.809916666666666458e+02
1.822666666666666799e+02
1.697916666666666572e+02
1.742500000000000000e+02
1.601833333333333371e+02
1.562416666666666458e+02
1.452750000000000057e+02
1.438083333333333371e+02
1.470083333333333542e+02
1.395000000000000000e+02
1.302083333333333144e+02
1.322500000000000000e+02
1.340333333333333314e+02
1.267583333333333542e+02
1.277833333333333314e+02
1.252583333333333258e+02
1.277666666666666515e+02
1.242666666666666799e+02
1.162500000000000000e+02
1.165083333333333258e+02
1.185916666666666686e+02
1.070999999999999943e+02
1.127083333333333428e+02
1.100916666666666686e+02
1.167666666666666515e+02
1.092666666666666799e+02
1.135499999999999829e+02
1.102416666666666458e+02
1.009333333333333087e+02
1.081916666666666913e+02
1.098416666666666686e+02
1.069916666666666742e+02
1.066666666666666572e+02
1.037666666666666515e+02
1.072750000000000057e+02
1.109833333333333201e+02
1.048083333333333371e+02
1.147583333333333258e+02
1.289916666666666742e+02
1.222333333333333201e+02
1.241750000000000114e+02
1.247500000000000000e+02
1.339416666666666913e+02
1.235000000000000000e+02
1.199250000000000114e+02
1.275666666666666629e+02
1.189249999999999829e+02
1.120000000000000000e+02
1.105166666666666515e+02
1.050666666666666629e+02
1.063166666666666913e+02
9.799166666666667425e+01
9.798333333333332007e+01
9.921666666666666856e+01
1.080333333333333314e+02
9.945833333333334281e+01
1.030000000000000000e+02
9.180833333333333712e+01
9.454166666666665719e+01
1.029916666666666742e+02
9.899166666666667425e+01
1.052583333333333542e+02
9.977500000000000568e+01
9.799166666666667425e+01
9.874166666666667425e+01
1.030250000000000057e+02
1.017083333333333428e+02
1.050583333333333371e+02
1.097666666666666515e+02
1.088416666666666686e+02
1.085000000000000000e+02
1.069499999999999886e+02
1.105083333333333258e+02
1.007500000000000000e+02
1.089000000000000057e+02
1.082500000000000000e+02
1.050416666666666572e+02
1.019666666666666686e+02
1.082500000000000000e+02
1.053583333333333201e+02
1.077666666666666515e+02
1.165000000000000000e+02
1.117916666666666856e+02
1.159666666666666401e+02
1.152666666666666799e+02
1.187166666666666686e+02
1.200166666666666799e+02
1.185166666666666799e+02
1.176916666666666629e+02
1.136083333333333201e+02
1.212750000000000057e+02
1.187583333333333258e+02
1.162249999999999943e+02
1.165666666666666629e+02
1.262583333333333258e+02
1.152416666666666742e+02
1.195083333333333258e+02
1.235250000000000057e+02
1.207750000000000057e+02
1.186833333333333371e+02
1.227666666666666799e+02
1.227666666666666515e+02
1.210249999999999773e+02
1.269499999999999886e+02
1.234833333333333485e+02
1.262333333333333485e+02
1.276749999999999829e+02
1.232999999999999829e+02
1.257750000000000057e+02
1.317333333333333201e+02
1.287166666666666686e+02
1.255583333333333371e+02
1.165500000000000114e+02
1.257833333333333314e+02
1.320166666666666799e+02
1.240416666666666856e+02
1.219249999999999829e+02
1.259916666666666458e+02
1.229916666666666742e+02
1.235583333333333371e+02
1.264500000000000171e+02
1.290750000000000171e+02
1.324916666666666742e+02
1.268000000000000114e+02
1.325416666666666572e+02
1.282916666666666572e+02
1.235166666666666799e+02
1.290083333333333258e+02
1.260083333333333258e+02
1.317583333333333258e+02
1.335500000000000114e+02
1.420000000000000000e+02
1.369916666666666742e+02
1.459833333333333485e+02
1.380166666666666515e+02
1.452249999999999943e+02
1.390000000000000000e+02
1.404666666666666686e+02
1.427583333333333542e+02
1.450833333333333428e+02
1.432083333333333144e+02
1.354500000000000171e+02
1.469666666666666686e+02
1.515166666666666799e+02
1.490416666666666572e+02
1.540000000000000000e+02
1.505333333333333314e+02
1.524916666666666742e+02
1.600250000000000057e+02
1.528499999999999943e+02
1.672583333333333258e+02
1.557750000000000057e+02
1.572583333333333542e+02
1.593000000000000114e+02
1.782083333333333144e+02
1.721666666666666572e+02
1.652166666666666686e+02
1.735083333333333258e+02
1.762916666666666856e+02
1.782166666666666686e+02
1.804166666666666572e+02
1.847166666666666686e+02
1.840250000000000057e+02
1.857166666666666686e+02
1.878000000000000114e+02
1.953166666666666629e+02
1.974666666666666686e+02
2.020583333333333371e+02
2.075083333333333258e+02
2.139166666666666572e+02
2.105250000000000057e+02
2.135333333333333599e+02
2.217333333333333201e+02
2.147166666666666686e+02
2.282583333333333258e+02
2.367333333333333201e+02
2.454833333333333201e+02
2.525416666666666856e+02
2.670000000000000000e+02
2.665083333333333258e+02
2.841000000000000227e+02
2.861000000000000227e+02
3.032500000000000000e+02
3.132583333333333258e+02
3.450249999999999773e+02
3.513000000000000114e+02
3.752416666666666742e+02
4.096749999999999545e+02
4.282666666666666515e+02
4.884916666666666742e+02
5.420000000000000000e+02
5.873249999999999318e+02
6.384916666666666742e+02
6.915083333333334394e+02
7.685166666666666515e+02
8.350416666666666288e+02
8.935416666666666288e+02
9.641916666666666060e+02
1.023049999999999955e+03
1.127516666666666652e+03
1.185558333333333394e+03
1.265000000000000000e+03
1.317516666666666652e+03
1.426299999999999955e+03
1.544175000000000182e+03
1.649474999999999909e+03
1.828483333333333348e+03
2.024816666666666606e+03
2.363533333333333303e+03
2.838516666666666424e+03
3.719550000000000182e+03
5.681516666666666424e+03
1.201495000000000073e+04
2.302196666666666715e+04
2.866379999999999927e+04
3.119357499999999709e+04
3.168334999999999854e+04
3.143604999999999927e+04
3.126856666666666570e+04
3.055424166666666861e+04
2.904469166666666570e+04
2.679648333333333358e+04
2.180447499999999854e+04
1.218097500000000036e+04
3.494508333333333212e+03
1.014008333333333326e+03
5.841083333333333485e+02
4.130000000000000000e+02
3.350333333333333030e+02
2.887583333333333258e+02
2.589833333333333485e+02
2.284499999999999886e+02
2.142333333333333201e+02
2.097416666666666742e+02
1.969916666666666742e+02
1.820666666666666629e+02
1.879333333333333371e+02
1.725416666666666572e+02
1.626833333333333371e+02
1.637750000000000057e+02
1.637666666666666799e+02
1.627249999999999943e+02
1.579583333333333428e+02
1.592500000000000000e+02
1.575250000000000057e+02
1.509833333333333485e+02
1.502333333333333201e+02
1.517333333333333201e+02
1.450250000000000057e+02
1.434750000000000227e+02
1.392416666666666742e+02
1.422583333333333542e+02
1.417416666666666742e+02
1.432416666666666742e+02
1.332750000000000057e+02
1.297416666666666742e+02
1.362666666666666799e+02
1.374416666666666629e+02
1.467916666666666572e+02
1.355166666666666515e+02
1.461999999999999886e+02
1.359583333333333428e+02
1.444666666666666686e+02
1.414833333333333485e+02
1.467166666666666686e+02
1.468166666666666629e+02
1.544833333333333485e+02
1.400833333333333144e+02
1.432333333333333201e+02
1.337249999999999943e+02
1.360833333333333144e+02
1.330250000000000057e+02
1.347166666666666686e+02
1.387666666666666515e+02
1.385999999999999943e+02
1.395500000000000114e+02
1.407416666666666742e+02
1.364583333333333144e+02
1.349583333333333428e+02
1.392833333333333314e+02
1.332416666666666742e+02
1.320166666666666515e+02
1.362916666666666572e+02
1.387583333333333258e+02
1.340250000000000057e+02
1.350083333333333258e+02
1.254916666666666458e+02
1.292500000000000000e+02
1.339750000000000227e+02
1.436500000000000057e+02
1.418083333333333371e+02
1.489833333333333201e+02
1.532416666666666742e+02
1.571250000000000000e+02
1.617416666666666742e+02
1.530416666666666572e+02
1.572583333333333258e+02
1.543083333333333371e+02
1.555833333333333428e+02
1.587583333333333542e+02
1.470083333333333258e+02
1.459333333333333371e+02
1.425666666666666629e+02
1.365250000000000057e+02
1.307416666666666458e+02
1.259916666666666742e+02
1.290166666666666799e+02
1.212916666666666856e+02
1.264499999999999886e+02
1.130750000000000171e+02
1.172500000000000000e+02
1.182916666666666572e+02
1.145166666666666515e+02
1.197750000000000057e+02
1.137583333333333258e+02
1.205000000000000000e+02
1.135083333333333542e+02
1.145333333333333314e+02
1.227583333333333542e+02
1.120250000000000057e+02
1.204333333333333371e+02
1.190333333333333314e+02
1.144916666666666742e+02
1.175583333333333371e+02
1.149749999999999943e+02
1.124499999999999886e+02
1.120583333333333371e+02
1.227333333333333201e+02
1.152166666666666686e+02
1.187500000000000000e+02
1.174833333333333201e+02
1.152500000000000000e+02
1.179666666666666401e+02
1.132999999999999829e+02
1.100000000000000000e+02
1.113083333333333371e+02
1.184166666666666572e+02
1.190749999999999886e+02
1.194833333333333201e+02
1.154416666666666629e+02
1.070666666666666629e+02
1.105500000000000114e+02
1.015000000000000000e+02
1.117583333333333258e+02
1.124916666666666742e+02
1.121500000000000057e+02
1.077333333333333201e+02
1.055666666666666629e+02
1.062250000000000227e+02
1.035416666666666572e+02
1.023166666666666629e+02
1.024333333333333371e+02
1.042999999999999829e+02
1.082166666666666686e+02
1.050416666666666572e+02
9.921666666666666856e+01
1.065416666666666572e+02
1.057249999999999943e+02
1.101666666666666572e+02
9.956666666666666288e+01
1.063499999999999943e+02
1.012416666666666742e+02
1.000666666666666629e+02
9.702500000000000568e+01
1.072583333333333258e+02
1.030083333333333542e+02
9.683333333333334281e+01
1.074749999999999943e+02
9.725833333333332575e+01
1.019833333333333485e+02
9.930833333333333712e+01
1.124249999999999829e+02
1.027166666666666686e+02
1.102999999999999829e+02
1.050083333333333258e+02
1.089416666666666629e+02
1.015416666666666856e+02
9.894166666666666288e+01
9.307499999999998863e+01
9.950833333333332575e+01
9.320833333333334281e+01
9.650833333333335418e+01
9.752500000000000568e+01
9.409166666666666856e+01
9.776666666666665151e+01
1.012083333333333428e+02
1.068333333333333428e+02
1.030000000000000000e+02
1.034833333333333485e+02
9.650833333333332575e+01
1.007333333333333201e+02
1.077083333333333144e+02
9.851666666666667993e+01
1.033083333333333371e+02
1.008166666666666629e+02
1.014833333333333485e+02
9.826666666666667993e+01
1.005000000000000000e+02
9.557500000000001705e+01
1.025250000000000057e+02
1.027500000000000000e+02
1.048083333333333371e+02
1.012916666666666572e+02
1.032666666666666799e+02
1.034666666666666401e+02
1.014666666666666686e+02
1.074916666666666742e+02
1.029749999999999943e+02
1.040083333333333258e+02
9.922499999999999432e+01
1.039583333333333428e+02
1.024666666666666686e+02
1.020083333333333258e+02
1.034749999999999943e+02
1.012666666666666799e+02
1.052333333333333201e+02
1.000250000000000057e+02
1.069749999999999943e+02
1.040000000000000000e+02
1.037916666666666572e+02
9.770000000000001705e+01
1.069749999999999943e+02
1.055333333333333599e+02
1.039416666666666629e+02
9.954999999999998295e+01
1.107166666666666686e+02
9.301666666666667993e+01
1.042166666666666401e+02
1.022583333333333258e+02
1.067416666666666742e+02
1.024833333333333485e+02
1.041666666666666572e+02
9.733333333333331439e+01
9.906666666666666288e+01
1.059749999999999943e+02
1.094749999999999943e+02
1.079833333333333201e+02
1.015000000000000000e+02
1.027666666666666799e+02
1.034916666666666742e+02
9.982499999999998863e+01
1.040166666666666515e+02
1.067583333333333258e+02
1.045000000000000000e+02
1.098000000000000114e+02
1.072833333333333314e+02
1.090166666666666515e+02
1.067416666666666742e+02
1.022333333333333485e+02
1.064916666666666742e+02
1.112833333333333314e+02
1.010083333333333258e+02
1.100000000000000000e+02
1.125333333333333314e+02
1.085166666666666799e+02
1.077916666666666572e+02
1.020250000000000057e+02
9.900833333333332575e+01
1.057833333333333314e+02
1.062500000000000000e+02
9.849166666666667425e+01
1.139833333333333201e+02
1.232500000000000000e+02
1.462750000000000057e+02
1.505250000000000057e+02
1.464916666666666458e+02
1.485083333333333258e+02
1.482666666666666515e+02
1.532333333333333201e+02
1.495249999999999773e+02
1.529416666666666629e+02
1.427916666666666572e+02
1.329666666666666686e+02
1.140083333333333258e+02
1.167916666666666572e+02
1.088166666666666913e+02
1.047166666666666686e+02
1.118416666666666686e+02
1.187333333333333485e+02
1.030250000000000057e+02
1.103333333333333144e+02
1.102500000000000000e+02
1.140916666666666686e+02
1.227333333333333485e+02
1.160916666666666686e+02
1.212583333333333542e+02
1.213083333333333371e+02
1.300666666666666629e+02
1.372083333333333144e+02
1.457833333333333599e+02
1.527083333333333428e+02
1.587083333333333144e+02
1.602416666666666458e+02
1.722249999999999943e+02
1.790416666666666572e+02
1.957916666666666856e+02
2.002000000000000171e+02
2.269916666666666742e+02
2.447500000000000000e+02
2.433333333333333428e+02
2.592666666666666515e+02
2.644583333333333144e+02
2.820000000000000000e+02
2.642250000000000227e+02
2.792416666666666742e+02
2.832583333333333258e+02
2.802749999999999773e+02
2.812500000000000000e+02
2.920416666666666288e+02
2.925166666666666515e+02
3.130666666666667197e+02
3.263083333333333371e+02
3.340166666666666515e+02
3.805249999999999773e+02
4.297583333333333258e+02
5.080083333333333258e+02
6.962166666666666970e+02
1.546525000000000091e+03
4.706500000000000000e+03
6.585750000000000000e+03
7.296449999999999818e+03
7.477783333333332848e+03
7.421308333333333394e+03
7.388250000000000000e+03
7.332058333333333394e+03
7.138008333333333212e+03
6.814233333333333576e+03
6.246050000000000182e+03
3.829433333333333394e+03
1.083750000000000000e+03
2.857583333333333258e+02
1.795250000000000057e+02
1.510250000000000057e+02
1.347583333333333258e+02
1.285499999999999829e+02
1.222083333333333428e+02
1.185250000000000057e+02
1.192916666666666856e+02
1.127083333333333144e+02
1.027833333333333314e+02
1.077500000000000000e+02
1.108166666666666629e+02
1.102833333333333314e+02
1.079749999999999943e+02
1.095250000000000057e+02
1.065583333333333371e+02
1.110083333333333542e+02
1.147333333333333201e+02
1.055416666666666856e+02
1.040416666666666856e+02
1.047666666666666799e+02
1.090166666666666515e+02
1.080333333333333599e+02
1.032833333333333599e+02
1.114750000000000227e+02
1.192500000000000000e+02
1.080166666666666515e+02
1.092249999999999943e+02
1.136999999999999886e+02
1.094749999999999943e+02
1.058416666666666686e+02
1.035250000000000057e+02
1.085833333333333428e+02
1.054583333333333428e+02
1.065083333333333258e+02
9.815833333333333144e+01
9.926666666666665151e+01
1.015749999999999886e+02
1.071916666666666629e+02
1.043000000000000114e+02
1.105166666666666515e+02
1.053333333333333428e+02
1.022500000000000000e+02
1.025416666666666856e+02
1.060083333333333258e+02
1.057416666666666742e+02
1.016999999999999886e+02
1.023083333333333371e+02
9.579166666666665719e+01
1.048083333333333371e+02
1.058416666666666686e+02
1.107166666666666686e+02
1.042583333333333542e+02
9.759166666666666856e+01
9.695833333333331439e+01
9.993333333333330870e+01
9.950000000000000000e+01
9.970000000000001705e+01
1.001999999999999886e+02
9.822499999999999432e+01
9.200833333333332575e+01
9.052500000000000568e+01
9.852500000000000568e+01
9.674166666666667425e+01
1.005416666666666572e+02
9.395833333333331439e+01
9.704166666666665719e+01
9.718333333333333712e+01
9.621666666666666856e+01
9.173333333333332007e+01
9.025833333333332575e+01
9.655833333333333712e+01
9.702500000000000568e+01
9.081666666666666288e+01
9.471666666666664014e+01
9.169166666666666288e+01
9.402500000000000568e+01
8.976666666666665151e+01
9.374166666666667425e+01
9.726666666666665151e+01
9.704166666666668561e+01
9.450833333333335418e+01
9.729166666666668561e+01
1.025000000000000000e+02
9.478333333333333144e+01
9.656666666666666288e+01
9.452500000000000568e+01
9.653333333333333144e+01
9.675000000000000000e+01
1.032083333333333428e+02
1.137500000000000000e+02
1.172333333333333485e+02
1.271333333333333258e+02
1.282333333333333485e+02
1.169916666666666742e+02
1.272500000000000000e+02
1.317916666666666572e+02
1.205416666666666572e+02
1.282583333333333258e+02
1.225749999999999886e+02
1.152750000000000057e+02
1.055000000000000000e+02
9.592500000000001137e+01
9.074166666666664582e+01
9.620833333333331439e+01
9.175000000000000000e+01
8.875000000000000000e+01
9.249166666666667425e+01
8.854166666666668561e+01
8.876666666666667993e+01
8.503333333333333144e+01
8.950833333333332575e+01
9.094166666666666288e+01
9.069999999999998863e+01
9.651666666666665151e+01
9.274166666666667425e+01
8.776666666666667993e+01
9.099166666666667425e+01
8.779999999999998295e+01
9.148333333333334849e+01
9.049166666666667425e+01
9.199166666666667425e+01
9.469166666666666288e+01
1.050666666666666629e+02
1.014583333333333144e+02
1.180416666666666572e+02
1.469416666666666629e+02
1.922333333333333201e+02
1.942166666666666686e+02
2.044916666666666458e+02
2.107333333333333485e+02
2.060250000000000057e+02
2.077833333333333314e+02
2.065000000000000000e+02
1.972583333333333258e+02
1.805333333333333314e+02
1.612833333333333314e+02
1.280916666666666686e+02
1.025666666666666629e+02
9.669999999999998863e+01
9.104166666666668561e+01
8.299166666666667425e+01
8.404166666666668561e+01
9.097500000000002274e+01
9.001666666666665151e+01
9.696666666666666856e+01
9.175833333333332575e+01
8.675833333333332575e+01
8.838333333333335418e+01
8.397499999999999432e+01
9.299166666666664582e+01
8.054166666666665719e+01
9.543333333333333712e+01
8.946666666666666856e+01
8.819166666666666288e+01
8.182499999999998863e+01
8.871666666666666856e+01
8.765833333333333144e+01
8.541666666666665719e+01
9.050000000000000000e+01
8.805833333333333712e+01
9.322499999999999432e+01
8.800000000000000000e+01
8.479166666666665719e+01
8.342500000000001137e+01
8.819166666666666288e+01
8.684166666666666856e+01
8.399166666666664582e+01
7.967499999999998295e+01
7.949166666666667425e+01
8.608333333333334281e+01
8.049166666666667425e+01
8.224166666666664582e+01
8.255000000000001137e+01
8.468333333333330870e+01
8.296666666666666856e+01
8.500833333333332575e+01
8.346666666666666856e+01
8.726666666666667993e+01
8.825833333333332575e+01
8.027500000000000568e+01
8.654166666666665719e+01
8.950000000000000000e+01
9.100833333333335418e+01
8.378333333333333144e+01
9.151666666666665151e+01
9.147499999999999432e+01
8.551666666666665151e+01
8.474166666666667425e+01
8.550000000000000000e+01
9.070833333333334281e+01
9.231666666666666288e+01
9.719166666666666288e+01
9.579166666666668561e+01
9.822500000000002274e+01
9.753333333333333144e+01
1.047333333333333485e+02
1.072583333333333258e+02
1.082333333333333485e+02
1.117916666666666572e+02
1.242166666666666686e+02
1.161250000000000000e+02
1.215916666666666686e+02
1.251666666666666572e+02
1.215083333333333258e+02
1.317166666666666686e+02
1.324250000000000114e+02
1.409416666666666629e+02
1.360333333333333314e+02
1.510083333333333542e+02
1.641916666666666629e+02
2.233250000000000171e+02
6.405166666666666515e+02
1.128474999999999909e+03
1.229733333333333348e+03
1.255683333333333394e+03
1.257491666666666788e+03
1.244750000000000000e+03
1.274983333333333348e+03
1.308008333333333212e+03
1.545466666666666697e+03
2.461283333333333303e+03
2.786716666666666697e+03
2.326741666666666788e+03
2.186966666666666697e+03
2.134699999999999818e+03
2.088683333333333394e+03
2.072899999999999636e+03
1.990458333333333485e+03
1.906224999999999909e+03
1.752441666666666606e+03
1.082000000000000000e+03
2.842833333333333030e+02
1.155166666666666515e+02
9.674166666666667425e+01
8.925833333333332575e+01
7.794999999999998863e+01
7.822499999999999432e+01
6.850833333333332575e+01
7.979166666666668561e+01
7.700000000000000000e+01
7.545833333333331439e+01
7.655833333333333712e+01
7.322499999999999432e+01
6.721666666666666856e+01
7.551666666666667993e+01
7.001666666666667993e+01
6.721666666666666856e+01
6.302500000000000568e+01
6.502500000000000568e+01
6.548333333333332007e+01
6.548333333333332007e+01
6.925833333333332575e+01
6.701666666666667993e+01
6.496666666666666856e+01
6.695833333333334281e+01
6.851666666666667993e+01
6.230833333333333712e+01
6.299166666666664582e+01
7.022499999999999432e+01
7.103333333333333144e+01
6.918333333333333712e+01
6.596666666666666856e+01
6.232499999999998863e+01
6.692500000000001137e+01
6.474166666666667425e+01
7.245833333333334281e+01
5.769166666666666288e+01
6.344999999999998863e+01
5.696666666666666856e+01
6.030833333333333712e+01
6.549166666666664582e+01
6.376666666666665151e+01
6.625833333333332575e+01
6.748333333333332007e+01
6.419166666666666288e+01
6.966666666666668561e+01
6.222499999999999432e+01
6.094166666666666288e+01
6.400833333333335418e+01
6.698333333333334849e+01
7.072499999999999432e+01
7.454999999999998295e+01
9.573333333333332007e+01
2.489499999999999886e+02
4.560416666666666288e+02
5.179666666666666970e+02
5.249750000000000227e+02
5.315000000000000000e+02
5.182249999999999091e+02
5.181416666666666515e+02
5.035499999999999545e+02
4.879833333333333485e+02
4.627583333333333258e+02
3.756916666666666629e+02
1.667083333333333144e+02
8.192500000000001137e+01
6.780000000000001137e+01
6.451666666666667993e+01
6.097499999999999432e+01
6.249166666666664582e+01
5.582499999999998863e+01
5.878333333333333144e+01
5.801666666666667993e+01
6.150000000000000000e+01
6.299166666666664582e+01
6.102499999999997726e+01
6.194999999999998863e+01
6.119999999999998863e+01
5.919999999999998863e+01
6.195000000000001705e+01
5.376666666666667993e+01
5.419166666666666288e+01
5.875000000000000000e+01
6.045833333333331439e+01
5.902500000000000568e+01
6.394999999999998863e+01
7.613333333333335418e+01
9.942500000000001137e+01
2.194916666666666742e+02
4.357500000000000000e+02
6.607000000000000455e+02
7.117666666666666515e+02
7.062583333333333258e+02
7.081583333333333030e+02
7.056583333333333030e+02
7.035083333333333258e+02
6.739249999999999545e+02
6.264583333333333712e+02
5.619666666666666970e+02
3.997333333333333485e+02
1.692833333333333314e+02
7.636666666666664582e+01
5.468333333333330870e+01
5.934999999999999432e+01
5.978333333333333144e+01
5.202500000000000568e+01
4.991666666666668561e+01
5.024166666666667425e+01
5.127500000000000568e+01
5.017500000000001137e+01
4.898333333333332007e+01
4.397499999999999432e+01
4.273333333333334849e+01
4.339166666666667993e+01
3.815833333333333144e+01
3.697499999999999432e+01
3.126666666666667993e+01
3.570833333333331439e+01
3.801666666666667993e+01
3.501666666666665151e+01
3.143333333333333712e+01
3.495000000000001705e+01
3.380000000000001137e+01
3.522499999999999432e+01
3.613333333333332575e+01
3.150833333333332575e+01
3.120833333333334281e+01
3.150000000000000000e+01
3.126666666666667993e+01
3.300833333333332575e+01
3.344999999999998863e+01
2.797499999999999432e+01
2.644999999999998863e+01
2.970000000000001705e+01
2.774166666666664582e+01
2.564166666666667993e+01
2.792500000000001137e+01
3.315000000000000568e+01
2.944999999999998863e+01
2.670000000000001705e+01
2.763333333333332575e+01
2.542499999999998295e+01
2.823333333333332007e+01
2.423333333333332007e+01
2.567500000000001137e+01
2.449166666666667425e+01
