7.500000000000000000e+00
6.033333333333359860e+00
5.500000000000000000e+00
7.066666666666662877e+00
9.500000000000000000e+00
8.066666666666662877e+00
5.016666666666651508e+00
7.616666666666674246e+00
6.866666666666674246e+00
9.550000000000011369e+00
1.044999999999998863e+01
1.148333333333334849e+01
6.016666666666651508e+00
7.066666666666662877e+00
8.516666666666651508e+00
9.550000000000011369e+00
8.000000000000000000e+00
1.256666666666666288e+01
8.500000000000000000e+00
4.133333333333325754e+00
9.466666666666640140e+00
1.153333333333335986e+01
1.253333333333335986e+01
9.066666666666662877e+00
9.516666666666651508e+00
1.003333333333335986e+01
1.364999999999997726e+01
1.208333333333331439e+01
1.203333333333335986e+01
1.464999999999997726e+01
1.198333333333334849e+01
1.258333333333331439e+01
9.050000000000011369e+00
1.503333333333335986e+01
1.294999999999998863e+01
1.208333333333331439e+01
1.189999999999997726e+01
1.258333333333331439e+01
1.300000000000000000e+01
9.566666666666662877e+00
1.196666666666664014e+01
1.206666666666666288e+01
1.205000000000001137e+01
1.798333333333334849e+01
1.493333333333333712e+01
1.193333333333333712e+01
1.406666666666666288e+01
1.351666666666665151e+01
1.401666666666665151e+01
1.646666666666664014e+01
1.193333333333333712e+01
1.150000000000000000e+01
1.303333333333335986e+01
1.206666666666666288e+01
1.341666666666668561e+01
9.500000000000000000e+00
1.205000000000001137e+01
1.168333333333333712e+01
1.351666666666665151e+01
1.355000000000001137e+01
1.446666666666664014e+01
1.491666666666668561e+01
1.455000000000001137e+01
1.708333333333331439e+01
1.400000000000000000e+01
1.653333333333335986e+01
1.556666666666666288e+01
1.353333333333335986e+01
1.055000000000001137e+01
1.551666666666665151e+01
1.455000000000001137e+01
1.703333333333335986e+01
1.601666666666665151e+01
1.603333333333335986e+01
1.898333333333334849e+01
2.106666666666666288e+01
1.846666666666664014e+01
1.855000000000001137e+01
2.156666666666666288e+01
1.853333333333335986e+01
2.008333333333331439e+01
1.755000000000001137e+01
1.903333333333335986e+01
2.155000000000001137e+01
2.096666666666664014e+01
1.700000000000000000e+01
2.093333333333333712e+01
2.696666666666664014e+01
2.750000000000000000e+01
2.446666666666664014e+01
3.006666666666666288e+01
3.444999999999998863e+01
4.051666666666665151e+01
5.451666666666665151e+01
6.048333333333334849e+01
7.751666666666665151e+01
8.948333333333334849e+01
1.016166666666666742e+02
1.054833333333333485e+02
1.050666666666666629e+02
1.155333333333333599e+02
1.069833333333333485e+02
1.064833333333333485e+02
1.060833333333333144e+02
9.708333333333331439e+01
8.155000000000001137e+01
6.613333333333332575e+01
4.756666666666666288e+01
3.043333333333333712e+01
3.194999999999998863e+01
2.658333333333331439e+01
2.408333333333331439e+01
2.811666666666667425e+01
2.388333333333332575e+01
2.551666666666665151e+01
2.403333333333335986e+01
2.851666666666665151e+01
2.393333333333333712e+01
2.558333333333331439e+01
2.155000000000001137e+01
2.198333333333334849e+01
2.201666666666665151e+01
2.698333333333334849e+01
2.498333333333334849e+01
2.151666666666665151e+01
2.103333333333335986e+01
2.293333333333333712e+01
1.898333333333334849e+01
2.105000000000001137e+01
2.043333333333333712e+01
1.696666666666664014e+01
1.901666666666665151e+01
2.096666666666664014e+01
2.011666666666667425e+01
2.055000000000001137e+01
1.761666666666667425e+01
2.201666666666665151e+01
2.144999999999998863e+01
2.388333333333332575e+01
1.903333333333335986e+01
1.908333333333331439e+01
1.951666666666665151e+01
2.151666666666665151e+01
2.160000000000002274e+01
2.156666666666666288e+01
2.161666666666667425e+01
2.205000000000001137e+01
2.155000000000001137e+01
2.200000000000000000e+01
1.848333333333334849e+01
2.203333333333335986e+01
2.110000000000002274e+01
1.851666666666665151e+01
1.658333333333331439e+01
2.205000000000001137e+01
2.293333333333333712e+01
1.958333333333331439e+01
2.050000000000000000e+01
2.105000000000001137e+01
2.303333333333335986e+01
2.206666666666666288e+01
2.256666666666666288e+01
1.851666666666665151e+01
1.756666666666666288e+01
1.758333333333331439e+01
2.541666666666668561e+01
2.193333333333333712e+01
1.803333333333335986e+01
1.858333333333331439e+01
1.864999999999997726e+01
2.403333333333335986e+01
2.558333333333331439e+01
1.561666666666667425e+01
1.998333333333334849e+01
2.100000000000000000e+01
2.251666666666665151e+01
2.248333333333334849e+01
2.108333333333331439e+01
2.400000000000000000e+01
1.703333333333335986e+01
2.051666666666665151e+01
2.200000000000000000e+01
2.194999999999998863e+01
2.243333333333333712e+01
2.044999999999998863e+01
2.098333333333334849e+01
2.194999999999998863e+01
2.506666666666666288e+01
2.100000000000000000e+01
2.544999999999998863e+01
2.460000000000002274e+01
1.371666666666664014e+01
2.058333333333331439e+01
2.603333333333335986e+01
2.200000000000000000e+01
2.660000000000002274e+01
2.300000000000000000e+01
2.046666666666664014e+01
2.396666666666664014e+01
2.108333333333331439e+01
2.148333333333334849e+01
2.453333333333335986e+01
2.201666666666665151e+01
2.310000000000002274e+01
2.706666666666666288e+01
2.255000000000001137e+01
2.556666666666666288e+01
2.800000000000000000e+01
2.450000000000000000e+01
2.556666666666666288e+01
2.056666666666666288e+01
2.213333333333332575e+01
2.448333333333334849e+01
2.744999999999998863e+01
2.255000000000001137e+01
2.651666666666665151e+01
2.600000000000000000e+01
2.553333333333335986e+01
2.893333333333333712e+01
2.894999999999998863e+01
2.853333333333335986e+01
2.503333333333335986e+01
3.001666666666665151e+01
2.548333333333334849e+01
2.600000000000000000e+01
2.411666666666667425e+01
2.955000000000001137e+01
2.548333333333334849e+01
2.548333333333334849e+01
2.350000000000000000e+01
2.556666666666666288e+01
2.694999999999998863e+01
2.653333333333335986e+01
3.053333333333335986e+01
2.594999999999998863e+01
2.716666666666668561e+01
2.741666666666668561e+01
2.748333333333334849e+01
2.853333333333335986e+01
2.701666666666665151e+01
3.061666666666667425e+01
2.808333333333331439e+01
2.501666666666665151e+01
2.953333333333335986e+01
2.800000000000000000e+01
2.643333333333333712e+01
2.163333333333332575e+01
2.598333333333334849e+01
2.951666666666665151e+01
2.346666666666664014e+01
3.498333333333334849e+01
3.096666666666664014e+01
2.644999999999998863e+01
3.094999999999998863e+01
2.655000000000001137e+01
2.853333333333335986e+01
2.950000000000000000e+01
3.051666666666665151e+01
2.951666666666665151e+01
2.798333333333334849e+01
3.100000000000000000e+01
3.089999999999997726e+01
4.153333333333335986e+01
4.046666666666664014e+01
4.058333333333331439e+01
4.153333333333335986e+01
4.553333333333335986e+01
4.105000000000001137e+01
4.646666666666664014e+01
4.598333333333334849e+01
4.646666666666664014e+01
4.951666666666665151e+01
4.498333333333334849e+01
4.098333333333334849e+01
3.396666666666664014e+01
3.405000000000001137e+01
3.153333333333335986e+01
2.960000000000002274e+01
3.196666666666664014e+01
2.848333333333334849e+01
2.656666666666666288e+01
2.889999999999997726e+01
3.601666666666665151e+01
2.839999999999997726e+01
3.056666666666666288e+01
3.301666666666665151e+01
3.253333333333335986e+01
3.050000000000000000e+01
3.203333333333335986e+01
2.851666666666665151e+01
2.963333333333332575e+01
2.958333333333331439e+01
3.788333333333332575e+01
3.153333333333335986e+01
3.158333333333331439e+01
3.156666666666666288e+01
3.103333333333335986e+01
2.950000000000000000e+01
3.101666666666665151e+01
3.441666666666668561e+01
3.405000000000001137e+01
3.305000000000001137e+01
3.456666666666666288e+01
3.060000000000002274e+01
2.998333333333334849e+01
3.350000000000000000e+01
3.446666666666664014e+01
3.248333333333334849e+01
2.853333333333335986e+01
2.955000000000001137e+01
3.196666666666664014e+01
3.301666666666665151e+01
3.200000000000000000e+01
3.303333333333335986e+01
3.155000000000001137e+01
3.055000000000001137e+01
3.306666666666666288e+01
3.448333333333334849e+01
3.451666666666665151e+01
3.246666666666664014e+01
3.358333333333331439e+01
3.450000000000000000e+01
2.960000000000002274e+01
3.341666666666668561e+01
2.906666666666666288e+01
3.344999999999998863e+01
3.453333333333335986e+01
2.955000000000001137e+01
3.251666666666665151e+01
3.193333333333333712e+01
3.411666666666667425e+01
3.456666666666666288e+01
3.546666666666664014e+01
3.156666666666666288e+01
3.546666666666664014e+01
3.741666666666668561e+01
3.398333333333334849e+01
4.011666666666667425e+01
3.405000000000001137e+01
3.600000000000000000e+01
3.493333333333333712e+01
3.503333333333335986e+01
3.500000000000000000e+01
3.444999999999998863e+01
3.403333333333335986e+01
3.494999999999998863e+01
3.598333333333334849e+01
3.703333333333335986e+01
3.850000000000000000e+01
3.346666666666664014e+01
4.043333333333333712e+01
3.551666666666665151e+01
3.708333333333331439e+01
3.648333333333334849e+01
3.803333333333335986e+01
3.558333333333331439e+01
3.213333333333332575e+01
3.601666666666665151e+01
3.851666666666665151e+01
3.111666666666667425e+01
3.250000000000000000e+01
3.591666666666668561e+01
3.748333333333334849e+01
3.651666666666665151e+01
4.096666666666664014e+01
4.001666666666665151e+01
4.003333333333335986e+01
3.946666666666664014e+01
4.103333333333335986e+01
3.900000000000000000e+01
3.350000000000000000e+01
3.948333333333334849e+01
3.798333333333334849e+01
3.500000000000000000e+01
3.506666666666666288e+01
3.455000000000001137e+01
3.655000000000001137e+01
3.905000000000001137e+01
3.903333333333335986e+01
3.755000000000001137e+01
3.950000000000000000e+01
3.843333333333333712e+01
3.956666666666666288e+01
4.100000000000000000e+01
3.514999999999997726e+01
4.703333333333335986e+01
3.663333333333332575e+01
3.444999999999998863e+01
3.808333333333331439e+01
3.805000000000001137e+01
3.251666666666665151e+01
3.813333333333332575e+01
4.100000000000000000e+01
3.813333333333332575e+01
3.700000000000000000e+01
4.261666666666667425e+01
3.900000000000000000e+01
4.053333333333335986e+01
4.203333333333335986e+01
3.751666666666665151e+01
4.389999999999997726e+01
3.858333333333331439e+01
3.711666666666667425e+01
3.951666666666665151e+01
3.568333333333333712e+01
4.660000000000002274e+01
3.798333333333334849e+01
4.096666666666664014e+01
4.043333333333333712e+01
4.206666666666666288e+01
4.250000000000000000e+01
4.663333333333332575e+01
4.768333333333333712e+01
4.348333333333334849e+01
4.700000000000000000e+01
4.348333333333334849e+01
4.200000000000000000e+01
3.800000000000000000e+01
3.961666666666667425e+01
3.989999999999997726e+01
3.541666666666668561e+01
4.408333333333331439e+01
3.850000000000000000e+01
4.201666666666665151e+01
4.350000000000000000e+01
3.758333333333331439e+01
4.339999999999997726e+01
4.846666666666664014e+01
4.655000000000001137e+01
5.060000000000002274e+01
4.801666666666665151e+01
4.753333333333335986e+01
4.300000000000000000e+01
4.493333333333333712e+01
4.205000000000001137e+01
3.796666666666664014e+01
4.011666666666667425e+01
4.310000000000002274e+01
4.794999999999998863e+01
4.453333333333335986e+01
4.458333333333331439e+01
4.246666666666664014e+01
4.356666666666666288e+01
4.653333333333335986e+01
4.746666666666664014e+01
4.898333333333334849e+01
4.563333333333332575e+01
4.956666666666666288e+01
4.901666666666665151e+01
4.903333333333335986e+01
4.898333333333334849e+01
4.058333333333331439e+01
4.853333333333335986e+01
4.806666666666666288e+01
4.096666666666664014e+01
4.551666666666665151e+01
4.355000000000001137e+01
5.156666666666666288e+01
4.396666666666664014e+01
5.156666666666666288e+01
5.198333333333334849e+01
4.694999999999998863e+01
5.055000000000001137e+01
5.303333333333335986e+01
5.355000000000001137e+01
5.046666666666664014e+01
4.803333333333335986e+01
4.908333333333331439e+01
4.798333333333334849e+01
5.460000000000002274e+01
4.953333333333335986e+01
5.106666666666666288e+01
5.101666666666665151e+01
5.303333333333335986e+01
5.701666666666665151e+01
5.555000000000001137e+01
5.293333333333333712e+01
5.458333333333331439e+01
5.858333333333331439e+01
5.796666666666664014e+01
5.853333333333335986e+01
6.405000000000001137e+01
5.546666666666664014e+01
5.846666666666664014e+01
6.803333333333335986e+01
6.600000000000000000e+01
6.451666666666665151e+01
7.105000000000001137e+01
7.850000000000000000e+01
7.503333333333335986e+01
8.163333333333332575e+01
9.093333333333333712e+01
9.705000000000001137e+01
1.080500000000000114e+02
1.154666666666666401e+02
1.389666666666666401e+02
1.839833333333333485e+02
2.880333333333333599e+02
6.346333333333333258e+02
1.406983333333333348e+03
2.368050000000000182e+03
2.870199999999999818e+03
3.143000000000000000e+03
3.207550000000000182e+03
3.197533333333333303e+03
3.198033333333333303e+03
3.165500000000000000e+03
3.210550000000000182e+03
2.940583333333333485e+03
2.429533333333333303e+03
1.614016666666666652e+03
6.005499999999999545e+02
1.705166666666666515e+02
1.170500000000000114e+02
8.158333333333331439e+01
7.908333333333331439e+01
7.705000000000001137e+01
6.046666666666664014e+01
6.406666666666666288e+01
6.306666666666666288e+01
5.961666666666667425e+01
5.800000000000000000e+01
6.203333333333335986e+01
5.543333333333333712e+01
6.351666666666665151e+01
5.700000000000000000e+01
5.806666666666666288e+01
5.350000000000000000e+01
5.748333333333334849e+01
5.350000000000000000e+01
5.306666666666666288e+01
5.353333333333335986e+01
5.141666666666668561e+01
5.341666666666668561e+01
5.569999999999998863e+01
4.833333333333331439e+01
5.253333333333335986e+01
4.685000000000002274e+01
5.403333333333335986e+01
5.205000000000001137e+01
4.998333333333334849e+01
4.841666666666668561e+01
5.786666666666667425e+01
5.643333333333333712e+01
5.288333333333332575e+01
5.050000000000000000e+01
4.908333333333331439e+01
4.853333333333335986e+01
5.051666666666665151e+01
5.236666666666667425e+01
5.285000000000002274e+01
5.105000000000001137e+01
5.441666666666668561e+01
5.294999999999998863e+01
6.039999999999997726e+01
6.108333333333331439e+01
5.444999999999998863e+01
6.146666666666664014e+01
6.005000000000001137e+01
7.155000000000001137e+01
7.055000000000001137e+01
8.146666666666664014e+01
1.583500000000000227e+02
2.514833333333333485e+02
4.289666666666666401e+02
5.419333333333333940e+02
5.904666666666666970e+02
6.130499999999999545e+02
5.909666666666666970e+02
5.905499999999999545e+02
6.126166666666666742e+02
6.190333333333333030e+02
5.845333333333333030e+02
4.998833333333333258e+02
3.730333333333333599e+02
1.929666666666666401e+02
8.294999999999998863e+01
7.306666666666666288e+01
6.353333333333335986e+01
5.946666666666664014e+01
6.203333333333335986e+01
5.756666666666666288e+01
5.753333333333335986e+01
5.803333333333335986e+01
6.050000000000000000e+01
5.550000000000000000e+01
5.005000000000001137e+01
5.655000000000001137e+01
5.850000000000000000e+01
5.600000000000000000e+01
5.756666666666666288e+01
5.850000000000000000e+01
6.253333333333335986e+01
6.055000000000001137e+01
6.348333333333334849e+01
6.760000000000002274e+01
7.043333333333333712e+01
7.210000000000002274e+01
8.098333333333334849e+01
7.751666666666665151e+01
7.493333333333333712e+01
7.251666666666665151e+01
7.853333333333335986e+01
6.808333333333331439e+01
7.008333333333331439e+01
7.006666666666666288e+01
6.451666666666665151e+01
5.603333333333335986e+01
5.406666666666666288e+01
5.405000000000001137e+01
4.944999999999998863e+01
5.260000000000002274e+01
5.796666666666664014e+01
5.246666666666664014e+01
5.150000000000000000e+01
5.056666666666666288e+01
5.589999999999997726e+01
5.008333333333331439e+01
5.608333333333331439e+01
5.296666666666664014e+01
5.755000000000001137e+01
5.201666666666665151e+01
6.200000000000000000e+01
5.248333333333334849e+01
5.560000000000002274e+01
5.889999999999997726e+01
4.701666666666665151e+01
5.360000000000002274e+01
5.444999999999998863e+01
5.553333333333335986e+01
5.800000000000000000e+01
5.203333333333335986e+01
5.339999999999997726e+01
5.255000000000001137e+01
5.403333333333335986e+01
5.446666666666664014e+01
5.943333333333333712e+01
5.505000000000001137e+01
6.361666666666667425e+01
5.806666666666666288e+01
5.506666666666666288e+01
5.600000000000000000e+01
5.555000000000001137e+01
5.996666666666664014e+01
5.605000000000001137e+01
5.658333333333331439e+01
5.301666666666665151e+01
5.698333333333334849e+01
5.600000000000000000e+01
5.153333333333335986e+01
5.948333333333334849e+01
5.555000000000001137e+01
6.051666666666665151e+01
5.741666666666668561e+01
5.496666666666664014e+01
5.255000000000001137e+01
5.601666666666665151e+01
6.014999999999997726e+01
5.455000000000001137e+01
5.546666666666664014e+01
5.456666666666666288e+01
5.261666666666667425e+01
5.558333333333331439e+01
5.946666666666664014e+01
5.591666666666668561e+01
5.951666666666665151e+01
6.148333333333334849e+01
6.005000000000001137e+01
7.096666666666664014e+01
7.055000000000001137e+01
7.444999999999998863e+01
8.258333333333331439e+01
8.455000000000001137e+01
9.651666666666665151e+01
9.050000000000000000e+01
9.300000000000000000e+01
1.005666666666666629e+02
1.000500000000000114e+02
9.503333333333335986e+01
8.906666666666666288e+01
8.758333333333331439e+01
8.156666666666666288e+01
8.196666666666664014e+01
7.505000000000001137e+01
6.848333333333334849e+01
7.103333333333335986e+01
7.288333333333332575e+01
6.594999999999998863e+01
6.355000000000001137e+01
6.201666666666665151e+01
6.300000000000000000e+01
6.291666666666668561e+01
5.901666666666665151e+01
5.750000000000000000e+01
5.896666666666664014e+01
5.401666666666665151e+01
6.000000000000000000e+01
6.101666666666665151e+01
5.898333333333334849e+01
5.701666666666665151e+01
5.806666666666666288e+01
5.596666666666664014e+01
6.293333333333333712e+01
6.205000000000001137e+01
5.951666666666665151e+01
6.744999999999998863e+01
5.748333333333334849e+01
5.714999999999997726e+01
6.260000000000002274e+01
6.153333333333335986e+01
6.194999999999998863e+01
5.755000000000001137e+01
6.206666666666666288e+01
5.960000000000002274e+01
5.860000000000002274e+01
6.151666666666665151e+01
6.000000000000000000e+01
5.950000000000000000e+01
6.500000000000000000e+01
5.605000000000001137e+01
6.306666666666666288e+01
6.243333333333333712e+01
6.101666666666665151e+01
5.714999999999997726e+01
6.044999999999998863e+01
6.251666666666665151e+01
6.163333333333332575e+01
6.000000000000000000e+01
5.641666666666668561e+01
5.796666666666664014e+01
6.553333333333335986e+01
6.496666666666664014e+01
6.460000000000002274e+01
5.906666666666666288e+01
6.453333333333335986e+01
5.961666666666667425e+01
6.305000000000001137e+01
6.288333333333332575e+01
6.600000000000000000e+01
6.458333333333331439e+01
6.246666666666664014e+01
6.153333333333335986e+01
5.746666666666664014e+01
6.105000000000001137e+01
6.460000000000002274e+01
6.548333333333334849e+01
6.108333333333331439e+01
5.953333333333335986e+01
6.144999999999998863e+01
6.361666666666667425e+01
6.246666666666664014e+01
6.268333333333333712e+01
6.191666666666668561e+01
5.956666666666666288e+01
6.655000000000001137e+01
5.644999999999998863e+01
5.903333333333335986e+01
6.605000000000001137e+01
6.105000000000001137e+01
6.003333333333335986e+01
6.058333333333331439e+01
6.100000000000000000e+01
6.594999999999998863e+01
6.751666666666665151e+01
8.243333333333333712e+01
8.061666666666667425e+01
8.198333333333334849e+01
8.051666666666665151e+01
8.653333333333335986e+01
8.201666666666665151e+01
8.398333333333334849e+01
8.206666666666666288e+01
8.303333333333335986e+01
8.206666666666666288e+01
7.800000000000000000e+01
6.401666666666665151e+01
6.696666666666664014e+01
6.993333333333333712e+01
7.194999999999998863e+01
6.611666666666667425e+01
6.555000000000001137e+01
6.853333333333335986e+01
7.148333333333334849e+01
7.450000000000000000e+01
7.403333333333335986e+01
6.850000000000000000e+01
6.901666666666665151e+01
7.506666666666666288e+01
7.048333333333334849e+01
7.001666666666665151e+01
7.005000000000001137e+01
6.448333333333334849e+01
6.598333333333334849e+01
6.258333333333331439e+01
6.451666666666665151e+01
6.596666666666664014e+01
6.294999999999998863e+01
6.405000000000001137e+01
6.494999999999998863e+01
6.711666666666667425e+01
6.608333333333331439e+01
6.448333333333334849e+01
7.148333333333334849e+01
6.205000000000001137e+01
6.594999999999998863e+01
7.161666666666667425e+01
7.711666666666667425e+01
7.713333333333332575e+01
7.996666666666664014e+01
7.991666666666668561e+01
7.810000000000002274e+01
7.660000000000002274e+01
7.910000000000002274e+01
7.898333333333334849e+01
8.051666666666665151e+01
8.300000000000000000e+01
6.955000000000001137e+01
6.800000000000000000e+01
6.748333333333334849e+01
6.351666666666665151e+01
7.003333333333335986e+01
6.703333333333335986e+01
6.294999999999998863e+01
6.353333333333335986e+01
5.858333333333331439e+01
7.003333333333335986e+01
7.453333333333335986e+01
7.013333333333332575e+01
6.558333333333331439e+01
6.748333333333334849e+01
6.805000000000001137e+01
6.605000000000001137e+01
6.946666666666664014e+01
6.400000000000000000e+01
6.844999999999998863e+01
6.703333333333335986e+01
6.621666666666664014e+01
7.148333333333334849e+01
7.153333333333335986e+01
6.958333333333331439e+01
7.248333333333334849e+01
7.101666666666665151e+01
6.591666666666668561e+01
6.703333333333335986e+01
7.196666666666664014e+01
6.400000000000000000e+01
7.211666666666667425e+01
6.803333333333335986e+01
7.105000000000001137e+01
6.901666666666665151e+01
6.948333333333334849e+01
6.346666666666664014e+01
6.755000000000001137e+01
6.713333333333332575e+01
6.760000000000002274e+01
6.703333333333335986e+01
6.708333333333331439e+01
6.968333333333333712e+01
7.455000000000001137e+01
6.705000000000001137e+01
6.798333333333334849e+01
7.350000000000000000e+01
7.650000000000000000e+01
7.050000000000000000e+01
7.108333333333331439e+01
7.101666666666665151e+01
6.598333333333334849e+01
6.905000000000001137e+01
7.285000000000002274e+01
7.051666666666665151e+01
6.953333333333335986e+01
7.308333333333331439e+01
7.351666666666665151e+01
6.555000000000001137e+01
7.353333333333335986e+01
7.551666666666665151e+01
7.253333333333335986e+01
7.396666666666664014e+01
7.250000000000000000e+01
7.701666666666665151e+01
7.646666666666664014e+01
7.051666666666665151e+01
7.353333333333335986e+01
7.200000000000000000e+01
7.148333333333334849e+01
6.846666666666664014e+01
7.550000000000000000e+01
7.951666666666665151e+01
7.451666666666665151e+01
7.550000000000000000e+01
7.446666666666664014e+01
7.496666666666664014e+01
7.201666666666665151e+01
7.551666666666665151e+01
7.958333333333331439e+01
7.741666666666668561e+01
7.651666666666665151e+01
7.605000000000001137e+01
7.444999999999998863e+01
7.396666666666664014e+01
7.305000000000001137e+01
7.550000000000000000e+01
8.050000000000000000e+01
8.105000000000001137e+01
7.498333333333334849e+01
7.205000000000001137e+01
8.400000000000000000e+01
8.556666666666666288e+01
7.756666666666666288e+01
8.558333333333331439e+01
8.253333333333335986e+01
8.205000000000001137e+01
8.058333333333331439e+01
8.198333333333334849e+01
8.356666666666666288e+01
7.946666666666664014e+01
8.600000000000000000e+01
8.456666666666666288e+01
8.451666666666665151e+01
8.155000000000001137e+01
8.801666666666665151e+01
8.011666666666667425e+01
8.348333333333334849e+01
8.651666666666665151e+01
8.450000000000000000e+01
9.300000000000000000e+01
8.701666666666665151e+01
9.200000000000000000e+01
8.946666666666664014e+01
8.903333333333335986e+01
8.700000000000000000e+01
8.655000000000001137e+01
9.200000000000000000e+01
8.858333333333331439e+01
8.956666666666666288e+01
8.711666666666667425e+01
8.603333333333335986e+01
8.311666666666667425e+01
9.251666666666665151e+01
9.255000000000001137e+01
8.505000000000001137e+01
9.550000000000000000e+01
9.403333333333335986e+01
8.808333333333331439e+01
9.510000000000002274e+01
8.748333333333334849e+01
8.889999999999997726e+01
9.105000000000001137e+01
9.908333333333331439e+01
9.746666666666664014e+01
8.858333333333331439e+01
9.303333333333335986e+01
9.741666666666668561e+01
9.178333333333335986e+01
1.030000000000000000e+02
1.045500000000000114e+02
1.102500000000000000e+02
1.215000000000000000e+02
1.190166666666666515e+02
1.271166666666666742e+02
1.286333333333333258e+02
1.290500000000000114e+02
1.293999999999999773e+02
1.260000000000000000e+02
1.258500000000000227e+02
1.263833333333333258e+02
1.285166666666666515e+02
1.220000000000000000e+02
1.151000000000000227e+02
1.159166666666666856e+02
1.184833333333333485e+02
1.123999999999999773e+02
1.123999999999999773e+02
1.130833333333333144e+02
1.181000000000000227e+02
1.159666666666666401e+02
1.169333333333333371e+02
1.209499999999999886e+02
1.169499999999999886e+02
1.245333333333333599e+02
1.225666666666666629e+02
1.350833333333333144e+02
1.275000000000000000e+02
1.265500000000000114e+02
1.334833333333333485e+02
1.345166666666666515e+02
1.450000000000000000e+02
1.404833333333333485e+02
1.355000000000000000e+02
1.349833333333333485e+02
1.419833333333333485e+02
1.395000000000000000e+02
1.394166666666666856e+02
1.375500000000000114e+02
1.424666666666666401e+02
1.365000000000000000e+02
1.520166666666666515e+02
1.509666666666666401e+02
1.510166666666666515e+02
1.525833333333333144e+02
1.575500000000000114e+02
1.635166666666666515e+02
1.635000000000000000e+02
1.740000000000000000e+02
1.884499999999999886e+02
1.774166666666666856e+02
1.899499999999999886e+02
1.914666666666666401e+02
2.030000000000000000e+02
2.100000000000000000e+02
2.190166666666666515e+02
2.200500000000000114e+02
2.300333333333333599e+02
2.510166666666666515e+02
2.679833333333333485e+02
2.655000000000000000e+02
2.889333333333333371e+02
3.119499999999999886e+02
3.259666666666666401e+02
3.319499999999999886e+02
3.740833333333333144e+02
4.124499999999999886e+02
4.583666666666666742e+02
4.851000000000000227e+02
5.360499999999999545e+02
5.979833333333333485e+02
6.800000000000000000e+02
7.795333333333333030e+02
8.463666666666666742e+02
9.104500000000000455e+02
9.680499999999999545e+02
1.091000000000000000e+03
1.234516666666666652e+03
1.394483333333333348e+03
1.708500000000000000e+03
2.244400000000000091e+03
3.212066666666666606e+03
4.839483333333333576e+03
7.274566666666666606e+03
9.951433333333332484e+03
1.202648333333333358e+04
1.304845000000000073e+04
1.343804999999999927e+04
1.351153333333333285e+04
1.344251666666666642e+04
1.330301666666666642e+04
1.271641666666666606e+04
1.155748333333333358e+04
9.708483333333333576e+03
7.150983333333333576e+03
4.938050000000000182e+03
3.508000000000000000e+03
3.172616666666666788e+03
3.537566666666666606e+03
4.936433333333333394e+03
7.131399999999999636e+03
9.813066666666667516e+03
1.212954999999999927e+04
1.341503333333333285e+04
1.388800000000000000e+04
1.409553333333333285e+04
1.408401666666666642e+04
1.394398333333333358e+04
1.353453333333333285e+04
1.246791666666666606e+04
1.056039999999999964e+04
7.989033333333333758e+03
5.293966666666666242e+03
3.273050000000000182e+03
2.113033333333333303e+03
1.542483333333333348e+03
1.216433333333333394e+03
9.610499999999999545e+02
8.030000000000000000e+02
6.900333333333333030e+02
5.825166666666666515e+02
5.165000000000000000e+02
4.660500000000000114e+02
4.105333333333333599e+02
3.869666666666666401e+02
3.350666666666666629e+02
3.264833333333333485e+02
3.030000000000000000e+02
2.729333333333333371e+02
2.705333333333333599e+02
2.509833333333333485e+02
2.385333333333333599e+02
2.342333333333333485e+02
2.140500000000000114e+02
2.130166666666666515e+02
1.975000000000000000e+02
1.875333333333333599e+02
1.939499999999999886e+02
1.820666666666666629e+02
1.779666666666666401e+02
1.730666666666666629e+02
1.794333333333333371e+02
1.679833333333333485e+02
1.565000000000000000e+02
1.575833333333333144e+02
1.545666666666666629e+02
1.425166666666666515e+02
1.420833333333333144e+02
1.388666666666666742e+02
1.380333333333333599e+02
1.319833333333333485e+02
1.305500000000000114e+02
1.245333333333333599e+02
1.200500000000000114e+02
1.219166666666666856e+02
1.080500000000000114e+02
1.155333333333333599e+02
1.074833333333333485e+02
1.140500000000000114e+02
1.094666666666666401e+02
1.174833333333333485e+02
1.065333333333333599e+02
1.099833333333333485e+02
1.140833333333333144e+02
1.079833333333333485e+02
1.099666666666666401e+02
1.046499999999999773e+02
9.801666666666665151e+01
1.024499999999999886e+02
9.956666666666666288e+01
9.805000000000001137e+01
9.836666666666667425e+01
9.594999999999998863e+01
9.858333333333331439e+01
9.753333333333335986e+01
1.070833333333333144e+02
1.060500000000000114e+02
1.140333333333333599e+02
1.163833333333333258e+02
1.187666666666666515e+02
1.109166666666666856e+02
1.129666666666666401e+02
1.230500000000000114e+02
1.175166666666666515e+02
1.254499999999999886e+02
1.174666666666666401e+02
1.170333333333333599e+02
1.029833333333333485e+02
1.010666666666666629e+02
1.079833333333333485e+02
1.020666666666666629e+02
9.493333333333333712e+01
1.009333333333333371e+02
9.138333333333332575e+01
9.541666666666668561e+01
9.946666666666664014e+01
1.005500000000000114e+02
9.955000000000001137e+01
9.358333333333331439e+01
9.656666666666666288e+01
9.548333333333334849e+01
9.498333333333334849e+01
9.851666666666665151e+01
9.805000000000001137e+01
1.020833333333333144e+02
1.013666666666666742e+02
9.360000000000002274e+01
1.000000000000000000e+02
1.045333333333333599e+02
1.040000000000000000e+02
1.050500000000000114e+02
1.040333333333333599e+02
1.090166666666666515e+02
1.049166666666666856e+02
1.020000000000000000e+02
1.045166666666666515e+02
1.014333333333333371e+02
1.005000000000000000e+02
1.094833333333333485e+02
1.036000000000000227e+02
1.040000000000000000e+02
1.030833333333333144e+02
1.090333333333333599e+02
1.150500000000000114e+02
1.170833333333333144e+02
1.145500000000000114e+02
1.198999999999999773e+02
1.230166666666666515e+02
1.220000000000000000e+02
1.139833333333333485e+02
1.233166666666666629e+02
1.175166666666666515e+02
1.224499999999999886e+02
1.225333333333333599e+02
1.141499999999999773e+02
1.144666666666666401e+02
1.135166666666666515e+02
1.149833333333333485e+02
1.159666666666666401e+02
1.206333333333333258e+02
1.204499999999999886e+02
1.229666666666666401e+02
1.280000000000000000e+02
1.245833333333333144e+02
1.210000000000000000e+02
1.230333333333333599e+02
1.180666666666666629e+02
1.184666666666666401e+02
1.260666666666666629e+02
1.210333333333333599e+02
1.250500000000000114e+02
1.170333333333333599e+02
1.180500000000000114e+02
1.275333333333333599e+02
1.189833333333333485e+02
1.215333333333333599e+02
1.295166666666666515e+02
1.259666666666666401e+02
1.266000000000000227e+02
1.290333333333333599e+02
1.269666666666666401e+02
1.270166666666666515e+02
1.285166666666666515e+02
1.210000000000000000e+02
1.290000000000000000e+02
1.304666666666666401e+02
1.249666666666666401e+02
1.270000000000000000e+02
1.280333333333333599e+02
1.275000000000000000e+02
1.224333333333333371e+02
1.325333333333333599e+02
1.325333333333333599e+02
1.330666666666666629e+02
1.365500000000000114e+02
1.420666666666666629e+02
1.330833333333333144e+02
1.329666666666666401e+02
1.399499999999999886e+02
1.399499999999999886e+02
1.416333333333333258e+02
1.305333333333333599e+02
1.440166666666666515e+02
1.440166666666666515e+02
1.461000000000000227e+02
1.430000000000000000e+02
1.560000000000000000e+02
1.520833333333333144e+02
1.525166666666666515e+02
1.570000000000000000e+02
1.590166666666666515e+02
1.650666666666666629e+02
1.670833333333333144e+02
1.625833333333333144e+02
1.626333333333333258e+02
1.654499999999999886e+02
1.684499999999999886e+02
1.685666666666666629e+02
1.730333333333333599e+02
1.760833333333333144e+02
1.804833333333333485e+02
1.840166666666666515e+02
1.894833333333333485e+02
1.845333333333333599e+02
1.870333333333333599e+02
1.959666666666666401e+02
1.945666666666666629e+02
1.949833333333333485e+02
2.011000000000000227e+02
2.129833333333333485e+02
2.215833333333333144e+02
2.265333333333333599e+02
2.234833333333333485e+02
2.245333333333333599e+02
2.415833333333333144e+02
2.340333333333333599e+02
2.464499999999999886e+02
2.495500000000000114e+02
2.565500000000000114e+02
2.644333333333333371e+02
2.900500000000000114e+02
3.063833333333333258e+02
3.076000000000000227e+02
3.259666666666666401e+02
3.331166666666666742e+02
3.754833333333333485e+02
3.890833333333333144e+02
4.160500000000000114e+02
4.685166666666666515e+02
4.930500000000000114e+02
5.451499999999999773e+02
5.784833333333333485e+02
6.375333333333333030e+02
6.950666666666666060e+02
7.680833333333332575e+02
8.379833333333333485e+02
9.020833333333332575e+02
9.544666666666666970e+02
1.036049999999999955e+03
1.151066666666666606e+03
1.207049999999999955e+03
1.282599999999999909e+03
1.355000000000000000e+03
1.429566666666666606e+03
1.560133333333333212e+03
1.715516666666666652e+03
1.887466666666666697e+03
2.153066666666666606e+03
2.517550000000000182e+03
3.131400000000000091e+03
4.448500000000000000e+03
8.150566666666666606e+03
1.510554999999999927e+04
2.315556666666666570e+04
2.820243333333333430e+04
2.974851666666666642e+04
2.970350000000000000e+04
2.932203333333333285e+04
2.866046666666666715e+04
2.771101666666666642e+04
2.768106666666666570e+04
2.675645000000000073e+04
2.201348333333333358e+04
1.377196666666666715e+04
6.105083333333333030e+03
1.849049999999999955e+03
7.145166666666666515e+02
4.645333333333333599e+02
3.553999999999999773e+02
2.975000000000000000e+02
2.630500000000000114e+02
2.479833333333333485e+02
2.235500000000000114e+02
2.060000000000000000e+02
1.986000000000000227e+02
1.930333333333333599e+02
1.894333333333333371e+02
1.754833333333333485e+02
1.723666666666666742e+02
1.544833333333333485e+02
1.640500000000000114e+02
1.569499999999999886e+02
1.560500000000000114e+02
1.610166666666666515e+02
1.585166666666666515e+02
1.450333333333333599e+02
1.500500000000000114e+02
1.455833333333333144e+02
1.490833333333333144e+02
1.444333333333333371e+02
1.445500000000000114e+02
1.419499999999999886e+02
1.446333333333333258e+02
1.325166666666666515e+02
1.330333333333333599e+02
1.355333333333333599e+02
1.370333333333333599e+02
1.401000000000000227e+02
1.369499999999999886e+02
1.394499999999999886e+02
1.499666666666666401e+02
1.375500000000000114e+02
1.375000000000000000e+02
1.414833333333333485e+02
1.430333333333333599e+02
1.450333333333333599e+02
1.359333333333333371e+02
1.340666666666666629e+02
1.324666666666666401e+02
1.370833333333333144e+02
1.393999999999999773e+02
1.390166666666666515e+02
1.361000000000000227e+02
1.374666666666666401e+02
1.316166666666666742e+02
1.340000000000000000e+02
1.330166666666666515e+02
1.350333333333333599e+02
1.390000000000000000e+02
1.341000000000000227e+02
1.310333333333333599e+02
1.335000000000000000e+02
1.210666666666666629e+02
1.345166666666666515e+02
1.216000000000000227e+02
1.305500000000000114e+02
1.205000000000000000e+02
1.300333333333333599e+02
1.255000000000000000e+02
1.365833333333333144e+02
1.355666666666666629e+02
1.465166666666666515e+02
1.506000000000000227e+02
1.440333333333333599e+02
1.579499999999999886e+02
1.554333333333333371e+02
1.564166666666666856e+02
1.570333333333333599e+02
1.524499999999999886e+02
1.560333333333333599e+02
1.539666666666666401e+02
1.341333333333333258e+02
1.344499999999999886e+02
1.443999999999999773e+02
1.315333333333333599e+02
1.264833333333333485e+02
1.270833333333333144e+02
1.251333333333333258e+02
1.209166666666666856e+02
1.275833333333333144e+02
1.261499999999999773e+02
1.250166666666666515e+02
1.160833333333333144e+02
1.205000000000000000e+02
1.070500000000000114e+02
1.134666666666666401e+02
1.074333333333333371e+02
1.125500000000000114e+02
1.180833333333333144e+02
1.115333333333333599e+02
1.105166666666666515e+02
1.139833333333333485e+02
1.060333333333333599e+02
1.239833333333333485e+02
1.095833333333333144e+02
1.055166666666666515e+02
1.030166666666666515e+02
1.175166666666666515e+02
1.080666666666666629e+02
1.159666666666666401e+02
1.090500000000000114e+02
1.029833333333333485e+02
1.140500000000000114e+02
9.861666666666667425e+01
1.115000000000000000e+02
1.035333333333333599e+02
1.074166666666666856e+02
1.075000000000000000e+02
1.090666666666666629e+02
1.094833333333333485e+02
1.090166666666666515e+02
9.811666666666667425e+01
1.074499999999999886e+02
1.020333333333333599e+02
1.000500000000000114e+02
1.064833333333333485e+02
1.015333333333333599e+02
9.610000000000002274e+01
1.066000000000000227e+02
9.403333333333335986e+01
1.009166666666666856e+02
9.955000000000001137e+01
9.301666666666665151e+01
1.026833333333333371e+02
1.079833333333333485e+02
1.035500000000000114e+02
9.448333333333334849e+01
8.960000000000002274e+01
1.015500000000000114e+02
9.705000000000001137e+01
9.555000000000001137e+01
1.035833333333333144e+02
1.025333333333333599e+02
9.701666666666665151e+01
8.658333333333331439e+01
9.960000000000002274e+01
9.703333333333335986e+01
9.605000000000001137e+01
1.014833333333333485e+02
8.910000000000002274e+01
9.994999999999998863e+01
9.691666666666668561e+01
1.025000000000000000e+02
9.843333333333333712e+01
9.910000000000002274e+01
1.019666666666666401e+02
8.988333333333332575e+01
9.843333333333333712e+01
9.856666666666666288e+01
9.071666666666664014e+01
8.550000000000000000e+01
9.411666666666667425e+01
8.600000000000000000e+01
9.200000000000000000e+01
9.048333333333334849e+01
9.400000000000000000e+01
9.250000000000000000e+01
8.948333333333334849e+01
8.958333333333331439e+01
1.056166666666666742e+02
9.703333333333335986e+01
9.294999999999998863e+01
9.706666666666666288e+01
9.448333333333334849e+01
9.505000000000001137e+01
9.008333333333331439e+01
9.101666666666665151e+01
8.808333333333331439e+01
9.353333333333335986e+01
8.761666666666667425e+01
9.951666666666665151e+01
9.496666666666664014e+01
9.058333333333331439e+01
9.544999999999998863e+01
9.248333333333334849e+01
9.460000000000002274e+01
8.896666666666664014e+01
9.363333333333332575e+01
9.078333333333335986e+01
9.710000000000002274e+01
8.405000000000001137e+01
9.508333333333331439e+01
8.060000000000002274e+01
9.296666666666664014e+01
9.010000000000002274e+01
9.043333333333333712e+01
8.898333333333334849e+01
8.211666666666667425e+01
8.748333333333334849e+01
8.500000000000000000e+01
8.706666666666666288e+01
8.700000000000000000e+01
9.558333333333331439e+01
9.896666666666664014e+01
9.351666666666665151e+01
9.446666666666664014e+01
9.706666666666666288e+01
9.150000000000000000e+01
9.614999999999997726e+01
8.794999999999998863e+01
8.703333333333335986e+01
9.296666666666664014e+01
9.553333333333335986e+01
8.408333333333331439e+01
8.800000000000000000e+01
8.360000000000002274e+01
9.300000000000000000e+01
1.015000000000000000e+02
9.700000000000000000e+01
1.060000000000000000e+02
7.994999999999998863e+01
9.456666666666666288e+01
1.010500000000000114e+02
9.951666666666665151e+01
9.900000000000000000e+01
9.851666666666665151e+01
8.753333333333335986e+01
9.006666666666666288e+01
9.356666666666666288e+01
9.296666666666664014e+01
8.258333333333331439e+01
8.546666666666664014e+01
1.035500000000000114e+02
9.139999999999997726e+01
9.644999999999998863e+01
8.953333333333335986e+01
1.025500000000000114e+02
9.006666666666666288e+01
7.900000000000000000e+01
9.346666666666664014e+01
9.355000000000001137e+01
9.298333333333334849e+01
1.010333333333333599e+02
1.255500000000000114e+02
1.304833333333333485e+02
1.350500000000000114e+02
1.475166666666666515e+02
1.335666666666666629e+02
1.386499999999999773e+02
1.410666666666666629e+02
1.319666666666666401e+02
1.195333333333333599e+02
1.125500000000000114e+02
1.004499999999999886e+02
9.146666666666664014e+01
1.044499999999999886e+02
9.114999999999997726e+01
8.548333333333334849e+01
1.056999999999999886e+02
9.953333333333335986e+01
9.755000000000001137e+01
9.396666666666664014e+01
9.905000000000001137e+01
9.901666666666665151e+01
9.598333333333334849e+01
1.039833333333333485e+02
1.025166666666666515e+02
1.170166666666666515e+02
1.115666666666666629e+02
1.100500000000000114e+02
1.155833333333333144e+02
1.250666666666666629e+02
1.310333333333333599e+02
1.544333333333333371e+02
1.476333333333333258e+02
1.585333333333333599e+02
1.695500000000000114e+02
1.711000000000000227e+02
1.949666666666666401e+02
2.060500000000000114e+02
2.160833333333333144e+02
2.296000000000000227e+02
2.169499999999999886e+02
2.276166666666666742e+02
2.225000000000000000e+02
2.360166666666666515e+02
2.404833333333333485e+02
2.335333333333333599e+02
2.224666666666666401e+02
2.480166666666666515e+02
2.529833333333333485e+02
2.514499999999999886e+02
2.625833333333333144e+02
2.874666666666666401e+02
3.211000000000000227e+02
3.770500000000000114e+02
4.754166666666666856e+02
7.409833333333333485e+02
1.782950000000000045e+03
3.943533333333333303e+03
5.968600000000000364e+03
7.159033333333333758e+03
6.920000000000000000e+03
6.915533333333333758e+03
6.896516666666666424e+03
6.750983333333333576e+03
5.670050000000000182e+03
3.037466666666666697e+03
1.012450000000000045e+03
2.570000000000000000e+02
1.406166666666666742e+02
1.253833333333333258e+02
1.085500000000000114e+02
1.065000000000000000e+02
1.135333333333333599e+02
9.460000000000002274e+01
9.548333333333334849e+01
9.201666666666665151e+01
9.894999999999998863e+01
9.144999999999998863e+01
7.701666666666665151e+01
8.998333333333334849e+01
8.098333333333334849e+01
8.355000000000001137e+01
7.256666666666666288e+01
7.551666666666665151e+01
8.558333333333331439e+01
7.555000000000001137e+01
8.355000000000001137e+01
8.251666666666665151e+01
8.196666666666664014e+01
7.198333333333334849e+01
8.403333333333335986e+01
8.198333333333334849e+01
7.506666666666666288e+01
7.546666666666664014e+01
8.600000000000000000e+01
8.553333333333335986e+01
7.798333333333334849e+01
7.039999999999997726e+01
7.151666666666665151e+01
6.958333333333331439e+01
6.550000000000000000e+01
7.256666666666666288e+01
6.455000000000001137e+01
7.196666666666664014e+01
6.401666666666665151e+01
8.396666666666664014e+01
7.051666666666665151e+01
6.906666666666666288e+01
7.650000000000000000e+01
6.653333333333335986e+01
6.900000000000000000e+01
6.544999999999998863e+01
7.391666666666668561e+01
5.903333333333335986e+01
6.051666666666665151e+01
6.403333333333335986e+01
5.900000000000000000e+01
5.508333333333331439e+01
5.846666666666664014e+01
6.048333333333334849e+01
6.400000000000000000e+01
5.953333333333335986e+01
7.044999999999998863e+01
7.255000000000001137e+01
6.656666666666666288e+01
6.250000000000000000e+01
4.698333333333334849e+01
6.489999999999997726e+01
5.511666666666667425e+01
5.551666666666665151e+01
6.901666666666665151e+01
6.955000000000001137e+01
6.205000000000001137e+01
6.348333333333334849e+01
5.950000000000000000e+01
5.236666666666667425e+01
4.856666666666666288e+01
6.788333333333332575e+01
5.253333333333335986e+01
6.048333333333334849e+01
5.548333333333334849e+01
5.850000000000000000e+01
5.544999999999998863e+01
5.660000000000002274e+01
5.158333333333331439e+01
6.103333333333335986e+01
5.198333333333334849e+01
3.758333333333331439e+01
4.808333333333331439e+01
5.941666666666668561e+01
4.244999999999998863e+01
4.496666666666664014e+01
4.003333333333335986e+01
6.146666666666664014e+01
5.150000000000000000e+01
5.848333333333334849e+01
4.953333333333335986e+01
4.896666666666664014e+01
4.496666666666664014e+01
5.060000000000002274e+01
5.491666666666668561e+01
5.303333333333335986e+01
6.855000000000001137e+01
6.806666666666666288e+01
5.811666666666667425e+01
7.200000000000000000e+01
7.086666666666667425e+01
5.301666666666665151e+01
5.500000000000000000e+01
4.996666666666664014e+01
4.451666666666665151e+01
4.343333333333333712e+01
4.053333333333335986e+01
3.903333333333335986e+01
4.044999999999998863e+01
3.943333333333333712e+01
4.953333333333335986e+01
3.853333333333335986e+01
3.548333333333334849e+01
4.601666666666665151e+01
2.401666666666665151e+01
3.598333333333334849e+01
3.353333333333335986e+01
3.096666666666664014e+01
3.253333333333335986e+01
3.003333333333335986e+01
4.310000000000002274e+01
3.798333333333334849e+01
3.596666666666664014e+01
3.789999999999997726e+01
2.510000000000002274e+01
3.339999999999997726e+01
3.444999999999998863e+01
2.960000000000002274e+01
3.941666666666668561e+01
4.198333333333334849e+01
5.751666666666665151e+01
9.248333333333334849e+01
9.494999999999998863e+01
9.705000000000001137e+01
8.860000000000002274e+01
8.500000000000000000e+01
5.213333333333332575e+01
3.551666666666665151e+01
2.658333333333331439e+01
3.251666666666665151e+01
3.393333333333333712e+01
2.753333333333335986e+01
2.258333333333331439e+01
1.764999999999997726e+01
2.601666666666665151e+01
1.610000000000002274e+01
2.400000000000000000e+01
2.101666666666665151e+01
2.248333333333334849e+01
1.906666666666666288e+01
1.603333333333335986e+01
1.501666666666665151e+01
2.050000000000000000e+01
1.953333333333335986e+01
1.700000000000000000e+01
1.848333333333334849e+01
1.598333333333334849e+01
2.153333333333335986e+01
2.494999999999998863e+01
1.396666666666664014e+01
1.748333333333334849e+01
1.356666666666666288e+01
1.755000000000001137e+01
1.300000000000000000e+01
1.444999999999998863e+01
1.810000000000002274e+01
1.353333333333335986e+01
1.039999999999997726e+01
1.491666666666668561e+01
1.350000000000000000e+01
1.300000000000000000e+01
1.883333333333331439e+01
1.798333333333334849e+01
1.053333333333335986e+01
1.256666666666666288e+01
1.208333333333331439e+01
1.298333333333334849e+01
1.443333333333333712e+01
1.488333333333332575e+01
1.300000000000000000e+01
2.439999999999997726e+01
1.806666666666666288e+01
1.146666666666664014e+01
1.603333333333335986e+01
2.041666666666668561e+01
1.151666666666665151e+01
1.501666666666665151e+01
1.291666666666668561e+01
1.753333333333335986e+01
1.583333333333331439e+01
1.800000000000000000e+01
1.531666666666666288e+01
9.533333333333359860e+00
1.153333333333335986e+01
2.093333333333333712e+01
8.083333333333314386e+00
1.706666666666666288e+01
2.253333333333335986e+01
2.241666666666668561e+01
1.644999999999998863e+01
1.955000000000001137e+01
1.601666666666665151e+01
1.453333333333335986e+01
1.060000000000002274e+01
2.356666666666666288e+01
1.653333333333335986e+01
1.300000000000000000e+01
2.548333333333334849e+01
2.006666666666666288e+01
2.853333333333335986e+01
1.894999999999998863e+01
3.546666666666664014e+01
3.143333333333333712e+01
3.000000000000000000e+01
3.805000000000001137e+01
3.736666666666667425e+01
7.550000000000000000e+01
1.964333333333333371e+02
3.349166666666666856e+02
3.389499999999999886e+02
3.514666666666666401e+02
3.364499999999999886e+02
3.180666666666666629e+02
2.480500000000000114e+02
1.980333333333333599e+02
2.803999999999999773e+02
4.910333333333333599e+02
6.070166666666666515e+02
6.064666666666666970e+02
6.014166666666667425e+02
5.985166666666666515e+02
4.039499999999999886e+02
1.380500000000000114e+02
5.460000000000002274e+01
3.798333333333334849e+01
4.053333333333335986e+01
3.401666666666665151e+01
3.046666666666664014e+01
2.246666666666664014e+01
2.746666666666664014e+01
2.058333333333331439e+01
1.898333333333334849e+01
2.894999999999998863e+01
2.603333333333335986e+01
1.844999999999998863e+01
2.351666666666665151e+01
2.110000000000002274e+01
2.248333333333334849e+01
1.405000000000001137e+01
1.996666666666664014e+01
1.796666666666664014e+01
1.541666666666668561e+01
1.443333333333333712e+01
1.900000000000000000e+01
1.744999999999998863e+01
1.350000000000000000e+01
1.391666666666668561e+01
1.803333333333335986e+01
1.210000000000002274e+01
1.694999999999998863e+01
1.351666666666665151e+01
1.651666666666665151e+01
1.800000000000000000e+01
1.646666666666664014e+01
1.005000000000001137e+01
1.653333333333335986e+01
1.508333333333331439e+01
1.300000000000000000e+01
1.400000000000000000e+01
1.439999999999997726e+01
1.344999999999998863e+01
9.000000000000000000e+00
6.000000000000000000e+00
1.306666666666666288e+01
1.596666666666664014e+01
6.000000000000000000e+00
1.751666666666665151e+01
1.463333333333332575e+01
1.451666666666665151e+01
1.450000000000000000e+01
1.105000000000001137e+01
9.516666666666651508e+00
1.491666666666668561e+01
1.801666666666665151e+01
8.500000000000000000e+00
9.983333333333348492e+00
1.048333333333334849e+01
1.494999999999998863e+01
3.303333333333335986e+01
6.698333333333334849e+01
1.091000000000000227e+02
1.524833333333333485e+02
1.593666666666666742e+02
1.535000000000000000e+02
1.399333333333333371e+02
1.055333333333333599e+02
4.806666666666666288e+01
2.643333333333333712e+01
1.600000000000000000e+01
1.205000000000001137e+01
1.741666666666668561e+01
8.483333333333348492e+00
1.706666666666666288e+01
1.346666666666664014e+01
1.898333333333334849e+01
1.703333333333335986e+01
1.396666666666664014e+01
8.500000000000000000e+00
1.896666666666664014e+01
1.305000000000001137e+01
9.916666666666685614e+00
1.453333333333335986e+01
8.600000000000022737e+00
1.403333333333335986e+01
1.644999999999998863e+01
9.983333333333348492e+00
1.100000000000000000e+01
7.866666666666674246e+00
1.158333333333331439e+01
8.050000000000011369e+00
1.250000000000000000e+01
9.566666666666662877e+00
1.791666666666668561e+01
3.793333333333333712e+01
7.601666666666665151e+01
1.830000000000000000e+02
2.409499999999999886e+02
2.520166666666666515e+02
2.574666666666666401e+02
2.411333333333333258e+02
2.205000000000000000e+02
6.250000000000000000e+01
3.096666666666664014e+01
2.848333333333334849e+01
2.305000000000001137e+01
1.844999999999998863e+01
1.251666666666665151e+01
1.553333333333335986e+01
1.451666666666665151e+01
1.756666666666666288e+01
1.706666666666666288e+01
1.205000000000001137e+01
2.194999999999998863e+01
1.853333333333335986e+01
1.401666666666665151e+01
1.494999999999998863e+01
1.296666666666664014e+01
8.949999999999988631e+00
5.466666666666640140e+00
1.144999999999998863e+01
1.148333333333334849e+01
1.043333333333333712e+01
5.100000000000022737e+00
9.466666666666640140e+00
1.151666666666665151e+01
8.933333333333337123e+00
1.101666666666665151e+01
1.046666666666664014e+01
5.983333333333348492e+00
8.066666666666662877e+00
1.036666666666667425e+01
2.033333333333359860e+00
7.966666666666640140e+00
3.416666666666685614e+00
5.533333333333359860e+00
2.616666666666674246e+00
9.050000000000011369e+00
4.933333333333337123e+00
8.899999999999977263e+00
4.466666666666640140e+00
4.449999999999988631e+00
7.983333333333348492e+00
5.483333333333348492e+00
3.933333333333337123e+00
6.533333333333359860e+00
6.283333333333359860e+00
1.153333333333335986e+01
5.466666666666640140e+00
5.516666666666651508e+00
3.533333333333359860e+00
2.500000000000000000e+00
