6.716666666666668561e+00
5.516666666666651508e+00
6.550000000000011369e+00
7.483333333333348492e+00
3.724999999999994316e+00
4.199999999999988631e+00
4.291666666666685614e+00
6.000000000000000000e+00
5.708333333333314386e+00
7.508333333333325754e+00
7.266666666666679930e+00
8.525000000000005684e+00
1.241666666666665719e+01
5.724999999999994316e+00
8.241666666666645824e+00
7.216666666666668561e+00
5.275000000000005684e+00
8.016666666666651508e+00
6.283333333333331439e+00
5.241666666666645824e+00
6.508333333333325754e+00
9.041666666666685614e+00
7.283333333333331439e+00
6.991666666666674246e+00
6.541666666666657193e+00
1.115833333333333144e+01
9.008333333333325754e+00
6.758333333333325754e+00
6.025000000000005684e+00
8.008333333333325754e+00
8.008333333333325754e+00
1.249166666666667425e+01
7.991666666666645824e+00
8.533333333333331439e+00
8.966666666666640140e+00
4.783333333333331439e+00
5.325000000000017053e+00
7.258333333333325754e+00
6.758333333333325754e+00
8.474999999999994316e+00
6.316666666666662877e+00
9.775000000000005684e+00
6.049999999999982947e+00
9.266666666666679930e+00
9.825000000000017053e+00
1.302499999999997726e+01
5.966666666666668561e+00
7.266666666666679930e+00
1.000833333333332575e+01
7.266666666666679930e+00
1.000833333333332575e+01
1.045833333333334281e+01
1.272499999999999432e+01
1.224166666666664582e+01
1.268333333333333712e+01
1.247499999999999432e+01
7.683333333333337123e+00
1.170833333333331439e+01
1.127500000000000568e+01
1.301666666666667993e+01
1.125000000000000000e+01
1.421666666666664014e+01
1.025833333333332575e+01
1.300000000000000000e+01
1.125833333333332575e+01
1.425000000000000000e+01
1.451666666666665151e+01
1.275000000000000000e+01
1.254166666666668561e+01
1.172499999999999432e+01
9.500000000000000000e+00
1.449166666666667425e+01
1.276666666666665151e+01
1.208333333333334281e+01
1.525000000000000000e+01
1.450000000000000000e+01
1.721666666666666856e+01
1.900833333333332575e+01
1.526666666666665151e+01
1.523333333333332007e+01
1.753333333333333144e+01
1.773333333333334849e+01
1.478333333333333144e+01
2.276666666666665151e+01
2.302499999999997726e+01
2.530000000000001137e+01
2.654166666666665719e+01
3.248333333333332007e+01
4.352500000000000568e+01
5.601666666666667993e+01
6.898333333333332007e+01
7.400833333333332575e+01
7.651666666666665151e+01
7.751666666666667993e+01
7.897499999999999432e+01
7.415000000000000568e+01
7.126666666666667993e+01
7.344999999999998863e+01
6.250833333333335418e+01
5.245000000000001705e+01
4.576666666666667993e+01
3.123333333333334849e+01
2.554999999999998295e+01
1.903333333333333144e+01
2.073333333333334849e+01
1.521666666666666856e+01
1.891666666666665719e+01
2.050833333333332575e+01
1.426666666666667993e+01
1.675000000000000000e+01
1.722499999999999432e+01
1.648333333333332007e+01
1.604166666666665719e+01
1.522499999999999432e+01
1.729166666666665719e+01
1.475833333333335418e+01
1.370833333333331439e+01
1.120833333333334281e+01
1.403333333333335986e+01
1.378333333333333144e+01
1.504999999999998295e+01
1.248333333333332007e+01
1.602500000000000568e+01
1.496666666666666856e+01
1.528333333333333144e+01
1.269999999999998863e+01
1.679166666666665719e+01
1.802500000000000568e+01
1.548333333333332007e+01
1.578333333333333144e+01
1.205833333333333712e+01
1.007499999999998863e+01
1.348333333333332007e+01
1.757500000000001705e+01
1.427500000000000568e+01
1.752500000000000568e+01
1.069166666666666288e+01
1.069166666666666288e+01
1.917499999999998295e+01
1.398333333333332007e+01
1.619166666666666288e+01
1.451666666666665151e+01
1.688333333333332575e+01
1.451666666666665151e+01
1.353333333333333144e+01
1.690833333333333144e+01
1.520833333333331439e+01
1.651666666666667993e+01
1.399166666666664582e+01
1.575833333333332575e+01
1.646666666666666856e+01
1.096666666666666856e+01
1.529166666666665719e+01
1.645833333333334281e+01
1.741666666666665719e+01
1.553333333333333144e+01
1.601666666666665151e+01
1.704166666666668561e+01
1.454166666666665719e+01
1.525000000000000000e+01
1.552500000000000568e+01
1.403333333333333144e+01
1.200833333333332575e+01
1.504166666666665719e+01
1.277500000000000568e+01
1.576666666666667993e+01
1.248333333333332007e+01
1.619166666666666288e+01
1.527500000000000568e+01
1.366666666666668561e+01
1.877500000000000568e+01
1.644999999999998863e+01
1.400000000000000000e+01
1.576666666666667993e+01
1.119166666666666288e+01
1.522499999999999432e+01
1.300833333333332575e+01
1.949166666666664582e+01
1.815833333333333144e+01
1.479166666666668561e+01
1.797499999999999432e+01
1.672499999999999432e+01
1.627500000000000568e+01
1.922499999999999432e+01
1.501666666666667993e+01
1.601666666666667993e+01
1.825000000000000000e+01
2.103333333333333144e+01
2.094999999999998863e+01
2.171666666666666856e+01
1.880000000000001137e+01
1.412500000000000000e+01
1.880833333333333712e+01
1.650000000000000000e+01
1.747499999999999432e+01
1.652500000000000568e+01
1.270833333333331439e+01
1.402500000000000568e+01
1.725833333333332575e+01
1.800000000000000000e+01
2.120000000000001705e+01
1.601666666666667993e+01
2.201666666666667993e+01
1.748333333333332007e+01
1.967499999999998295e+01
1.602500000000000568e+01
2.675000000000000000e+01
1.952500000000000568e+01
2.000000000000000000e+01
2.083333333333334281e+01
1.652500000000000568e+01
1.704166666666665719e+01
1.947499999999999432e+01
1.828333333333333144e+01
1.871666666666666856e+01
2.072500000000002274e+01
1.707500000000001705e+01
1.748333333333332007e+01
2.145833333333334281e+01
2.329166666666668561e+01
2.125833333333332575e+01
2.106666666666666288e+01
2.177500000000000568e+01
1.972499999999999432e+01
1.925833333333332575e+01
1.904166666666665719e+01
1.553333333333333144e+01
1.478333333333333144e+01
2.055000000000001137e+01
1.822499999999999432e+01
1.780000000000001137e+01
1.952500000000000568e+01
2.024166666666667425e+01
1.529166666666668561e+01
1.979166666666668561e+01
2.098333333333332007e+01
2.659999999999999432e+01
2.200000000000000000e+01
1.625000000000000000e+01
2.127500000000000568e+01
2.303333333333333144e+01
1.976666666666665151e+01
1.679166666666668561e+01
2.273333333333334849e+01
1.646666666666666856e+01
2.159166666666666856e+01
1.850833333333335418e+01
1.975000000000000000e+01
2.251666666666665151e+01
1.904166666666665719e+01
2.180000000000001137e+01
1.850000000000000000e+01
2.728333333333333144e+01
2.244999999999998863e+01
2.427500000000000568e+01
2.677499999999997726e+01
2.900000000000000000e+01
2.830000000000001137e+01
3.273333333333332007e+01
3.078333333333333144e+01
3.120000000000001705e+01
3.359999999999999432e+01
2.857500000000001705e+01
3.180833333333333712e+01
3.079166666666665719e+01
3.080000000000001137e+01
3.029166666666665719e+01
3.150000000000000000e+01
2.406666666666666288e+01
2.298333333333334849e+01
2.152500000000000568e+01
2.223333333333334849e+01
2.179999999999998295e+01
2.177499999999997726e+01
1.926666666666665151e+01
2.600833333333332575e+01
2.304166666666665719e+01
2.246666666666666856e+01
2.325000000000000000e+01
2.045833333333334281e+01
2.529166666666668561e+01
2.449166666666667425e+01
2.419999999999998863e+01
2.697499999999999432e+01
2.645833333333334281e+01
2.629166666666668561e+01
2.349166666666667425e+01
2.669166666666666288e+01
2.250833333333332575e+01
2.576666666666665151e+01
2.501666666666667993e+01
2.400833333333335418e+01
2.275000000000000000e+01
2.305833333333333712e+01
2.669999999999998863e+01
2.125833333333335418e+01
2.300000000000000000e+01
2.127500000000000568e+01
2.453333333333333144e+01
2.307499999999998863e+01
2.081666666666666288e+01
2.323333333333332007e+01
2.249166666666664582e+01
2.568333333333330870e+01
2.669999999999998863e+01
2.193333333333333712e+01
2.347499999999999432e+01
2.301666666666667993e+01
2.535833333333332007e+01
2.498333333333332007e+01
2.371666666666664014e+01
2.450833333333332575e+01
2.299166666666664582e+01
2.330833333333333712e+01
2.850000000000000000e+01
2.550000000000000000e+01
2.332500000000001705e+01
2.704166666666665719e+01
2.673333333333334849e+01
2.724166666666664582e+01
2.572499999999999432e+01
2.798333333333332007e+01
2.729999999999998295e+01
2.774166666666667425e+01
2.848333333333332007e+01
2.598333333333332007e+01
2.579999999999998295e+01
2.330000000000001137e+01
2.328333333333333144e+01
2.551666666666667993e+01
3.119166666666666288e+01
2.629999999999998295e+01
3.093333333333333712e+01
2.576666666666665151e+01
2.672499999999999432e+01
2.799166666666667425e+01
2.694999999999998863e+01
2.701666666666665151e+01
2.471666666666666856e+01
2.705833333333333712e+01
2.700000000000000000e+01
2.242499999999998295e+01
2.651666666666667993e+01
2.846666666666666856e+01
2.378333333333333144e+01
2.551666666666665151e+01
2.555000000000001137e+01
2.631666666666666288e+01
2.754166666666668561e+01
3.040833333333333144e+01
2.658333333333334281e+01
2.483333333333334281e+01
2.720833333333331439e+01
3.309166666666666856e+01
2.856666666666666288e+01
2.573333333333332007e+01
2.852500000000000568e+01
3.225000000000000000e+01
2.624166666666667425e+01
2.547499999999999432e+01
2.880833333333333712e+01
2.518333333333333712e+01
2.675833333333332575e+01
2.697499999999999432e+01
2.950833333333332575e+01
3.021666666666666856e+01
2.829166666666665719e+01
3.103333333333333144e+01
3.200833333333335418e+01
3.072499999999999432e+01
2.754166666666665719e+01
3.000833333333335418e+01
2.950000000000000000e+01
2.735000000000002274e+01
2.947499999999999432e+01
2.950833333333332575e+01
2.829999999999998295e+01
3.225833333333332575e+01
2.499166666666664582e+01
2.780833333333333712e+01
3.278333333333333144e+01
3.045833333333334281e+01
3.206666666666666288e+01
2.871666666666666856e+01
3.280833333333333712e+01
2.730833333333333712e+01
2.959166666666666856e+01
2.878333333333335986e+01
3.026666666666665151e+01
3.030833333333333712e+01
2.879999999999998295e+01
2.846666666666664014e+01
3.049166666666664582e+01
2.601666666666665151e+01
2.979999999999998295e+01
3.170833333333331439e+01
3.354999999999998295e+01
3.599166666666667425e+01
3.151666666666667993e+01
3.401666666666665151e+01
3.550833333333332575e+01
2.922500000000002274e+01
3.606666666666669130e+01
2.625833333333335418e+01
3.054166666666668561e+01
3.474166666666667425e+01
3.181666666666666288e+01
2.726666666666665151e+01
3.153333333333333144e+01
2.971666666666666856e+01
3.100000000000000000e+01
3.719166666666666288e+01
3.600000000000000000e+01
3.302500000000000568e+01
3.400833333333332575e+01
3.100833333333332575e+01
3.395833333333334281e+01
3.195833333333334281e+01
2.949166666666667425e+01
2.675833333333332575e+01
3.095833333333331439e+01
3.277500000000000568e+01
2.850833333333332575e+01
3.054999999999998295e+01
3.453333333333335986e+01
3.590000000000000568e+01
3.472500000000002274e+01
3.506666666666666288e+01
3.675833333333332575e+01
3.281666666666666288e+01
3.245833333333334281e+01
3.705000000000001137e+01
3.580000000000001137e+01
3.754166666666665719e+01
3.404166666666668561e+01
3.299166666666664582e+01
3.628333333333335986e+01
3.653333333333335986e+01
3.375833333333332575e+01
3.009166666666666856e+01
3.183333333333334281e+01
3.634166666666666856e+01
3.454166666666668561e+01
3.707499999999998863e+01
3.932499999999998863e+01
3.798333333333332007e+01
4.105833333333333712e+01
3.633333333333331439e+01
3.900833333333332575e+01
3.475000000000000000e+01
3.229166666666668561e+01
3.900000000000000000e+01
3.897499999999999432e+01
3.811666666666667425e+01
3.656666666666666288e+01
3.371666666666666856e+01
3.730000000000001137e+01
3.672499999999999432e+01
3.726666666666667993e+01
3.402500000000000568e+01
3.953333333333333144e+01
3.905833333333333712e+01
3.904166666666665719e+01
4.220833333333331439e+01
4.000000000000000000e+01
3.825000000000000000e+01
4.102500000000000568e+01
3.457500000000001705e+01
4.227500000000000568e+01
4.539999999999997726e+01
4.119999999999998863e+01
4.048333333333334849e+01
4.058333333333334281e+01
4.449166666666667425e+01
4.794999999999998863e+01
4.475833333333332575e+01
4.681666666666666288e+01
5.227500000000000568e+01
4.849166666666667425e+01
4.930833333333333712e+01
4.998333333333334849e+01
6.049166666666667425e+01
5.026666666666667993e+01
5.568333333333333712e+01
5.479999999999998295e+01
5.979166666666668561e+01
6.372499999999999432e+01
7.576666666666665151e+01
8.479166666666665719e+01
8.907499999999998863e+01
1.267083333333333428e+02
1.797416666666666742e+02
3.774583333333333712e+02
8.700166666666666515e+02
1.620083333333333258e+03
2.191800000000000182e+03
2.373983333333333121e+03
2.382991666666666788e+03
2.375516666666666424e+03
2.408566666666666606e+03
2.390800000000000182e+03
2.358949999999999818e+03
2.302275000000000091e+03
2.119283333333333303e+03
1.703516666666666652e+03
9.410166666666666515e+02
2.595000000000000000e+02
1.184249999999999829e+02
8.704166666666668561e+01
7.155833333333333712e+01
6.354166666666665719e+01
5.731666666666666288e+01
6.249166666666664582e+01
5.351666666666665151e+01
5.293333333333330870e+01
4.876666666666667993e+01
4.824166666666667425e+01
4.701666666666667993e+01
4.975833333333332575e+01
4.547499999999999432e+01
4.702500000000000568e+01
4.377500000000000568e+01
4.351666666666667993e+01
4.003333333333333144e+01
4.400833333333332575e+01
4.203333333333335986e+01
4.401666666666667993e+01
4.426666666666665151e+01
4.572499999999999432e+01
4.228333333333333144e+01
3.754166666666665719e+01
4.054166666666665719e+01
4.175000000000000000e+01
3.926666666666665151e+01
4.131666666666666288e+01
3.827499999999997726e+01
4.303333333333333144e+01
3.927500000000000568e+01
4.522500000000002274e+01
4.446666666666666856e+01
4.180833333333333712e+01
4.404166666666668561e+01
4.433333333333334281e+01
4.455000000000001137e+01
4.700000000000000000e+01
4.671666666666666856e+01
4.070833333333331439e+01
4.051666666666665151e+01
4.571666666666666856e+01
4.661666666666664582e+01
4.922499999999999432e+01
4.300833333333335418e+01
4.744166666666666288e+01
4.976666666666667993e+01
5.294999999999998863e+01
6.294999999999998863e+01
8.929166666666665719e+01
1.575000000000000000e+02
2.697250000000000227e+02
3.947250000000000227e+02
4.525166666666666515e+02
4.515249999999999773e+02
4.642749999999999773e+02
4.636333333333333258e+02
4.642666666666666515e+02
4.607666666666666515e+02
4.557666666666666515e+02
4.345333333333333599e+02
3.669500000000000455e+02
2.507249999999999943e+02
1.192750000000000057e+02
6.395833333333331439e+01
5.699166666666664582e+01
5.424166666666667425e+01
5.210833333333332007e+01
5.051666666666667993e+01
5.075000000000000000e+01
5.307500000000001705e+01
4.848333333333334849e+01
4.869166666666666288e+01
4.475000000000000000e+01
4.749166666666664582e+01
4.307500000000001705e+01
4.750000000000000000e+01
4.305833333333333712e+01
4.231666666666666288e+01
5.025000000000000000e+01
4.803333333333333144e+01
4.598333333333332007e+01
5.375833333333332575e+01
5.604166666666665719e+01
6.324166666666667425e+01
5.752500000000000568e+01
6.154999999999998295e+01
5.776666666666667993e+01
5.298333333333334849e+01
6.102499999999997726e+01
5.504166666666665719e+01
5.497499999999999432e+01
5.977500000000000568e+01
5.232500000000001705e+01
4.651666666666667993e+01
4.525833333333332575e+01
4.347499999999999432e+01
4.598333333333332007e+01
4.656666666666666288e+01
4.109166666666666856e+01
4.650833333333332575e+01
4.100000000000000000e+01
4.299166666666664582e+01
4.250833333333332575e+01
4.351666666666667993e+01
3.481666666666669130e+01
4.430833333333333712e+01
4.321666666666666856e+01
4.255833333333333712e+01
4.580833333333333712e+01
4.779166666666668561e+01
4.428333333333333144e+01
5.298333333333334849e+01
4.303333333333333144e+01
4.704166666666665719e+01
4.700000000000000000e+01
4.518333333333333712e+01
4.606666666666666288e+01
4.344999999999998863e+01
4.444999999999998863e+01
4.166666666666668561e+01
4.572500000000002274e+01
4.173333333333332007e+01
3.937500000000000000e+01
4.330000000000001137e+01
4.583333333333334281e+01
4.802500000000000568e+01
4.350000000000000000e+01
4.578333333333333144e+01
4.730833333333333712e+01
4.380000000000001137e+01
4.776666666666667993e+01
4.674166666666664582e+01
4.800000000000000000e+01
4.123333333333332007e+01
4.595000000000001705e+01
4.175000000000000000e+01
4.428333333333333144e+01
4.497499999999999432e+01
4.331666666666669130e+01
4.604999999999998295e+01
4.255000000000001137e+01
4.804166666666665719e+01
4.422499999999999432e+01
4.704999999999998295e+01
4.497499999999999432e+01
5.047499999999999432e+01
4.725833333333332575e+01
4.502500000000000568e+01
5.130833333333333712e+01
4.620833333333334281e+01
4.429166666666668561e+01
4.824166666666667425e+01
4.807499999999998863e+01
4.749166666666667425e+01
4.802500000000000568e+01
4.546666666666666856e+01
5.777499999999997726e+01
5.897499999999999432e+01
6.699166666666664582e+01
7.256666666666666288e+01
7.303333333333335986e+01
7.372500000000002274e+01
7.452499999999997726e+01
7.627500000000000568e+01
7.824166666666667425e+01
7.755833333333333712e+01
7.144166666666669130e+01
7.255000000000001137e+01
7.099166666666664582e+01
6.479166666666665719e+01
5.745833333333334281e+01
5.154999999999998295e+01
5.129999999999998295e+01
4.922500000000002274e+01
4.856666666666666288e+01
5.076666666666665151e+01
4.984999999999999432e+01
5.078333333333333144e+01
4.981666666666666288e+01
4.698333333333332007e+01
5.355000000000001137e+01
4.992499999999998295e+01
4.725000000000000000e+01
4.601666666666667993e+01
4.930833333333333712e+01
4.855000000000001137e+01
4.842500000000001137e+01
4.873333333333332007e+01
4.800000000000000000e+01
4.426666666666665151e+01
5.092500000000001137e+01
4.999166666666667425e+01
4.771666666666666856e+01
4.896666666666666856e+01
4.475833333333332575e+01
5.377500000000000568e+01
4.845000000000001705e+01
5.144166666666666288e+01
4.928333333333333144e+01
4.405833333333333712e+01
4.475000000000000000e+01
4.845833333333334281e+01
5.070000000000001705e+01
4.454166666666665719e+01
4.675000000000000000e+01
4.897499999999999432e+01
4.691666666666665719e+01
5.050833333333335418e+01
5.027500000000000568e+01
4.850000000000000000e+01
4.844166666666666288e+01
5.104166666666665719e+01
5.221666666666666856e+01
4.952499999999997726e+01
4.750833333333335418e+01
4.731666666666666288e+01
4.525833333333332575e+01
5.270833333333334281e+01
4.355000000000001137e+01
4.434166666666666856e+01
4.795833333333331439e+01
4.875000000000000000e+01
4.672500000000002274e+01
5.340833333333333144e+01
4.874166666666667425e+01
4.690833333333333144e+01
5.124166666666664582e+01
4.979999999999998295e+01
4.928333333333333144e+01
4.895833333333331439e+01
4.683333333333334281e+01
4.771666666666666856e+01
5.229999999999998295e+01
4.804166666666668561e+01
4.944999999999998863e+01
4.569166666666666288e+01
4.375000000000000000e+01
4.820833333333331439e+01
4.680833333333333712e+01
4.574166666666667425e+01
5.020833333333331439e+01
5.347499999999999432e+01
5.253333333333333144e+01
5.284999999999999432e+01
5.029999999999998295e+01
4.784999999999999432e+01
4.829166666666665719e+01
5.329166666666668561e+01
5.207499999999998863e+01
5.573333333333334849e+01
5.829166666666665719e+01
6.298333333333332007e+01
6.719999999999998863e+01
5.956666666666666288e+01
6.179166666666665719e+01
6.482499999999998863e+01
6.596666666666666856e+01
6.697499999999999432e+01
6.547499999999999432e+01
6.901666666666667993e+01
6.948333333333334849e+01
6.032500000000001705e+01
6.075833333333332575e+01
5.648333333333332007e+01
5.406666666666666288e+01
5.051666666666667993e+01
5.254166666666668561e+01
5.601666666666667993e+01
4.978333333333333144e+01
5.377499999999997726e+01
5.704166666666665719e+01
5.570833333333334281e+01
5.724166666666667425e+01
5.677500000000000568e+01
5.800833333333332575e+01
5.879999999999998295e+01
5.451666666666667993e+01
5.594999999999998863e+01
5.798333333333332007e+01
5.333333333333334281e+01
5.078333333333333144e+01
5.601666666666665151e+01
4.903333333333333144e+01
5.029166666666665719e+01
5.145833333333331439e+01
5.005833333333333712e+01
5.025833333333335418e+01
5.240000000000000568e+01
5.204166666666665719e+01
5.200000000000000000e+01
5.430000000000001137e+01
5.353333333333333144e+01
5.575833333333332575e+01
6.253333333333333144e+01
5.994166666666666288e+01
6.229166666666668561e+01
6.664166666666667993e+01
6.580833333333333712e+01
5.773333333333332007e+01
6.626666666666667993e+01
6.254999999999998295e+01
5.700833333333332575e+01
6.241666666666665719e+01
6.320833333333331439e+01
5.556666666666669130e+01
6.294166666666666288e+01
5.453333333333333144e+01
5.100833333333332575e+01
5.553333333333333144e+01
5.801666666666665151e+01
5.275833333333335418e+01
5.102500000000000568e+01
5.281666666666666288e+01
5.278333333333333144e+01
5.404166666666665719e+01
5.172499999999999432e+01
5.398333333333332007e+01
5.346666666666664014e+01
5.774166666666664582e+01
5.356666666666666288e+01
5.560000000000002274e+01
5.625833333333332575e+01
6.102500000000000568e+01
5.546666666666666856e+01
5.398333333333334849e+01
5.571666666666666856e+01
5.248333333333334849e+01
5.235833333333334849e+01
5.608333333333331439e+01
4.930833333333333712e+01
5.496666666666666856e+01
5.051666666666667993e+01
5.496666666666666856e+01
5.650833333333332575e+01
5.453333333333333144e+01
5.450833333333332575e+01
5.648333333333332007e+01
5.262500000000000000e+01
5.350833333333332575e+01
5.528333333333333144e+01
5.085000000000002274e+01
5.844999999999998863e+01
5.272499999999999432e+01
5.150833333333332575e+01
5.778333333333335986e+01
5.133333333333334281e+01
5.910833333333332007e+01
5.184166666666666856e+01
4.821666666666666856e+01
5.076666666666665151e+01
5.730000000000001137e+01
5.825833333333332575e+01
5.452500000000000568e+01
5.750000000000000000e+01
5.798333333333332007e+01
5.751666666666667993e+01
5.805833333333333712e+01
5.579166666666665719e+01
5.675000000000000000e+01
5.729166666666668561e+01
5.975833333333332575e+01
5.925833333333335418e+01
5.647499999999999432e+01
5.349166666666667425e+01
5.502500000000000568e+01
5.453333333333335986e+01
5.629166666666668561e+01
6.375833333333335418e+01
5.827500000000000568e+01
5.925833333333332575e+01
6.127500000000000568e+01
6.177499999999997726e+01
6.150000000000000000e+01
5.676666666666667993e+01
5.628333333333333144e+01
6.019999999999998863e+01
5.865000000000000568e+01
6.377500000000000568e+01
5.835833333333334849e+01
5.752500000000000568e+01
5.458333333333334281e+01
5.697500000000002274e+01
6.273333333333332007e+01
6.101666666666665151e+01
5.630833333333333712e+01
6.003333333333335986e+01
5.853333333333333144e+01
6.598333333333332007e+01
5.800000000000000000e+01
6.225833333333332575e+01
6.351666666666667993e+01
6.302500000000000568e+01
6.104999999999998295e+01
6.398333333333334849e+01
6.034166666666666856e+01
6.328333333333333144e+01
6.250833333333332575e+01
6.531666666666669130e+01
6.226666666666665151e+01
6.274166666666667425e+01
6.904166666666665719e+01
6.979166666666668561e+01
6.648333333333334849e+01
6.534999999999999432e+01
6.837500000000000000e+01
6.891666666666665719e+01
7.000000000000000000e+01
6.500833333333332575e+01
6.201666666666665151e+01
6.830833333333333712e+01
7.128333333333335986e+01
7.369166666666666288e+01
6.455833333333333712e+01
6.325000000000000000e+01
6.955000000000001137e+01
6.903333333333333144e+01
7.134166666666666856e+01
7.077500000000000568e+01
7.055833333333333712e+01
6.775000000000000000e+01
6.901666666666665151e+01
7.168333333333333712e+01
6.554166666666668561e+01
6.552500000000000568e+01
7.279166666666668561e+01
6.874166666666667425e+01
7.175833333333332575e+01
6.933333333333334281e+01
6.650833333333332575e+01
7.433333333333331439e+01
7.621666666666666856e+01
6.852500000000000568e+01
7.133333333333334281e+01
7.275000000000000000e+01
7.652500000000000568e+01
7.797499999999999432e+01
7.800000000000000000e+01
7.603333333333333144e+01
7.480833333333333712e+01
7.970000000000001705e+01
7.521666666666666856e+01
7.675833333333335418e+01
8.325000000000000000e+01
8.498333333333332007e+01
9.507499999999998863e+01
9.526666666666665151e+01
9.702500000000000568e+01
1.022916666666666572e+02
1.035333333333333314e+02
1.050416666666666856e+02
1.027833333333333599e+02
1.034833333333333485e+02
1.050999999999999943e+02
1.010499999999999829e+02
9.925833333333332575e+01
9.250000000000000000e+01
9.380000000000001137e+01
9.005833333333333712e+01
9.101666666666667993e+01
8.385833333333332007e+01
9.034166666666666856e+01
9.147499999999999432e+01
9.573333333333334849e+01
9.724166666666667425e+01
9.207500000000001705e+01
1.028250000000000171e+02
9.903333333333335986e+01
1.012666666666666515e+02
1.067750000000000057e+02
1.045250000000000057e+02
1.020416666666666572e+02
1.080833333333333428e+02
1.054749999999999943e+02
1.060166666666666799e+02
1.112583333333333542e+02
1.003000000000000114e+02
1.042666666666666515e+02
1.137166666666666686e+02
1.155583333333333371e+02
1.142916666666666572e+02
1.110000000000000000e+02
1.204833333333333485e+02
1.120499999999999829e+02
1.202583333333333542e+02
1.265000000000000000e+02
1.199833333333333201e+02
1.175666666666666629e+02
1.248083333333333371e+02
1.282666666666666799e+02
1.308750000000000000e+02
1.300333333333333314e+02
1.380166666666666515e+02
1.445749999999999886e+02
1.462500000000000000e+02
1.534583333333333428e+02
1.599833333333333485e+02
1.625833333333333428e+02
1.747083333333333144e+02
1.722833333333333314e+02
1.765666666666666629e+02
1.950250000000000057e+02
1.994749999999999943e+02
2.157416666666666742e+02
2.320416666666666856e+02
2.435333333333333314e+02
2.572749999999999773e+02
2.700833333333333712e+02
2.972500000000000000e+02
3.167500000000000000e+02
3.433000000000000114e+02
3.867749999999999773e+02
4.206916666666666629e+02
4.519416666666666629e+02
5.205499999999999545e+02
5.800333333333333030e+02
6.492916666666666288e+02
7.207916666666666288e+02
7.660833333333332575e+02
8.382333333333333485e+02
9.333083333333332803e+02
1.079033333333333303e+03
1.283758333333333212e+03
1.612316666666666606e+03
2.177758333333333212e+03
3.255233333333333576e+03
4.962008333333333212e+03
7.066750000000000000e+03
8.877283333333332848e+03
9.995708333333332121e+03
1.042776666666666642e+04
1.067052500000000146e+04
1.070205833333333430e+04
1.059555833333333430e+04
1.044077499999999964e+04
9.960033333333332848e+03
8.758258333333333212e+03
7.076516666666666424e+03
5.129508333333333212e+03
3.488775000000000091e+03
2.673008333333333212e+03
2.641775000000000091e+03
3.315550000000000182e+03
4.740916666666666060e+03
6.734783333333332848e+03
8.620566666666667516e+03
1.012104999999999927e+04
1.079480833333333430e+04
1.099654999999999927e+04
1.118179166666666788e+04
1.108623333333333358e+04
1.091551666666666642e+04
1.039702499999999964e+04
9.435700000000000728e+03
7.782766666666666424e+03
5.653483333333333576e+03
3.640750000000000000e+03
2.233633333333333212e+03
1.505266666666666652e+03
1.137824999999999818e+03
8.880666666666666060e+02
7.279833333333333485e+02
5.958083333333332803e+02
5.212500000000000000e+02
4.482833333333333030e+02
4.147250000000000227e+02
3.697666666666666515e+02
3.352749999999999773e+02
3.015916666666666970e+02
2.756749999999999545e+02
2.562916666666666288e+02
2.400000000000000000e+02
2.112750000000000057e+02
1.989666666666666686e+02
1.875583333333333371e+02
1.855999999999999943e+02
1.822583333333333258e+02
1.683083333333333371e+02
1.647500000000000000e+02
1.552416666666666458e+02
1.537999999999999829e+02
1.545166666666666799e+02
1.468000000000000114e+02
1.375166666666666515e+02
1.422583333333333542e+02
1.299916666666666742e+02
1.345666666666666629e+02
1.245499999999999829e+02
1.262166666666666686e+02
1.170333333333333314e+02
1.137166666666666686e+02
1.157083333333333144e+02
1.062666666666666799e+02
1.050000000000000000e+02
1.045166666666666515e+02
9.774166666666667425e+01
9.433333333333334281e+01
9.506666666666666288e+01
9.309999999999999432e+01
9.358333333333331439e+01
9.046666666666666856e+01
8.380000000000001137e+01
8.550833333333332575e+01
8.621666666666666856e+01
8.694166666666666288e+01
8.646666666666666856e+01
8.291666666666668561e+01
8.334166666666666856e+01
7.967499999999998295e+01
7.447499999999999432e+01
8.171666666666664014e+01
8.694999999999998863e+01
7.923333333333334849e+01
8.221666666666666856e+01
8.221666666666666856e+01
7.450000000000000000e+01
7.570833333333331439e+01
8.150000000000000000e+01
8.250833333333335418e+01
7.821666666666666856e+01
7.900000000000000000e+01
8.505833333333333712e+01
8.405833333333333712e+01
9.173333333333334849e+01
9.079166666666668561e+01
1.012416666666666742e+02
9.427500000000000568e+01
9.397499999999999432e+01
9.625000000000000000e+01
9.429166666666668561e+01
9.575833333333335418e+01
7.947499999999999432e+01
8.715833333333333144e+01
7.866666666666668561e+01
7.774166666666667425e+01
7.780833333333333712e+01
7.450833333333332575e+01
7.898333333333332007e+01
7.231666666666666288e+01
7.499166666666667425e+01
7.596666666666666856e+01
7.321666666666666856e+01
7.275833333333332575e+01
7.948333333333332007e+01
7.354999999999998295e+01
7.797499999999999432e+01
7.504166666666668561e+01
7.848333333333332007e+01
7.523333333333334849e+01
7.475000000000000000e+01
8.075000000000000000e+01
7.500833333333332575e+01
8.184166666666666856e+01
7.427500000000000568e+01
7.978333333333333144e+01
8.260833333333334849e+01
8.171666666666666856e+01
8.455000000000001137e+01
7.705000000000001137e+01
8.325000000000000000e+01
8.529166666666668561e+01
8.582500000000001705e+01
8.550000000000000000e+01
8.099166666666664582e+01
8.001666666666667993e+01
8.475833333333332575e+01
8.101666666666667993e+01
8.449166666666664582e+01
8.300000000000000000e+01
9.048333333333334849e+01
8.655000000000001137e+01
8.728333333333333144e+01
9.633333333333334281e+01
8.885833333333334849e+01
9.439166666666665151e+01
9.304999999999998295e+01
8.803333333333333144e+01
9.409166666666666856e+01
8.394999999999998863e+01
8.575833333333332575e+01
8.479999999999998295e+01
9.269166666666666288e+01
8.670833333333334281e+01
9.054166666666665719e+01
9.025000000000000000e+01
9.027500000000000568e+01
8.854166666666665719e+01
9.331666666666666288e+01
9.549166666666664582e+01
9.178333333333333144e+01
9.375000000000000000e+01
9.325000000000000000e+01
9.070833333333334281e+01
9.605833333333333712e+01
9.102500000000000568e+01
9.371666666666664014e+01
9.254166666666668561e+01
9.409999999999999432e+01
9.268333333333333712e+01
8.749166666666667425e+01
9.244999999999998863e+01
8.771666666666664014e+01
8.778333333333333144e+01
9.400000000000000000e+01
9.398333333333332007e+01
9.550833333333332575e+01
9.698333333333334849e+01
9.324166666666667425e+01
9.899166666666664582e+01
9.204166666666665719e+01
9.764166666666665151e+01
9.646666666666666856e+01
9.706666666666666288e+01
9.531666666666669130e+01
1.037333333333333201e+02
1.020333333333333314e+02
9.674166666666667425e+01
9.830833333333333712e+01
1.012833333333333599e+02
1.050750000000000171e+02
1.074749999999999943e+02
1.005749999999999886e+02
1.060250000000000057e+02
1.019666666666666686e+02
1.087833333333333314e+02
1.090333333333333314e+02
1.112583333333333258e+02
1.147416666666666742e+02
1.022333333333333201e+02
1.132166666666666686e+02
1.122583333333333542e+02
1.204833333333333485e+02
1.154833333333333485e+02
1.191999999999999886e+02
1.194749999999999943e+02
1.285416666666666856e+02
1.165333333333333314e+02
1.228250000000000171e+02
1.262666666666666799e+02
1.277333333333333485e+02
1.312666666666666799e+02
1.300083333333333258e+02
1.349666666666666686e+02
1.319916666666666742e+02
1.347166666666666686e+02
1.302999999999999829e+02
1.330333333333333314e+02
1.397666666666666515e+02
1.444749999999999943e+02
1.417166666666666686e+02
1.505083333333333258e+02
1.480583333333333371e+02
1.552833333333333314e+02
1.562666666666666515e+02
1.585000000000000000e+02
1.598583333333333485e+02
1.680416666666666572e+02
1.707666666666666515e+02
1.695416666666666572e+02
1.717916666666666856e+02
1.724916666666666742e+02
1.907916666666666856e+02
1.979666666666666686e+02
1.990250000000000057e+02
2.034916666666666458e+02
2.147666666666666799e+02
2.152583333333333258e+02
2.405583333333333371e+02
2.502333333333333201e+02
2.724583333333333712e+02
2.803333333333333712e+02
3.127333333333333485e+02
3.383083333333333371e+02
3.664666666666666970e+02
3.855333333333333030e+02
4.252333333333333485e+02
4.699666666666666970e+02
5.152916666666666288e+02
5.607083333333333712e+02
6.197916666666667425e+02
6.620583333333332803e+02
7.100416666666666288e+02
7.527416666666666742e+02
7.992583333333333258e+02
8.677833333333333030e+02
9.077583333333333258e+02
9.982333333333333485e+02
1.054250000000000000e+03
1.139491666666666788e+03
1.225549999999999955e+03
1.355016666666666652e+03
1.513549999999999955e+03
1.786541666666666515e+03
2.257283333333333303e+03
3.056275000000000091e+03
5.615725000000000364e+03
1.036775000000000000e+04
1.586707500000000073e+04
1.974069166666666570e+04
2.115522499999999854e+04
2.129820000000000073e+04
2.124326666666666642e+04
2.098699166666666861e+04
2.057781666666666570e+04
2.004974166666666861e+04
1.899974166666666861e+04
1.614301666666666642e+04
1.082879999999999927e+04
5.350283333333332848e+03
1.877241666666666788e+03
6.477333333333333485e+02
3.577916666666666288e+02
2.547416666666666742e+02
2.207833333333333314e+02
1.897750000000000057e+02
1.743583333333333201e+02
1.672916666666666856e+02
1.495166666666666515e+02
1.462750000000000057e+02
1.427833333333333314e+02
1.249916666666666458e+02
1.230333333333333314e+02
1.210583333333333371e+02
1.252083333333333144e+02
1.170333333333333314e+02
1.117500000000000000e+02
1.087750000000000057e+02
1.130333333333333314e+02
1.107916666666666572e+02
1.000166666666666799e+02
1.030250000000000057e+02
1.052333333333333201e+02
1.012666666666666515e+02
1.087166666666666686e+02
1.079916666666666742e+02
1.048333333333333428e+02
9.928333333333333144e+01
9.628333333333335986e+01
1.015499999999999829e+02
9.546666666666666856e+01
1.032916666666666572e+02
9.649166666666664582e+01
9.373333333333334849e+01
1.015583333333333371e+02
1.013250000000000171e+02
1.037249999999999943e+02
1.018000000000000114e+02
9.327500000000000568e+01
9.947500000000002274e+01
9.947499999999999432e+01
1.004499999999999886e+02
1.025416666666666856e+02
1.014833333333333201e+02
1.025166666666666515e+02
9.403333333333333144e+01
9.875833333333332575e+01
8.625000000000000000e+01
8.553333333333333144e+01
8.903333333333333144e+01
9.025000000000000000e+01
9.160833333333332007e+01
8.927500000000000568e+01
9.305833333333333712e+01
8.904999999999998295e+01
9.075833333333335418e+01
9.481666666666666288e+01
9.109166666666666856e+01
9.553333333333333144e+01
8.875833333333332575e+01
8.401666666666667993e+01
9.326666666666667993e+01
9.078333333333335986e+01
8.504166666666665719e+01
9.404166666666665719e+01
9.479166666666665719e+01
1.017750000000000057e+02
1.033083333333333371e+02
9.600833333333332575e+01
1.057916666666666572e+02
1.027833333333333314e+02
1.047416666666666458e+02
1.095583333333333087e+02
9.605833333333333712e+01
1.069833333333333485e+02
1.107416666666666742e+02
9.704166666666665719e+01
9.653333333333333144e+01
9.699166666666667425e+01
9.651666666666667993e+01
8.305000000000001137e+01
9.085833333333334849e+01
8.525000000000000000e+01
8.402500000000000568e+01
8.355833333333333712e+01
8.023333333333334849e+01
8.184999999999999432e+01
8.077500000000000568e+01
7.902500000000000568e+01
8.075833333333332575e+01
7.522499999999999432e+01
8.146666666666666856e+01
7.925833333333332575e+01
7.578333333333333144e+01
7.348333333333334849e+01
7.357499999999998863e+01
7.201666666666665151e+01
7.927500000000000568e+01
7.099166666666667425e+01
7.003333333333335986e+01
7.153333333333335986e+01
7.652500000000000568e+01
7.255000000000001137e+01
7.677500000000000568e+01
7.975833333333332575e+01
6.602499999999997726e+01
7.847499999999999432e+01
7.205833333333333712e+01
7.350833333333335418e+01
7.526666666666665151e+01
7.880833333333333712e+01
7.325000000000000000e+01
6.980000000000001137e+01
6.956666666666666288e+01
7.224166666666667425e+01
7.053333333333335986e+01
7.175833333333332575e+01
7.200833333333335418e+01
6.930000000000001137e+01
6.952500000000000568e+01
6.730000000000001137e+01
6.908333333333334281e+01
6.232500000000001705e+01
6.827500000000000568e+01
6.730833333333333712e+01
7.499166666666667425e+01
6.268333333333333712e+01
6.970833333333331439e+01
6.659166666666666856e+01
6.481666666666666288e+01
6.875833333333332575e+01
6.676666666666665151e+01
7.069166666666666288e+01
6.050833333333335418e+01
6.732499999999998863e+01
7.158333333333334281e+01
5.954166666666665719e+01
6.400833333333332575e+01
6.803333333333333144e+01
6.525833333333335418e+01
6.477500000000000568e+01
6.206666666666666288e+01
5.999166666666667425e+01
6.000833333333335418e+01
6.326666666666665151e+01
5.725000000000000000e+01
5.930000000000001137e+01
6.625000000000000000e+01
6.347499999999999432e+01
6.448333333333334849e+01
6.846666666666664014e+01
5.953333333333333144e+01
6.103333333333333144e+01
6.721666666666666856e+01
6.270833333333334281e+01
6.429166666666665719e+01
6.754999999999998295e+01
5.999166666666667425e+01
6.179999999999998295e+01
6.155833333333333712e+01
5.654166666666665719e+01
5.981666666666669130e+01
5.926666666666665151e+01
5.977499999999997726e+01
5.852499999999997726e+01
5.628333333333333144e+01
6.251666666666667993e+01
5.929999999999998295e+01
6.380000000000001137e+01
6.250000000000000000e+01
5.728333333333333144e+01
5.775833333333335418e+01
5.975000000000000000e+01
6.660833333333332007e+01
5.604166666666668561e+01
5.429166666666668561e+01
5.526666666666667993e+01
6.079999999999998295e+01
5.109166666666666856e+01
5.754166666666665719e+01
5.622499999999999432e+01
5.482500000000001705e+01
5.605000000000001137e+01
5.846666666666666856e+01
6.546666666666666856e+01
5.752500000000000568e+01
5.276666666666665151e+01
5.328333333333333144e+01
5.921666666666666856e+01
5.900833333333335418e+01
5.634166666666666856e+01
5.856666666666666288e+01
6.027500000000000568e+01
5.845833333333334281e+01
5.254166666666665719e+01
5.509999999999999432e+01
5.252500000000000568e+01
5.150000000000000000e+01
5.233333333333334281e+01
5.750000000000000000e+01
5.152500000000000568e+01
6.125833333333332575e+01
5.900000000000000000e+01
6.023333333333332007e+01
5.528333333333335986e+01
5.877500000000000568e+01
4.973333333333332007e+01
5.476666666666665151e+01
5.334166666666666856e+01
5.658333333333334281e+01
5.503333333333333144e+01
5.653333333333333144e+01
4.750000000000000000e+01
5.300833333333332575e+01
5.300000000000000000e+01
5.550833333333332575e+01
6.624166666666667425e+01
6.002499999999997726e+01
5.773333333333332007e+01
6.147499999999999432e+01
6.075000000000000000e+01
5.530000000000001137e+01
5.753333333333333144e+01
5.559999999999999432e+01
5.688333333333332575e+01
5.928333333333333144e+01
5.297499999999999432e+01
5.104166666666668561e+01
5.873333333333332007e+01
4.834166666666666856e+01
5.256666666666666288e+01
4.676666666666667993e+01
5.304166666666665719e+01
5.054166666666665719e+01
5.053333333333333144e+01
5.446666666666666856e+01
6.344166666666669130e+01
5.670833333333331439e+01
6.495833333333334281e+01
6.876666666666667993e+01
7.275000000000000000e+01
7.099166666666667425e+01
7.875000000000000000e+01
7.790000000000000568e+01
6.820000000000001705e+01
7.425833333333335418e+01
7.167500000000001137e+01
5.544166666666666288e+01
5.720833333333334281e+01
5.093333333333333712e+01
5.719166666666666288e+01
5.621666666666664014e+01
5.272499999999999432e+01
6.047499999999999432e+01
5.568333333333333712e+01
5.673333333333334849e+01
6.269166666666666288e+01
5.225833333333335418e+01
5.742499999999998295e+01
5.243333333333333712e+01
5.323333333333332007e+01
5.724166666666667425e+01
6.252500000000000568e+01
5.447500000000002274e+01
6.172499999999999432e+01
7.301666666666667993e+01
7.045833333333334281e+01
7.540833333333333144e+01
7.397499999999999432e+01
8.145833333333334281e+01
8.622499999999999432e+01
7.815000000000000568e+01
1.009250000000000114e+02
1.039749999999999943e+02
1.014833333333333485e+02
1.092500000000000000e+02
1.131666666666666572e+02
1.190250000000000057e+02
1.290333333333333314e+02
1.237250000000000227e+02
1.274666666666666686e+02
1.242416666666666458e+02
1.245250000000000057e+02
1.347333333333333485e+02
1.367249999999999943e+02
1.291583333333333314e+02
1.296083333333333485e+02
1.449333333333333371e+02
1.495083333333333542e+02
1.640250000000000057e+02
1.932750000000000057e+02
2.220416666666666572e+02
3.030416666666666856e+02
5.940000000000000000e+02
1.290066666666666606e+03
2.312241666666666788e+03
3.252291666666666515e+03
3.863766666666666424e+03
4.106491666666666788e+03
4.095291666666666970e+03
3.844033333333333303e+03
3.203524999999999636e+03
2.101949999999999818e+03
8.474916666666666742e+02
2.354916666666666742e+02
9.646666666666666856e+01
6.728333333333333144e+01
6.425000000000000000e+01
5.850833333333332575e+01
4.750000000000000000e+01
5.044166666666666288e+01
5.474166666666667425e+01
5.400833333333335418e+01
5.523333333333334849e+01
4.356666666666666288e+01
5.018333333333330870e+01
4.372499999999999432e+01
4.025833333333332575e+01
4.294999999999998863e+01
3.332500000000001705e+01
4.398333333333332007e+01
3.690833333333333144e+01
3.750833333333332575e+01
3.969999999999998863e+01
4.146666666666666856e+01
3.822499999999999432e+01
4.054166666666668561e+01
3.677500000000000568e+01
3.281666666666669130e+01
3.655833333333333712e+01
3.475000000000000000e+01
3.655000000000001137e+01
3.594999999999998863e+01
3.724166666666667425e+01
2.474166666666664582e+01
3.332500000000001705e+01
3.080833333333333712e+01
3.447499999999999432e+01
3.123333333333332007e+01
2.950000000000000000e+01
2.729166666666665719e+01
2.948333333333332007e+01
2.471666666666666856e+01
3.047499999999999432e+01
3.100000000000000000e+01
3.102500000000000568e+01
3.399166666666667425e+01
3.052500000000000568e+01
3.055000000000001137e+01
2.852500000000000568e+01
2.806666666666666288e+01
2.724166666666664582e+01
2.700000000000000000e+01
1.969166666666666288e+01
2.746666666666666856e+01
2.495833333333331439e+01
2.245000000000001705e+01
2.102499999999997726e+01
2.100000000000000000e+01
2.773333333333332007e+01
2.497499999999999432e+01
2.566666666666668561e+01
3.000000000000000000e+01
2.073333333333334849e+01
2.875000000000000000e+01
2.073333333333334849e+01
1.871666666666666856e+01
2.901666666666665151e+01
2.169166666666666288e+01
3.040000000000000568e+01
2.500000000000000000e+01
1.901666666666667993e+01
2.091666666666665719e+01
1.670000000000001705e+01
2.025833333333332575e+01
2.175000000000000000e+01
2.503333333333335986e+01
2.333333333333334281e+01
2.198333333333334849e+01
2.720000000000001705e+01
2.149166666666667425e+01
1.846666666666666856e+01
1.824166666666664582e+01
1.723333333333334849e+01
2.172499999999999432e+01
1.675000000000000000e+01
1.648333333333332007e+01
2.127500000000000568e+01
1.928333333333333144e+01
1.243333333333333712e+01
1.878333333333333144e+01
1.693333333333333712e+01
1.880000000000001137e+01
1.898333333333332007e+01
1.678333333333333144e+01
2.445833333333334281e+01
1.854166666666665719e+01
1.725833333333332575e+01
2.418333333333333712e+01
2.102500000000000568e+01
1.954999999999998295e+01
2.275000000000000000e+01
2.479999999999998295e+01
2.581666666666669130e+01
1.566666666666665719e+01
2.080000000000001137e+01
1.272499999999999432e+01
1.971666666666664014e+01
1.176666666666665151e+01
1.647499999999999432e+01
1.702500000000000568e+01
1.474166666666667425e+01
1.257500000000001705e+01
1.431666666666666288e+01
1.071666666666666856e+01
1.257499999999998863e+01
1.394166666666666288e+01
8.275000000000005684e+00
8.258333333333325754e+00
1.322499999999999432e+01
8.233333333333348492e+00
1.133333333333334281e+01
1.224166666666667425e+01
1.404166666666665719e+01
1.450000000000000000e+01
1.126666666666665151e+01
1.118333333333330870e+01
1.548333333333334849e+01
8.275000000000005684e+00
1.073333333333332007e+01
1.125833333333335418e+01
1.345000000000001705e+01
1.669166666666666288e+01
2.369999999999998863e+01
2.222499999999999432e+01
3.006666666666666288e+01
2.928333333333333144e+01
2.920833333333331439e+01
2.871666666666666856e+01
2.373333333333332007e+01
1.900000000000000000e+01
1.482500000000001705e+01
2.020833333333334281e+01
1.619999999999998863e+01
1.072499999999999432e+01
1.164166666666667993e+01
9.291666666666685614e+00
5.750000000000000000e+00
1.169166666666666288e+01
7.016666666666679930e+00
9.983333333333320070e+00
8.766666666666651508e+00
1.397499999999999432e+01
1.024166666666664582e+01
7.266666666666651508e+00
1.325833333333332575e+01
1.223333333333334849e+01
8.716666666666668561e+00
1.021666666666666856e+01
1.494999999999998863e+01
1.000833333333332575e+01
7.183333333333337123e+00
6.650000000000005684e+00
6.766666666666679930e+00
6.666666666666685614e+00
9.125000000000000000e+00
5.333333333333314386e+00
4.283333333333331439e+00
9.924999999999982947e+00
5.650000000000005684e+00
1.176666666666667993e+01
6.399999999999977263e+00
4.741666666666674246e+00
8.658333333333359860e+00
6.916666666666657193e+00
6.949999999999988631e+00
8.958333333333314386e+00
1.390833333333333144e+01
6.458333333333342807e+00
9.258333333333354176e+00
9.933333333333337123e+00
9.666666666666657193e+00
1.517499999999998295e+01
5.933333333333337123e+00
9.000000000000000000e+00
1.202500000000000568e+01
4.241666666666674246e+00
1.069999999999998863e+01
1.075833333333332575e+01
2.758333333333354176e+00
1.624166666666664582e+01
7.316666666666662877e+00
8.441666666666662877e+00
7.375000000000000000e+00
8.758333333333354176e+00
1.103333333333333144e+01
9.275000000000005684e+00
5.058333333333337123e+00
7.325000000000017053e+00
7.258333333333325754e+00
7.750000000000000000e+00
5.983333333333348492e+00
7.775000000000005684e+00
1.468333333333333712e+01
1.000000000000000000e+01
1.246666666666664014e+01
9.483333333333348492e+00
1.522499999999999432e+01
1.643333333333333712e+01
1.546666666666666856e+01
1.175833333333335418e+01
1.224166666666667425e+01
1.081666666666666288e+01
1.748333333333334849e+01
1.400833333333332575e+01
1.549166666666664582e+01
2.376666666666667993e+01
2.623333333333332007e+01
3.129166666666668561e+01
5.304166666666665719e+01
1.204416666666666629e+02
1.640083333333333258e+02
1.743000000000000114e+02
1.831833333333333371e+02
1.754666666666666686e+02
1.801916666666666629e+02
1.347749999999999773e+02
1.168999999999999773e+02
1.669499999999999886e+02
2.225166666666666515e+02
3.152333333333333485e+02
3.115000000000000000e+02
3.078416666666666970e+02
3.161749999999999545e+02
2.445000000000000000e+02
2.009583333333333144e+02
9.817500000000001137e+01
3.549166666666667425e+01
2.695833333333331439e+01
2.571666666666666856e+01
1.824166666666667425e+01
1.800833333333332575e+01
1.594999999999998863e+01
1.349166666666667425e+01
9.666666666666685614e+00
1.079999999999998295e+01
1.198333333333334849e+01
1.073333333333332007e+01
7.808333333333337123e+00
5.783333333333359860e+00
1.425833333333332575e+01
9.216666666666668561e+00
6.966666666666668561e+00
8.949999999999988631e+00
9.474999999999994316e+00
9.958333333333314386e+00
1.044999999999998863e+01
8.050000000000011369e+00
8.491666666666645824e+00
5.766666666666679930e+00
5.474999999999994316e+00
1.345833333333331439e+01
6.741666666666674246e+00
7.750000000000000000e+00
1.166666666666665719e+01
3.224999999999994316e+00
5.241666666666645824e+00
5.308333333333337123e+00
1.119999999999998863e+01
9.966666666666668561e+00
6.525000000000005684e+00
8.691666666666662877e+00
6.983333333333348492e+00
8.241666666666674246e+00
5.458333333333342807e+00
9.250000000000000000e+00
8.400000000000005684e+00
9.224999999999994316e+00
7.216666666666668561e+00
4.191666666666662877e+00
6.766666666666679930e+00
4.933333333333337123e+00
5.300000000000011369e+00
9.508333333333354176e+00
5.983333333333320070e+00
9.241666666666674246e+00
7.508333333333325754e+00
7.024999999999977263e+00
8.683333333333308701e+00
1.172499999999999432e+01
9.233333333333320070e+00
1.179166666666668561e+01
4.223333333333332007e+01
6.373333333333332007e+01
6.728333333333333144e+01
7.177500000000000568e+01
7.023333333333332007e+01
7.105000000000001137e+01
4.723333333333332007e+01
2.869166666666666288e+01
1.527500000000000568e+01
7.724999999999994316e+00
1.021666666666666856e+01
1.070833333333331439e+01
7.791666666666685614e+00
5.266666666666651508e+00
6.775000000000005684e+00
1.121666666666666856e+01
4.483333333333320070e+00
5.533333333333331439e+00
3.458333333333314386e+00
5.741666666666674246e+00
9.733333333333348492e+00
1.097500000000002274e+01
8.525000000000005684e+00
9.208333333333342807e+00
4.916666666666657193e+00
4.699999999999988631e+00
6.224999999999994316e+00
8.750000000000000000e+00
7.733333333333348492e+00
6.250000000000000000e+00
6.733333333333320070e+00
3.983333333333320070e+00
7.183333333333337123e+00
1.375833333333335418e+01
1.770833333333334281e+01
4.002500000000000568e+01
6.819166666666666288e+01
8.125833333333335418e+01
8.853333333333333144e+01
8.696666666666666856e+01
9.242500000000001137e+01
8.020833333333331439e+01
6.200833333333332575e+01
3.765833333333333144e+01
1.819166666666666288e+01
1.429166666666668561e+01
8.083333333333342807e+00
6.016666666666651508e+00
6.225000000000022737e+00
6.000000000000000000e+00
5.991666666666645824e+00
6.724999999999994316e+00
4.008333333333325754e+00
1.983333333333348492e+00
2.341666666666668561e+00
5.483333333333320070e+00
7.883333333333325754e+00
7.224999999999994316e+00
6.466666666666668561e+00
5.083333333333257542e-01
-9.166666666666856145e-02
4.983333333333320070e+00
5.083333333333257542e-01
3.716666666666668561e+00
3.766666666666679930e+00
3.750000000000000000e+00
-2.483333333333320070e+00
-2.500000000000000000e-01
1.058333333333337123e+00
5.016666666666679930e+00
1.458333333333314386e+00
4.000000000000000000e+00
2.433333333333337123e+00
3.016666666666679930e+00
7.666666666666515084e-01
5.433333333333337123e+00
4.658333333333331439e+00
1.699999999999988631e+00
2.083333333333143855e-01
1.466666666666668561e+00
-1.458333333333314386e+00
-2.750000000000056843e-01
2.458333333333342807e+00
4.283333333333359860e+00
1.916666666666657193e+00
1.699999999999988631e+00
-7.416666666666458241e-01
2.458333333333342807e+00
2.750000000000056843e-01
1.208333333333342807e+00
1.775000000000005684e+00
-1.766666666666679930e+00
9.666666666666685614e-01
2.666666666666515084e-01
-7.666666666666515084e-01
-1.750000000000000000e+00
