4.491666666666674246e+00
5.275000000000005684e+00
5.508333333333354176e+00
3.025000000000005684e+00
3.250000000000000000e+00
5.791666666666657193e+00
5.283333333333331439e+00
1.078333333333333144e+01
3.783333333333331439e+00
4.016666666666679930e+00
7.991666666666674246e+00
1.150833333333332575e+01
6.050000000000011369e+00
5.083333333333342807e+00
2.566666666666662877e+00
5.833333333333342807e+00
7.008333333333325754e+00
8.783333333333331439e+00
4.233333333333320070e+00
7.041666666666657193e+00
6.341666666666668561e+00
7.966666666666668561e+00
5.991666666666645824e+00
2.566666666666691299e+00
7.033333333333331439e+00
8.758333333333325754e+00
1.078333333333335986e+01
8.866666666666674246e+00
6.966666666666668561e+00
9.741666666666645824e+00
9.508333333333354176e+00
9.258333333333325754e+00
7.300000000000011369e+00
6.741666666666674246e+00
7.341666666666668561e+00
6.533333333333331439e+00
1.098333333333334849e+01
8.041666666666657193e+00
8.191666666666662877e+00
7.258333333333354176e+00
9.316666666666662877e+00
1.077500000000000568e+01
1.123333333333332007e+01
1.020833333333334281e+01
1.166666666666665719e+01
1.025833333333335418e+01
9.724999999999994316e+00
1.077500000000000568e+01
6.808333333333337123e+00
7.525000000000005684e+00
1.349166666666667425e+01
1.030000000000001137e+01
1.175833333333335418e+01
8.266666666666679930e+00
1.101666666666667993e+01
8.725000000000022737e+00
9.258333333333325754e+00
6.716666666666640140e+00
9.324999999999988631e+00
1.626666666666665151e+01
1.047499999999999432e+01
1.169999999999998863e+01
1.178333333333333144e+01
1.409999999999999432e+01
8.758333333333354176e+00
1.273333333333334849e+01
1.101666666666665151e+01
6.025000000000005684e+00
1.172499999999999432e+01
1.141666666666665719e+01
1.351666666666665151e+01
1.250000000000000000e+01
9.741666666666674246e+00
1.176666666666665151e+01
1.549166666666667425e+01
1.429166666666665719e+01
1.475833333333332575e+01
1.050000000000000000e+01
1.526666666666667993e+01
1.921666666666666856e+01
1.744999999999998863e+01
1.748333333333334849e+01
1.274166666666667425e+01
1.157499999999998863e+01
1.227500000000000568e+01
2.029166666666665719e+01
1.400833333333332575e+01
2.020000000000001705e+01
1.525000000000000000e+01
2.174166666666667425e+01
1.974166666666667425e+01
1.830000000000001137e+01
1.746666666666666856e+01
2.376666666666665151e+01
2.525833333333332575e+01
2.106666666666666288e+01
3.006666666666666288e+01
3.994999999999998863e+01
4.341666666666665719e+01
4.850000000000000000e+01
5.628333333333333144e+01
7.329166666666665719e+01
9.700833333333332575e+01
9.429166666666668561e+01
9.577500000000000568e+01
1.045416666666666856e+02
9.231666666666666288e+01
8.371666666666666856e+01
8.519999999999998863e+01
6.593333333333333712e+01
5.224166666666667425e+01
3.950833333333332575e+01
2.500833333333332575e+01
2.455833333333333712e+01
1.775000000000000000e+01
1.625833333333335418e+01
1.849166666666667425e+01
2.007500000000001705e+01
1.854999999999998295e+01
1.777500000000000568e+01
1.806666666666666288e+01
1.750000000000000000e+01
1.898333333333332007e+01
2.222499999999999432e+01
1.900833333333332575e+01
1.707499999999998863e+01
1.527500000000000568e+01
1.944166666666666288e+01
2.057500000000001705e+01
1.927500000000000568e+01
1.927500000000000568e+01
1.499166666666664582e+01
1.300000000000000000e+01
1.748333333333334849e+01
1.919999999999998863e+01
1.650000000000000000e+01
2.246666666666666856e+01
2.229166666666668561e+01
2.097499999999999432e+01
1.968333333333333712e+01
1.971666666666666856e+01
2.054999999999998295e+01
1.800000000000000000e+01
1.927499999999997726e+01
1.947499999999999432e+01
2.095833333333331439e+01
1.652500000000000568e+01
1.623333333333332007e+01
1.900833333333332575e+01
1.650000000000000000e+01
1.183333333333334281e+01
2.021666666666666856e+01
2.319999999999998863e+01
2.051666666666665151e+01
2.297499999999999432e+01
1.675833333333332575e+01
2.046666666666666856e+01
1.871666666666664014e+01
1.947499999999999432e+01
1.979166666666665719e+01
1.751666666666667993e+01
2.480000000000001137e+01
1.827500000000000568e+01
2.065833333333333144e+01
2.225833333333335418e+01
2.121666666666666856e+01
2.226666666666665151e+01
1.809166666666666856e+01
2.097499999999999432e+01
2.500833333333332575e+01
1.774166666666667425e+01
1.948333333333334849e+01
2.146666666666664014e+01
1.875833333333332575e+01
2.449166666666667425e+01
1.994999999999998863e+01
2.297499999999999432e+01
1.706666666666666288e+01
2.069999999999998863e+01
2.073333333333332007e+01
1.697500000000002274e+01
1.655000000000001137e+01
2.022499999999999432e+01
2.300000000000000000e+01
1.975833333333332575e+01
2.653333333333333144e+01
2.475000000000000000e+01
1.849166666666664582e+01
1.797499999999999432e+01
1.923333333333334849e+01
2.297499999999999432e+01
2.083333333333334281e+01
2.135833333333334849e+01
2.321666666666666856e+01
1.997499999999999432e+01
1.909166666666666856e+01
2.075833333333335418e+01
1.951666666666667993e+01
2.173333333333332007e+01
1.735833333333332007e+01
1.443333333333333712e+01
2.669999999999998863e+01
2.444999999999998863e+01
2.527500000000000568e+01
2.620833333333331439e+01
2.871666666666664014e+01
2.148333333333332007e+01
2.016666666666668561e+01
2.753333333333333144e+01
2.372499999999999432e+01
2.044166666666666288e+01
2.698333333333334849e+01
2.821666666666666856e+01
1.849166666666667425e+01
2.128333333333333144e+01
2.078333333333333144e+01
2.794999999999998863e+01
2.399166666666667425e+01
2.733333333333331439e+01
2.143333333333330870e+01
2.499166666666667425e+01
2.978333333333333144e+01
2.831666666666666288e+01
2.172499999999999432e+01
2.824166666666667425e+01
2.973333333333334849e+01
2.770833333333334281e+01
2.773333333333332007e+01
2.531666666666669130e+01
2.834999999999999432e+01
2.225833333333332575e+01
2.419999999999998863e+01
2.200000000000000000e+01
2.706666666666669130e+01
2.593333333333333712e+01
2.949166666666667425e+01
2.804166666666668561e+01
2.621666666666666856e+01
2.629166666666668561e+01
2.551666666666667993e+01
2.525833333333332575e+01
2.569999999999998863e+01
2.750000000000000000e+01
3.223333333333332007e+01
2.572499999999999432e+01
2.331666666666666288e+01
2.470833333333334281e+01
2.426666666666665151e+01
2.799166666666667425e+01
2.899166666666667425e+01
3.299166666666667425e+01
3.203333333333333144e+01
3.044999999999998863e+01
2.754166666666668561e+01
3.155000000000001137e+01
3.000000000000000000e+01
3.304166666666665719e+01
2.870000000000001705e+01
3.052500000000000568e+01
3.104166666666668561e+01
2.629166666666668561e+01
3.494166666666666288e+01
2.580833333333333712e+01
2.530000000000001137e+01
2.898333333333334849e+01
3.639166666666667993e+01
3.672499999999999432e+01
4.281666666666666288e+01
4.655000000000001137e+01
5.415000000000000568e+01
4.905000000000001137e+01
5.229166666666665719e+01
4.229166666666668561e+01
5.149166666666667425e+01
4.648333333333332007e+01
4.625000000000000000e+01
4.877500000000000568e+01
4.626666666666667993e+01
3.618333333333333712e+01
3.275833333333332575e+01
2.975000000000000000e+01
3.102500000000000568e+01
3.205000000000001137e+01
3.343333333333333712e+01
2.953333333333333144e+01
3.375000000000000000e+01
3.098333333333334849e+01
3.019166666666666288e+01
3.599166666666667425e+01
3.579166666666668561e+01
3.267500000000001137e+01
3.453333333333333144e+01
3.150000000000000000e+01
3.205000000000001137e+01
3.200833333333332575e+01
3.176666666666665151e+01
3.680833333333333712e+01
4.396666666666666856e+01
3.728333333333333144e+01
3.276666666666667993e+01
3.830833333333333712e+01
3.155833333333333712e+01
4.095000000000001705e+01
3.912500000000000000e+01
3.550000000000000000e+01
3.730000000000001137e+01
3.529166666666668561e+01
3.648333333333332007e+01
3.394166666666666288e+01
3.803333333333335986e+01
3.748333333333332007e+01
3.075833333333332575e+01
3.279999999999998295e+01
3.759166666666666856e+01
3.627500000000000568e+01
3.400000000000000000e+01
3.875000000000000000e+01
4.105000000000001137e+01
4.000000000000000000e+01
3.551666666666667993e+01
3.274166666666667425e+01
4.378333333333333144e+01
3.696666666666666856e+01
3.225833333333332575e+01
3.645833333333334281e+01
4.076666666666665151e+01
3.455000000000001137e+01
3.745833333333334281e+01
3.750833333333332575e+01
3.599166666666667425e+01
3.950833333333335418e+01
3.827500000000000568e+01
4.325833333333332575e+01
3.877500000000000568e+01
3.823333333333332007e+01
4.072499999999999432e+01
3.903333333333333144e+01
3.821666666666666856e+01
4.160833333333332007e+01
4.001666666666665151e+01
4.350833333333335418e+01
4.324166666666667425e+01
3.875000000000000000e+01
3.978333333333333144e+01
3.001666666666667993e+01
3.929166666666668561e+01
4.583333333333331439e+01
4.701666666666667993e+01
4.346666666666666856e+01
4.075833333333332575e+01
4.856666666666666288e+01
4.130000000000001137e+01
4.448333333333334849e+01
4.675000000000000000e+01
4.448333333333334849e+01
4.204166666666665719e+01
4.641666666666665719e+01
4.875000000000000000e+01
3.725833333333332575e+01
3.805833333333333712e+01
4.424166666666664582e+01
4.004999999999998295e+01
5.496666666666666856e+01
4.505000000000001137e+01
4.859166666666666856e+01
4.305833333333333712e+01
4.346666666666664014e+01
4.475000000000000000e+01
4.031666666666666288e+01
3.906666666666666288e+01
4.652500000000000568e+01
4.357499999999998863e+01
4.747499999999999432e+01
5.077500000000000568e+01
4.103333333333333144e+01
4.482500000000001705e+01
4.875000000000000000e+01
5.221666666666666856e+01
4.952500000000000568e+01
4.724166666666667425e+01
4.826666666666665151e+01
4.776666666666665151e+01
4.746666666666666856e+01
5.221666666666666856e+01
5.350833333333332575e+01
4.700833333333332575e+01
4.826666666666667993e+01
4.665000000000000568e+01
4.900000000000000000e+01
5.234999999999999432e+01
4.761666666666664582e+01
4.574166666666667425e+01
4.903333333333333144e+01
4.801666666666667993e+01
5.022499999999999432e+01
4.848333333333334849e+01
4.323333333333334849e+01
5.225000000000000000e+01
5.299166666666667425e+01
4.883333333333334281e+01
4.602500000000000568e+01
5.304166666666668561e+01
5.328333333333333144e+01
4.764166666666665151e+01
4.376666666666665151e+01
5.400000000000000000e+01
5.070833333333331439e+01
5.976666666666665151e+01
5.399166666666664582e+01
5.522499999999999432e+01
5.380000000000001137e+01
6.001666666666667993e+01
5.173333333333334849e+01
5.134166666666666856e+01
5.354166666666668561e+01
5.375833333333332575e+01
6.119166666666666288e+01
5.795833333333331439e+01
5.216666666666665719e+01
5.765833333333333144e+01
5.444999999999998863e+01
5.804166666666665719e+01
5.527500000000000568e+01
5.677500000000000568e+01
4.853333333333333144e+01
5.025000000000000000e+01
5.400833333333332575e+01
5.600000000000000000e+01
5.470833333333334281e+01
6.348333333333334849e+01
6.272499999999999432e+01
5.600833333333335418e+01
5.680000000000001137e+01
6.174166666666667425e+01
5.997499999999999432e+01
5.072499999999999432e+01
5.579166666666668561e+01
5.057500000000001705e+01
5.901666666666667993e+01
5.454166666666668561e+01
5.175833333333332575e+01
5.574166666666667425e+01
5.675833333333332575e+01
6.125000000000000000e+01
6.273333333333334849e+01
5.980000000000001137e+01
6.273333333333334849e+01
6.627500000000000568e+01
6.541666666666665719e+01
6.575833333333332575e+01
6.125000000000000000e+01
6.107500000000001705e+01
7.081666666666666288e+01
6.654166666666665719e+01
6.102500000000000568e+01
6.525833333333335418e+01
6.000833333333335418e+01
6.671666666666666856e+01
6.075000000000000000e+01
6.205000000000001137e+01
7.000000000000000000e+01
6.823333333333332007e+01
6.720833333333334281e+01
6.166666666666668561e+01
7.050833333333332575e+01
7.150000000000000000e+01
6.771666666666666856e+01
6.879999999999998295e+01
6.945833333333334281e+01
7.001666666666667993e+01
6.804999999999998295e+01
7.280833333333330870e+01
7.071666666666666856e+01
6.528333333333333144e+01
7.168333333333333712e+01
7.075000000000000000e+01
8.228333333333333144e+01
7.170833333333334281e+01
7.326666666666667993e+01
7.772499999999999432e+01
7.406666666666666288e+01
8.150000000000000000e+01
8.198333333333334849e+01
7.800000000000000000e+01
8.250833333333332575e+01
8.250000000000000000e+01
8.025000000000000000e+01
7.925833333333332575e+01
7.878333333333333144e+01
9.280833333333333712e+01
9.158333333333334281e+01
9.850833333333332575e+01
1.104749999999999943e+02
1.064250000000000114e+02
1.165166666666666515e+02
1.200333333333333314e+02
1.357750000000000057e+02
1.342999999999999829e+02
1.560000000000000000e+02
1.835416666666666572e+02
2.369749999999999943e+02
3.137833333333333030e+02
6.735333333333333030e+02
2.277508333333333212e+03
3.456233333333333576e+03
4.073474999999999909e+03
4.462483333333333576e+03
4.644041666666666060e+03
4.623274999999999636e+03
4.567550000000000182e+03
4.724958333333333940e+03
4.465991666666666788e+03
4.082800000000000182e+03
3.411066666666666606e+03
2.249516666666666879e+03
5.132500000000000000e+02
2.047583333333333258e+02
1.454749999999999943e+02
1.157333333333333201e+02
9.904166666666665719e+01
1.012249999999999943e+02
8.955833333333333712e+01
8.851666666666665151e+01
8.722499999999999432e+01
8.328333333333335986e+01
8.427500000000000568e+01
8.384999999999999432e+01
8.079166666666668561e+01
8.025000000000000000e+01
8.078333333333333144e+01
7.801666666666667993e+01
7.479999999999998295e+01
7.427500000000000568e+01
7.201666666666667993e+01
7.599166666666667425e+01
7.453333333333333144e+01
7.077500000000000568e+01
7.823333333333334849e+01
7.374166666666667425e+01
7.097499999999999432e+01
7.397499999999999432e+01
7.480000000000001137e+01
7.530000000000001137e+01
7.374166666666667425e+01
7.702500000000000568e+01
7.077500000000000568e+01
7.277500000000000568e+01
7.547500000000002274e+01
7.154166666666665719e+01
7.823333333333334849e+01
7.050833333333335418e+01
7.179166666666665719e+01
7.900833333333332575e+01
7.829166666666668561e+01
7.972499999999999432e+01
7.676666666666667993e+01
7.924166666666664582e+01
7.835000000000002274e+01
7.500833333333332575e+01
7.875833333333332575e+01
8.577500000000000568e+01
8.925000000000000000e+01
9.250833333333332575e+01
9.525000000000000000e+01
9.600000000000000000e+01
1.105250000000000057e+02
1.574833333333333485e+02
4.107500000000000000e+02
6.695499999999999545e+02
7.872666666666666515e+02
8.787333333333333485e+02
9.034833333333333485e+02
9.002416666666666742e+02
9.000000000000000000e+02
9.190916666666666970e+02
8.942416666666666742e+02
8.295416666666666288e+02
6.947500000000000000e+02
5.091916666666667197e+02
1.962916666666666856e+02
1.030666666666666629e+02
9.306666666666666288e+01
8.494999999999998863e+01
9.079166666666668561e+01
8.229166666666668561e+01
8.022499999999999432e+01
8.480833333333333712e+01
8.025833333333332575e+01
8.275000000000000000e+01
8.006666666666666288e+01
8.071666666666666856e+01
8.450833333333332575e+01
8.646666666666666856e+01
7.506666666666666288e+01
8.230833333333333712e+01
8.600000000000000000e+01
8.780833333333333712e+01
8.195833333333334281e+01
8.898333333333332007e+01
9.479166666666668561e+01
1.032166666666666686e+02
1.087166666666666686e+02
1.170083333333333542e+02
1.152750000000000057e+02
1.181916666666666629e+02
1.135000000000000000e+02
1.132500000000000000e+02
1.099749999999999943e+02
1.078916666666666799e+02
9.576666666666667993e+01
8.444999999999998863e+01
7.849166666666667425e+01
7.654166666666665719e+01
7.525833333333332575e+01
7.776666666666667993e+01
7.748333333333334849e+01
7.893333333333333712e+01
7.855833333333333712e+01
8.547499999999999432e+01
8.179999999999998295e+01
7.952499999999997726e+01
8.451666666666667993e+01
7.778333333333333144e+01
7.904999999999998295e+01
8.052500000000000568e+01
8.243333333333333712e+01
7.452500000000000568e+01
8.000000000000000000e+01
7.856666666666666288e+01
7.848333333333332007e+01
7.679166666666665719e+01
6.950000000000000000e+01
7.871666666666664014e+01
8.354166666666668561e+01
8.324166666666667425e+01
7.548333333333332007e+01
8.018333333333333712e+01
8.391666666666665719e+01
8.345833333333331439e+01
8.725000000000000000e+01
8.130833333333333712e+01
7.629166666666668561e+01
7.656666666666666288e+01
7.506666666666669130e+01
8.129999999999998295e+01
7.680833333333333712e+01
7.582499999999998863e+01
7.850000000000000000e+01
7.451666666666667993e+01
8.152500000000000568e+01
8.948333333333334849e+01
8.047499999999999432e+01
8.652500000000000568e+01
8.329166666666668561e+01
8.551666666666667993e+01
8.004999999999998295e+01
8.055000000000001137e+01
8.475000000000000000e+01
7.625000000000000000e+01
8.350000000000000000e+01
7.724166666666667425e+01
8.594999999999998863e+01
8.850833333333332575e+01
8.521666666666664014e+01
8.101666666666667993e+01
8.379166666666665719e+01
8.675833333333335418e+01
8.872499999999999432e+01
8.393333333333333712e+01
8.329166666666665719e+01
9.502499999999997726e+01
9.774166666666664582e+01
8.772499999999999432e+01
9.402499999999997726e+01
1.015083333333333542e+02
1.184749999999999943e+02
1.262583333333333258e+02
1.362833333333333599e+02
1.310166666666666515e+02
1.415666666666666629e+02
1.371999999999999886e+02
1.306083333333333485e+02
1.434166666666666856e+02
1.411999999999999886e+02
1.309833333333333201e+02
1.178000000000000114e+02
1.132833333333333314e+02
1.072916666666666572e+02
9.848333333333332007e+01
9.779166666666665719e+01
9.026666666666665151e+01
9.753333333333333144e+01
8.950833333333335418e+01
8.696666666666666856e+01
8.795833333333331439e+01
9.128333333333333144e+01
8.548333333333334849e+01
8.873333333333334849e+01
8.733333333333334281e+01
8.948333333333334849e+01
9.320833333333334281e+01
9.000000000000000000e+01
9.129999999999998295e+01
8.324166666666664582e+01
8.800000000000000000e+01
9.652500000000000568e+01
8.922499999999999432e+01
8.650000000000000000e+01
8.300833333333332575e+01
8.371666666666666856e+01
9.074166666666664582e+01
8.982500000000001705e+01
8.675833333333332575e+01
8.624166666666667425e+01
8.060000000000002274e+01
9.596666666666666856e+01
8.652499999999997726e+01
9.510833333333334849e+01
9.001666666666667993e+01
9.300000000000000000e+01
8.654166666666665719e+01
8.938333333333332575e+01
8.305833333333333712e+01
9.173333333333334849e+01
8.404166666666665719e+01
8.294999999999998863e+01
8.319166666666666288e+01
8.252499999999997726e+01
8.319999999999998863e+01
8.898333333333334849e+01
9.250833333333332575e+01
8.719166666666666288e+01
8.775000000000000000e+01
8.902500000000000568e+01
9.050833333333332575e+01
8.995833333333334281e+01
8.576666666666667993e+01
8.428333333333333144e+01
8.999166666666667425e+01
9.273333333333332007e+01
8.823333333333332007e+01
8.571666666666666856e+01
9.073333333333334849e+01
8.330000000000001137e+01
8.699166666666664582e+01
8.900000000000000000e+01
8.434999999999999432e+01
9.134999999999999432e+01
9.282500000000001705e+01
8.451666666666667993e+01
8.829999999999998295e+01
8.923333333333332007e+01
9.022499999999999432e+01
8.925000000000000000e+01
8.774166666666664582e+01
9.152500000000000568e+01
8.576666666666667993e+01
8.565833333333333144e+01
9.350833333333332575e+01
8.976666666666665151e+01
8.580000000000001137e+01
8.953333333333335986e+01
9.198333333333334849e+01
8.880833333333333712e+01
9.831666666666666288e+01
9.353333333333333144e+01
9.550833333333332575e+01
9.477500000000000568e+01
1.114916666666666742e+02
1.224416666666666629e+02
1.248750000000000000e+02
1.144833333333333201e+02
1.205500000000000114e+02
1.222833333333333314e+02
1.245666666666666629e+02
1.200666666666666629e+02
1.200000000000000000e+02
1.103083333333333371e+02
1.107249999999999943e+02
1.080500000000000114e+02
1.007083333333333428e+02
1.059749999999999943e+02
1.021999999999999886e+02
9.780000000000001137e+01
9.176666666666667993e+01
1.030000000000000000e+02
9.670833333333331439e+01
9.947499999999999432e+01
9.680833333333333712e+01
1.097583333333333258e+02
1.094499999999999886e+02
1.100166666666666515e+02
9.806666666666669130e+01
1.052083333333333428e+02
1.025166666666666799e+02
1.010499999999999829e+02
9.859166666666666856e+01
9.298333333333332007e+01
1.007166666666666686e+02
9.671666666666666856e+01
1.007166666666666686e+02
9.130000000000001137e+01
1.022666666666666799e+02
9.750000000000000000e+01
8.830833333333333712e+01
9.480000000000001137e+01
9.424166666666667425e+01
9.176666666666667993e+01
9.951666666666665151e+01
1.045500000000000114e+02
1.115000000000000000e+02
1.232583333333333258e+02
1.175000000000000000e+02
1.172249999999999943e+02
1.257583333333333258e+02
1.140000000000000000e+02
1.167749999999999773e+02
1.140500000000000114e+02
1.120166666666666799e+02
1.122666666666666515e+02
9.491666666666665719e+01
1.032249999999999943e+02
9.725000000000000000e+01
9.598333333333332007e+01
9.059999999999999432e+01
1.031999999999999886e+02
9.930833333333333712e+01
1.028166666666666629e+02
9.852500000000000568e+01
9.905833333333333712e+01
1.040833333333333428e+02
9.952500000000000568e+01
9.625833333333335418e+01
9.828333333333333144e+01
9.424166666666667425e+01
9.050000000000000000e+01
9.195000000000001705e+01
1.028833333333333542e+02
8.977499999999997726e+01
9.976666666666667993e+01
1.024583333333333144e+02
9.647499999999999432e+01
9.798333333333332007e+01
9.672499999999999432e+01
1.025083333333333258e+02
1.045083333333333258e+02
1.024833333333333201e+02
9.527499999999997726e+01
1.002750000000000057e+02
9.749166666666664582e+01
9.994999999999998863e+01
1.003166666666666913e+02
9.500833333333332575e+01
1.049916666666666742e+02
9.561666666666667425e+01
1.017000000000000171e+02
9.993333333333333712e+01
1.054749999999999943e+02
1.052916666666666572e+02
1.027916666666666572e+02
1.012083333333333428e+02
9.805000000000001137e+01
1.075083333333333258e+02
1.040333333333333314e+02
1.050166666666666799e+02
1.035083333333333542e+02
1.033750000000000000e+02
1.045000000000000000e+02
9.450000000000000000e+01
1.017083333333333428e+02
9.500000000000000000e+01
9.918333333333333712e+01
1.016000000000000227e+02
1.047249999999999943e+02
1.115166666666666515e+02
1.065583333333333371e+02
1.022416666666666458e+02
1.065250000000000057e+02
1.075166666666666515e+02
1.033000000000000114e+02
1.038000000000000114e+02
1.059499999999999886e+02
1.062500000000000000e+02
1.120583333333333371e+02
1.102333333333333201e+02
1.045999999999999943e+02
1.054666666666666686e+02
1.065416666666666572e+02
1.000416666666666572e+02
1.072500000000000000e+02
1.085083333333333542e+02
1.083083333333333371e+02
1.072416666666666458e+02
1.113000000000000114e+02
1.162000000000000171e+02
1.092833333333333599e+02
1.105416666666666572e+02
1.152500000000000000e+02
1.122666666666666515e+02
1.049416666666666629e+02
1.115250000000000057e+02
1.121750000000000114e+02
1.102916666666666856e+02
1.125000000000000000e+02
1.144749999999999943e+02
1.123250000000000171e+02
1.165166666666666515e+02
1.175250000000000057e+02
1.196166666666666742e+02
1.174833333333333485e+02
1.207333333333333201e+02
1.179916666666666458e+02
1.157916666666666572e+02
1.209583333333333144e+02
1.245749999999999886e+02
1.175250000000000057e+02
1.227666666666666515e+02
1.267500000000000000e+02
1.267500000000000000e+02
1.207666666666666515e+02
1.180166666666666799e+02
1.245000000000000000e+02
1.270249999999999773e+02
1.243333333333333428e+02
1.295333333333333314e+02
1.274749999999999943e+02
1.329666666666666401e+02
1.247916666666666856e+02
1.310000000000000000e+02
1.307833333333333314e+02
1.322750000000000057e+02
1.289666666666666686e+02
1.284749999999999943e+02
1.252583333333333258e+02
1.292666666666666799e+02
1.295416666666666856e+02
1.302500000000000000e+02
1.312500000000000000e+02
1.350250000000000057e+02
1.334916666666666458e+02
1.320000000000000000e+02
1.329749999999999943e+02
1.340666666666666629e+02
1.352666666666666515e+02
1.340083333333333542e+02
1.336666666666666572e+02
1.354833333333333201e+02
1.267500000000000000e+02
1.329916666666666742e+02
1.397249999999999943e+02
1.377833333333333314e+02
1.404916666666666742e+02
1.319833333333333485e+02
1.327666666666666799e+02
1.422500000000000000e+02
1.393083333333333371e+02
1.437416666666666742e+02
1.503083333333333371e+02
1.567750000000000057e+02
1.655333333333333314e+02
1.602916666666666572e+02
1.812666666666666515e+02
1.834749999999999943e+02
1.865666666666666629e+02
1.969833333333333201e+02
1.948333333333333428e+02
1.942083333333333428e+02
1.870333333333333314e+02
1.917916666666666572e+02
1.837666666666666799e+02
1.842166666666666686e+02
1.737416666666666742e+02
1.660000000000000000e+02
1.613250000000000171e+02
1.727999999999999829e+02
1.675499999999999829e+02
1.695166666666666799e+02
1.677750000000000057e+02
1.609749999999999943e+02
1.752166666666666401e+02
1.645083333333333258e+02
1.798333333333333428e+02
1.787750000000000057e+02
1.826500000000000057e+02
1.884749999999999943e+02
1.887833333333333314e+02
1.924916666666666458e+02
1.994666666666666686e+02
1.945666666666666629e+02
2.095333333333333314e+02
2.040333333333333314e+02
2.109749999999999943e+02
2.003333333333333428e+02
2.062333333333333485e+02
2.124916666666666742e+02
2.042583333333333258e+02
1.946083333333333201e+02
2.085083333333333258e+02
2.119583333333333428e+02
2.037916666666666572e+02
2.272416666666666742e+02
2.317916666666666572e+02
2.369666666666666686e+02
2.360333333333333314e+02
2.375416666666666572e+02
2.452166666666666686e+02
2.528333333333333428e+02
2.591916666666666629e+02
2.654583333333333712e+02
2.642500000000000000e+02
2.825166666666666515e+02
2.940083333333333258e+02
2.962250000000000227e+02
3.097083333333333712e+02
3.267166666666666970e+02
3.455083333333333258e+02
3.537583333333333258e+02
3.654416666666666629e+02
3.887500000000000000e+02
4.220583333333333371e+02
4.405000000000000000e+02
4.773583333333333485e+02
5.112166666666666970e+02
5.484500000000000455e+02
5.760499999999999545e+02
6.240333333333333030e+02
6.540083333333333258e+02
7.404833333333333485e+02
8.152000000000000455e+02
9.034500000000000455e+02
1.037466666666666697e+03
1.160775000000000091e+03
1.269500000000000000e+03
1.395033333333333303e+03
1.533224999999999909e+03
1.713941666666666606e+03
1.876241666666666788e+03
2.173525000000000091e+03
2.646025000000000091e+03
3.396033333333333303e+03
4.871058333333333394e+03
7.672433333333334303e+03
1.203104999999999927e+04
1.623620833333333212e+04
1.919304166666666424e+04
2.065679999999999927e+04
2.125475833333333139e+04
2.123777500000000146e+04
2.138401666666666642e+04
2.084301666666666642e+04
1.931870833333333576e+04
1.668059166666666715e+04
1.288253333333333285e+04
8.616950000000000728e+03
5.583274999999999636e+03
4.331774999999999636e+03
4.226483333333333576e+03
5.060816666666666606e+03
7.277475000000000364e+03
1.138501666666666642e+04
1.587570833333333394e+04
1.934673333333333358e+04
2.131753333333333285e+04
2.207072499999999854e+04
2.216949166666666861e+04
2.228604999999999927e+04
2.191504999999999927e+04
2.063253333333333285e+04
1.807847499999999854e+04
1.436051666666666642e+04
9.686000000000000000e+03
5.701975000000000364e+03
3.579699999999999818e+03
2.569241666666666788e+03
1.949233333333333121e+03
1.587791666666666742e+03
1.321250000000000000e+03
1.102766666666666652e+03
9.420000000000000000e+02
8.325833333333332575e+02
7.357583333333333258e+02
6.468333333333332575e+02
6.017749999999999773e+02
5.346833333333333940e+02
5.053000000000000114e+02
4.505500000000000114e+02
4.237083333333333144e+02
3.922749999999999773e+02
3.692333333333333485e+02
3.480000000000000000e+02
3.377583333333333258e+02
3.148249999999999886e+02
3.081916666666666629e+02
3.029583333333333712e+02
2.853250000000000455e+02
2.887833333333333030e+02
2.722749999999999773e+02
2.672749999999999773e+02
2.612833333333333030e+02
2.442916666666666856e+02
2.475583333333333371e+02
2.544166666666666856e+02
2.377333333333333485e+02
2.265166666666666515e+02
2.112500000000000000e+02
2.127333333333333485e+02
1.935333333333333314e+02
1.944916666666666742e+02
1.890249999999999773e+02
1.895166666666666799e+02
1.805666666666666629e+02
1.772500000000000000e+02
1.677583333333333542e+02
1.802583333333333542e+02
1.805000000000000000e+02
1.770083333333333258e+02
1.714500000000000171e+02
1.762916666666666856e+02
1.689916666666666458e+02
1.623499999999999943e+02
1.625500000000000114e+02
1.634333333333333371e+02
1.605416666666666856e+02
1.517333333333333485e+02
1.574333333333333371e+02
1.547749999999999773e+02
1.480749999999999886e+02
1.452500000000000000e+02
1.454666666666666686e+02
1.463000000000000114e+02
1.562249999999999943e+02
1.495166666666666799e+02
1.462833333333333314e+02
1.465333333333333314e+02
1.500833333333333428e+02
1.500166666666666515e+02
1.674749999999999943e+02
1.774666666666666686e+02
1.759583333333333428e+02
1.729833333333333201e+02
1.802583333333333258e+02
1.827500000000000000e+02
1.829583333333333428e+02
1.717166666666666401e+02
1.790000000000000000e+02
1.727416666666666742e+02
1.702416666666666742e+02
1.590416666666666856e+02
1.505083333333333542e+02
1.487916666666666856e+02
1.470833333333333428e+02
1.450583333333333371e+02
1.388083333333333371e+02
1.422666666666666515e+02
1.482916666666666856e+02
1.385333333333333314e+02
1.407916666666666856e+02
1.353416666666666686e+02
1.452333333333333201e+02
1.419499999999999886e+02
1.485333333333333314e+02
1.502416666666666458e+02
1.499833333333333201e+02
1.462416666666666742e+02
1.444916666666666458e+02
1.552916666666666856e+02
1.468333333333333144e+02
1.467749999999999773e+02
1.571999999999999886e+02
1.512583333333333258e+02
1.502833333333333314e+02
1.615666666666666913e+02
1.541833333333333371e+02
1.545166666666666799e+02
1.485583333333333371e+02
1.575083333333333542e+02
1.620083333333333258e+02
1.532750000000000057e+02
1.619833333333333201e+02
1.677583333333333542e+02
1.677666666666666515e+02
1.702166666666666686e+02
1.720416666666666572e+02
1.675500000000000114e+02
1.712583333333333542e+02
1.699916666666666458e+02
1.707999999999999829e+02
1.735000000000000000e+02
1.707916666666666856e+02
1.661750000000000114e+02
1.707083333333333428e+02
1.704749999999999943e+02
1.664833333333333485e+02
1.672916666666666572e+02
1.720333333333333599e+02
1.667249999999999943e+02
1.806083333333333485e+02
1.700083333333333542e+02
1.745749999999999886e+02
1.707500000000000000e+02
1.752833333333333314e+02
1.816750000000000114e+02
1.869666666666666686e+02
1.737500000000000000e+02
1.847666666666666799e+02
1.748499999999999943e+02
1.790000000000000000e+02
1.899916666666666742e+02
1.870083333333333258e+02
1.815083333333333258e+02
1.799833333333333201e+02
1.764916666666666742e+02
1.797833333333333314e+02
1.832416666666666742e+02
1.800250000000000057e+02
1.807333333333333201e+02
1.851749999999999829e+02
1.740083333333333258e+02
1.785083333333333258e+02
1.763083333333333371e+02
1.797583333333333542e+02
1.795166666666666799e+02
1.852500000000000000e+02
1.857666666666666799e+02
1.840666666666666629e+02
1.829916666666666742e+02
1.942500000000000000e+02
1.960666666666666629e+02
2.030249999999999773e+02
2.056833333333333371e+02
1.960000000000000000e+02
1.995666666666666913e+02
2.009500000000000171e+02
2.052333333333333201e+02
2.030666666666666629e+02
2.057749999999999773e+02
2.021416666666666799e+02
2.097833333333333314e+02
2.225583333333333371e+02
2.100833333333333144e+02
2.175500000000000114e+02
2.147250000000000227e+02
2.147416666666666742e+02
2.302583333333333258e+02
2.253833333333333258e+02
2.200833333333333428e+02
2.332416666666666458e+02
2.337249999999999943e+02
2.355750000000000171e+02
2.471166666666666742e+02
2.335250000000000057e+02
2.450916666666666686e+02
2.440916666666666686e+02
2.515499999999999829e+02
2.512416666666666742e+02
2.570166666666666515e+02
2.624916666666666742e+02
2.505250000000000057e+02
2.665666666666666629e+02
2.687333333333333485e+02
2.614583333333333712e+02
2.850500000000000114e+02
2.745416666666666288e+02
2.882333333333333485e+02
2.972833333333333599e+02
3.007166666666666970e+02
2.970083333333333258e+02
3.057416666666666742e+02
3.157916666666666288e+02
3.190083333333333258e+02
3.290500000000000114e+02
3.202250000000000227e+02
3.422749999999999773e+02
3.435249999999999773e+02
3.599916666666666742e+02
3.745166666666666515e+02
3.805000000000000000e+02
3.897916666666666288e+02
3.949083333333333030e+02
4.117583333333333258e+02
4.405083333333333258e+02
4.502250000000000227e+02
4.635416666666666856e+02
5.049833333333333485e+02
5.397500000000000000e+02
5.885083333333333258e+02
6.240416666666666288e+02
7.039666666666666970e+02
7.657333333333333485e+02
8.259416666666666060e+02
8.924833333333333485e+02
9.981666666666666288e+02
1.085791666666666515e+03
1.183016666666666652e+03
1.302400000000000091e+03
1.421208333333333485e+03
1.495216666666666697e+03
1.584275000000000091e+03
1.713408333333333303e+03
1.784724999999999909e+03
1.914224999999999909e+03
2.074750000000000000e+03
2.173991666666666788e+03
2.347974999999999909e+03
2.593308333333333394e+03
2.849533333333333303e+03
3.251208333333333485e+03
3.849016666666666879e+03
4.770341666666667152e+03
6.722758333333333212e+03
1.215123333333333358e+04
2.536552500000000146e+04
3.901259166666666715e+04
4.605450833333333139e+04
4.753997500000000582e+04
4.705325000000000000e+04
4.547224166666666861e+04
4.521880833333333430e+04
4.520155833333333430e+04
4.327284999999999854e+04
3.766174166666666861e+04
2.618503333333333285e+04
1.156425000000000000e+04
2.910008333333333212e+03
1.114758333333333212e+03
7.267416666666666742e+02
5.535166666666666515e+02
4.577166666666666970e+02
4.022916666666666856e+02
3.659833333333333485e+02
3.330583333333333371e+02
3.070083333333333258e+02
2.965083333333333258e+02
2.775499999999999545e+02
2.635333333333333030e+02
2.605000000000000000e+02
2.487416666666666458e+02
2.473249999999999886e+02
2.505249999999999773e+02
2.464333333333333371e+02
2.302833333333333599e+02
2.337166666666666401e+02
2.255000000000000000e+02
2.339750000000000227e+02
2.229749999999999943e+02
2.270166666666666799e+02
2.224416666666666629e+02
2.295250000000000057e+02
2.160249999999999773e+02
2.107249999999999943e+02
2.065416666666666856e+02
2.093166666666666629e+02
2.007750000000000057e+02
2.037166666666666686e+02
2.107916666666666572e+02
2.232833333333333599e+02
1.995500000000000114e+02
2.087999999999999829e+02
2.145583333333333371e+02
2.135666666666666629e+02
2.160166666666666515e+02
2.127583333333333258e+02
2.199833333333333485e+02
2.205166666666666515e+02
2.139749999999999943e+02
2.078583333333333485e+02
2.181916666666666629e+02
2.089833333333333201e+02
2.007249999999999943e+02
2.030250000000000057e+02
2.045000000000000000e+02
2.069666666666666401e+02
2.070000000000000000e+02
2.145333333333333314e+02
1.970250000000000057e+02
2.123083333333333371e+02
2.030083333333333258e+02
2.080333333333333314e+02
1.982249999999999943e+02
2.022750000000000057e+02
1.982583333333333542e+02
1.992416666666666742e+02
1.970750000000000171e+02
1.970166666666666799e+02
1.993166666666666913e+02
1.972249999999999943e+02
2.078416666666666686e+02
2.100166666666666799e+02
2.155083333333333258e+02
2.180166666666666515e+02
2.243166666666666629e+02
2.275000000000000000e+02
2.402166666666666686e+02
2.379583333333333144e+02
2.330250000000000057e+02
2.364666666666666686e+02
2.459583333333333144e+02
2.337333333333333485e+02
2.290083333333333542e+02
2.245166666666666515e+02
2.152750000000000057e+02
2.080583333333333371e+02
2.082500000000000000e+02
2.075000000000000000e+02
1.972666666666666799e+02
1.940166666666666515e+02
1.885166666666666515e+02
1.937750000000000057e+02
1.925083333333333542e+02
1.858250000000000171e+02
1.845000000000000000e+02
1.892083333333333144e+02
1.784833333333333201e+02
1.727416666666666742e+02
1.823166666666666629e+02
1.832500000000000000e+02
1.802833333333333314e+02
1.702916666666666856e+02
1.800499999999999829e+02
1.732916666666666572e+02
1.797833333333333599e+02
1.747583333333333258e+02
1.792166666666666686e+02
1.740250000000000057e+02
1.749833333333333485e+02
1.747666666666666515e+02
1.737416666666666458e+02
1.792749999999999773e+02
1.716916666666666629e+02
1.709833333333333201e+02
1.827999999999999829e+02
1.770500000000000114e+02
1.770583333333333371e+02
1.695250000000000057e+02
1.722333333333333201e+02
1.760333333333333314e+02
1.741916666666666629e+02
1.807666666666666799e+02
1.782500000000000000e+02
1.690250000000000057e+02
1.725666666666666629e+02
1.715000000000000000e+02
1.647583333333333258e+02
1.672249999999999943e+02
1.597500000000000000e+02
1.622333333333333485e+02
1.542500000000000000e+02
1.477750000000000057e+02
1.652666666666666799e+02
1.710416666666666856e+02
1.572416666666666742e+02
1.727500000000000000e+02
1.590583333333333087e+02
1.645666666666666629e+02
1.610666666666666629e+02
1.585166666666666799e+02
1.555166666666666515e+02
1.625416666666666572e+02
1.525500000000000114e+02
1.571833333333333371e+02
1.612500000000000000e+02
1.542750000000000057e+02
1.550583333333333371e+02
1.572500000000000000e+02
1.527833333333333599e+02
1.616916666666666629e+02
1.603499999999999943e+02
1.501416666666666515e+02
1.535500000000000114e+02
1.560249999999999773e+02
1.551833333333333087e+02
1.503083333333333371e+02
1.607999999999999829e+02
1.574749999999999943e+02
1.592333333333333201e+02
1.570500000000000114e+02
1.577666666666666799e+02
1.584583333333333428e+02
1.572500000000000000e+02
1.427583333333333258e+02
1.477166666666666401e+02
1.592916666666666856e+02
1.622166666666666686e+02
1.550166666666666515e+02
1.577833333333333314e+02
1.565916666666666686e+02
1.612416666666666458e+02
1.620166666666666799e+02
1.533083333333333371e+02
1.555333333333333314e+02
1.520000000000000000e+02
1.553166666666666629e+02
1.527916666666666572e+02
1.579666666666666686e+02
1.535666666666666913e+02
1.566916666666666629e+02
1.461250000000000000e+02
1.517916666666666572e+02
1.602416666666666458e+02
1.602999999999999829e+02
1.527666666666666799e+02
1.654666666666666686e+02
1.612416666666666742e+02
1.535916666666666686e+02
1.519666666666666401e+02
1.665250000000000057e+02
1.500250000000000057e+02
1.561166666666666742e+02
1.595499999999999829e+02
1.618916666666666515e+02
1.527083333333333428e+02
1.582249999999999943e+02
1.500666666666666629e+02
1.564749999999999943e+02
1.577833333333333314e+02
1.472416666666666742e+02
1.607083333333333428e+02
1.577750000000000057e+02
1.645500000000000114e+02
1.602000000000000171e+02
1.584416666666666629e+02
1.607999999999999829e+02
1.528166666666666629e+02
1.582249999999999943e+02
1.655666666666666913e+02
1.592583333333333258e+02
1.478499999999999943e+02
1.575000000000000000e+02
1.562249999999999943e+02
1.563416666666666686e+02
1.617500000000000000e+02
1.622500000000000000e+02
1.576916666666666629e+02
1.625416666666666572e+02
1.620416666666666572e+02
1.657333333333333201e+02
1.610416666666666572e+02
1.717083333333333428e+02
1.687666666666666515e+02
1.715083333333333258e+02
1.710333333333333314e+02
1.697583333333333258e+02
1.710000000000000000e+02
1.704416666666666629e+02
1.627083333333333428e+02
1.702833333333333599e+02
1.707166666666666686e+02
1.677583333333333258e+02
1.672500000000000000e+02
1.739833333333333485e+02
1.680416666666666856e+02
1.578250000000000171e+02
1.750250000000000057e+02
1.645499999999999829e+02
1.672333333333333485e+02
1.640416666666666856e+02
1.594833333333333485e+02
1.667666666666666799e+02
1.725333333333333599e+02
1.672583333333333258e+02
2.089499999999999886e+02
2.225333333333333314e+02
2.422666666666666799e+02
2.392333333333333201e+02
2.393333333333333144e+02
2.375166666666666799e+02
2.404666666666666686e+02
2.482500000000000000e+02
2.385000000000000000e+02
2.272416666666666458e+02
2.184749999999999943e+02
1.785250000000000057e+02
1.768083333333333087e+02
1.772333333333333201e+02
1.730416666666666856e+02
1.735166666666666515e+02
1.722750000000000057e+02
1.859833333333333201e+02
1.822500000000000000e+02
1.754666666666666686e+02
1.820083333333333258e+02
1.999833333333333485e+02
1.803083333333333371e+02
1.957749999999999773e+02
1.968500000000000227e+02
2.104666666666666686e+02
2.192083333333333428e+02
2.167416666666666458e+02
2.386999999999999886e+02
2.532416666666666742e+02
2.432333333333333201e+02
2.632333333333333485e+02
2.855583333333333371e+02
3.175416666666666856e+02
3.334916666666666742e+02
3.452666666666666515e+02
3.742749999999999773e+02
3.965583333333333371e+02
4.015083333333333258e+02
4.222416666666666742e+02
4.320333333333333030e+02
4.399416666666666629e+02
4.401749999999999545e+02
4.497333333333333485e+02
4.412833333333333599e+02
4.602416666666666742e+02
4.607666666666666515e+02
4.802583333333333258e+02
4.953166666666666060e+02
4.969666666666666970e+02
5.414916666666666742e+02
5.732583333333333258e+02
6.512583333333333258e+02
7.784500000000000455e+02
1.014450000000000045e+03
1.919791666666666742e+03
6.220466666666667152e+03
1.059504166666666788e+04
1.214545833333333212e+04
1.236969166666666570e+04
1.220013333333333321e+04
1.136670000000000073e+04
1.161591666666666788e+04
1.181779166666666788e+04
1.137675000000000000e+04
1.037639999999999964e+04
7.292258333333333212e+03
2.450733333333333576e+03
5.129916666666666742e+02
2.965416666666666288e+02
2.439583333333333144e+02
2.249666666666666686e+02
2.071583333333333314e+02
2.010500000000000114e+02
1.954916666666666742e+02
1.895583333333333371e+02
1.827666666666666799e+02
1.875166666666666799e+02
1.857166666666666686e+02
1.809833333333333201e+02
1.853750000000000000e+02
1.809166666666666572e+02
1.800166666666666515e+02
1.782000000000000171e+02
1.897916666666666856e+02
1.783083333333333371e+02
1.857750000000000057e+02
1.854499999999999886e+02
1.777333333333333201e+02
1.840416666666666572e+02
1.742583333333333542e+02
1.869833333333333485e+02
1.862083333333333428e+02
1.780500000000000114e+02
1.836999999999999886e+02
1.774749999999999943e+02
1.784916666666666742e+02
1.799749999999999943e+02
1.795499999999999829e+02
1.729666666666666686e+02
1.702833333333333314e+02
1.757333333333333201e+02
1.697666666666666799e+02
1.690750000000000171e+02
1.650000000000000000e+02
1.687750000000000057e+02
1.695333333333333314e+02
1.745750000000000171e+02
1.695833333333333428e+02
1.704749999999999943e+02
1.787750000000000057e+02
1.682416666666666458e+02
1.686666666666666572e+02
1.715083333333333258e+02
1.677666666666666799e+02
1.698499999999999943e+02
1.734333333333333371e+02
1.597833333333333314e+02
1.660333333333333314e+02
1.635500000000000114e+02
1.707666666666666799e+02
1.647583333333333258e+02
1.679666666666666686e+02
1.605166666666666799e+02
1.680500000000000114e+02
1.682833333333333314e+02
1.671916666666666629e+02
1.650166666666666799e+02
1.641083333333333485e+02
1.627000000000000171e+02
1.678083333333333371e+02
1.687583333333333258e+02
1.552916666666666856e+02
1.683833333333333258e+02
1.689583333333333428e+02
1.682333333333333485e+02
1.740333333333333314e+02
1.653250000000000171e+02
1.612583333333333258e+02
1.637166666666666686e+02
1.647166666666666401e+02
1.689583333333333428e+02
1.666833333333333087e+02
1.595083333333333542e+02
1.682666666666666799e+02
1.700583333333333371e+02
1.647500000000000000e+02
1.662416666666666458e+02
1.707416666666666742e+02
1.637083333333333428e+02
1.664666666666666686e+02
1.605749999999999886e+02
1.664916666666666458e+02
1.627583333333333258e+02
1.659666666666666686e+02
1.679916666666666742e+02
1.625083333333333258e+02
1.792249999999999943e+02
1.867583333333333542e+02
2.042166666666666686e+02
2.082416666666666742e+02
2.212583333333333542e+02
2.270833333333333428e+02
2.157666666666666799e+02
2.207916666666666856e+02
2.284416666666666629e+02
2.104666666666666686e+02
2.192999999999999829e+02
2.035083333333333258e+02
1.844833333333333201e+02
1.784583333333333144e+02
1.687666666666666799e+02
1.597500000000000000e+02
1.624833333333333485e+02
1.594583333333333144e+02
1.530000000000000000e+02
1.541166666666666742e+02
1.557166666666666686e+02
1.610250000000000057e+02
1.614499999999999886e+02
1.593083333333333371e+02
1.619500000000000171e+02
1.618166666666666629e+02
1.654916666666666458e+02
1.655333333333333314e+02
1.615083333333333258e+02
1.587083333333333144e+02
1.535500000000000114e+02
1.662333333333333201e+02
1.664416666666666629e+02
1.669666666666666686e+02
1.724583333333333144e+02
1.846666666666666572e+02
2.032333333333333485e+02
2.584750000000000227e+02
3.282416666666666742e+02
3.507083333333333712e+02
3.700083333333333258e+02
3.702166666666666970e+02
3.635249999999999773e+02
3.637083333333333712e+02
3.618000000000000114e+02
3.544500000000000455e+02
3.294750000000000227e+02
2.952416666666666742e+02
2.314583333333333428e+02
2.032333333333333201e+02
1.695000000000000000e+02
1.642250000000000227e+02
1.627333333333333485e+02
1.538250000000000171e+02
1.661916666666666629e+02
1.594833333333333201e+02
1.606833333333333371e+02
1.590333333333333314e+02
1.664833333333333485e+02
1.560166666666666799e+02
1.647250000000000227e+02
1.615166666666666799e+02
1.568333333333333144e+02
1.579416666666666629e+02
1.539416666666666629e+02
1.610000000000000000e+02
1.609833333333333485e+02
1.594749999999999943e+02
1.667416666666666458e+02
1.609416666666666629e+02
1.597333333333333201e+02
1.724833333333333485e+02
1.672333333333333485e+02
1.567166666666666686e+02
1.593166666666666629e+02
1.535083333333333258e+02
1.535416666666666572e+02
1.519916666666666742e+02
1.586666666666666856e+02
1.555000000000000000e+02
1.545000000000000000e+02
1.625083333333333258e+02
1.534666666666666686e+02
1.527083333333333144e+02
1.549916666666666742e+02
1.669499999999999886e+02
1.634166666666666856e+02
1.655166666666666799e+02
1.640000000000000000e+02
1.635749999999999886e+02
1.585583333333333371e+02
1.607416666666666458e+02
1.647750000000000057e+02
1.610166666666666515e+02
1.635250000000000057e+02
1.647333333333333201e+02
1.512083333333333428e+02
1.623000000000000114e+02
1.629583333333333428e+02
1.627500000000000000e+02
1.735083333333333258e+02
1.762083333333333144e+02
1.756583333333333314e+02
1.802500000000000000e+02
1.777250000000000227e+02
1.843250000000000171e+02
1.897500000000000000e+02
2.010083333333333258e+02
1.965166666666666799e+02
2.117083333333333144e+02
2.045500000000000114e+02
2.230000000000000000e+02
2.186999999999999886e+02
2.409916666666666742e+02
2.529583333333333428e+02
2.480333333333333314e+02
2.519499999999999886e+02
2.634416666666666629e+02
2.721083333333333485e+02
2.747333333333333485e+02
2.859750000000000227e+02
3.067083333333333712e+02
4.110083333333333258e+02
1.256250000000000000e+03
2.190974999999999909e+03
2.453266666666666424e+03
2.498758333333333212e+03
2.507233333333333576e+03
2.295283333333333303e+03
2.434508333333333212e+03
2.575308333333333394e+03
3.013566666666666606e+03
4.627758333333333212e+03
5.529541666666666970e+03
4.751283333333332848e+03
4.383750000000000000e+03
4.183991666666666788e+03
3.787533333333333303e+03
4.058083333333333030e+03
3.989158333333333303e+03
3.819250000000000000e+03
3.382516666666666424e+03
2.120441666666666606e+03
5.111666666666666288e+02
2.134583333333333428e+02
1.742333333333333485e+02
1.569916666666666458e+02
1.526833333333333087e+02
1.534833333333333201e+02
1.545000000000000000e+02
1.447750000000000057e+02
1.519333333333333087e+02
1.484916666666666742e+02
1.361916666666666629e+02
1.433333333333333428e+02
1.446916666666666629e+02
1.451750000000000114e+02
1.362333333333333485e+02
1.449749999999999943e+02
1.335083333333333258e+02
1.379916666666666742e+02
1.389499999999999886e+02
1.372083333333333428e+02
1.439916666666666742e+02
1.319749999999999943e+02
1.416999999999999886e+02
1.395000000000000000e+02
1.375250000000000057e+02
1.394583333333333428e+02
1.417833333333333314e+02
1.312249999999999943e+02
1.400166666666666799e+02
1.459666666666666686e+02
1.395083333333333258e+02
1.345166666666666799e+02
1.357166666666666686e+02
1.330666666666666629e+02
1.375250000000000057e+02
1.329916666666666742e+02
1.379499999999999886e+02
1.262750000000000057e+02
1.422166666666666686e+02
1.350000000000000000e+02
1.367249999999999943e+02
1.351833333333333087e+02
1.349833333333333485e+02
1.362333333333333201e+02
1.405416666666666856e+02
1.362999999999999829e+02
1.460333333333333314e+02
1.477583333333333542e+02
1.484499999999999886e+02
1.512666666666666799e+02
1.652833333333333314e+02
1.960083333333333258e+02
5.592166666666666970e+02
1.045483333333333348e+03
1.178224999999999909e+03
1.194474999999999909e+03
1.177025000000000091e+03
1.086525000000000091e+03
1.094233333333333348e+03
1.128441666666666606e+03
1.075250000000000000e+03
1.032483333333333348e+03
8.261833333333333940e+02
3.464833333333333485e+02
1.559916666666666742e+02
1.357583333333333258e+02
1.319916666666666742e+02
1.384749999999999943e+02
1.382083333333333144e+02
1.399750000000000227e+02
1.289833333333333201e+02
1.292500000000000000e+02
1.414833333333333201e+02
1.314583333333333144e+02
1.257750000000000057e+02
1.292249999999999943e+02
1.370166666666666799e+02
1.288999999999999773e+02
1.341833333333333371e+02
1.315333333333333314e+02
1.375333333333333314e+02
1.372250000000000227e+02
1.365166666666666799e+02
1.424333333333333371e+02
1.479666666666666686e+02
1.602249999999999943e+02
2.527083333333333428e+02
4.940000000000000000e+02
1.024158333333333303e+03
1.644041666666666515e+03
1.753491666666666788e+03
1.757433333333333394e+03
1.686466666666666697e+03
1.584491666666666788e+03
1.617741666666666788e+03
1.615241666666666788e+03
1.527708333333333485e+03
1.299466666666666697e+03
9.204916666666666742e+02
3.348583333333333485e+02
1.364916666666666742e+02
1.245583333333333371e+02
1.279749999999999943e+02
1.310083333333333258e+02
1.260416666666666856e+02
1.238083333333333371e+02
1.257249999999999943e+02
1.215000000000000000e+02
1.147583333333333258e+02
1.207416666666666742e+02
1.159833333333333201e+02
1.051833333333333371e+02
9.648333333333332007e+01
9.072499999999999432e+01
8.950000000000000000e+01
8.623333333333332007e+01
9.119166666666666288e+01
8.721666666666666856e+01
9.092499999999998295e+01
8.673333333333332007e+01
9.049166666666667425e+01
8.509999999999999432e+01
8.924166666666664582e+01
8.846666666666666856e+01
8.641666666666665719e+01
8.875000000000000000e+01
8.247499999999999432e+01
8.621666666666666856e+01
9.177500000000000568e+01
7.994166666666666288e+01
7.945833333333334281e+01
8.302500000000000568e+01
8.475833333333332575e+01
8.252500000000000568e+01
8.476666666666667993e+01
8.371666666666666856e+01
8.096666666666666856e+01
7.903333333333333144e+01
7.401666666666665151e+01
7.847500000000002274e+01
7.273333333333332007e+01
7.496666666666666856e+01
7.425000000000000000e+01
7.494166666666666288e+01
