9.774443406191242190e-01
9.871739535524728382e-01
9.875989691765710843e-01
1.001217390929920459e+00
9.879295104080090262e-01
9.856701458073506839e-01
9.753443799086618515e-01
9.842170740795921358e-01
1.001762915884158112e+00
9.937951107423338426e-01
9.930608998527565845e-01
9.919278957354296100e-01
9.945369340479127684e-01
9.934743790810121045e-01
9.938891036893860997e-01
1.000978342487846895e+00
1.003599082274810650e+00
1.022696054467800320e+00
1.019423900504165870e+00
1.022045362429367721e+00
1.021334510285476282e+00
1.016849608765324708e+00
1.023816095933314463e+00
1.022815646332092987e+00
1.011225586118519759e+00
1.033689087128354167e+00
1.024881751959281440e+00
1.029260408362221213e+00
1.034623044726465713e+00
1.045385354391118904e+00
1.029814135825363186e+00
1.032520946262247996e+00
1.035828532728673146e+00
1.046975291551633047e+00
1.043625195191936861e+00
1.037596752578998638e+00
1.036227551835614547e+00
1.043814238858594701e+00
1.059830818315262935e+00
1.053413251872481693e+00
1.052928616650943283e+00
1.072945324790766097e+00
1.065711903950424366e+00
1.053960437855378407e+00
1.086057301588382984e+00
1.075371337657102133e+00
1.062188833030161650e+00
1.065818504226398789e+00
1.054186568576708005e+00
1.051632946662068635e+00
1.041940979791117661e+00
1.038638207253296919e+00
1.024539644630287460e+00
1.018684823570018994e+00
1.025998276369974205e+00
1.030591549846854083e+00
1.014348500052550284e+00
1.016790249438742855e+00
1.016448896640012256e+00
1.011613784835845742e+00
1.023102260132887853e+00
1.027118969646604318e+00
1.018359287749532882e+00
1.011634243374905040e+00
1.006625320373728538e+00
9.922554774754935858e-01
9.981133148053121795e-01
9.942960056296017424e-01
1.011863059891491057e+00
9.997911433731464514e-01
1.006576660653318411e+00
1.016222995090638959e+00
1.009515249614514554e+00
9.923990092774933602e-01
1.005385840537945663e+00
1.017652147945712571e+00
1.009120593606109395e+00
1.020799888892210072e+00
1.011475303126270431e+00
1.010217669356403336e+00
1.014890472497060214e+00
1.024969123495105050e+00
1.020919404001701780e+00
1.011861696327411630e+00
1.000693686105006197e+00
1.023032909847643168e+00
1.009110424132138251e+00
9.920149685883272728e-01
9.800600124992101536e-01
9.879819815259597293e-01
9.994207288253363908e-01
9.878949555263242255e-01
9.830720151139266116e-01
9.781586391437406824e-01
9.753040485355944922e-01
9.638035395815152118e-01
9.575111089905400386e-01
9.558715067069859517e-01
9.553760102379608155e-01
9.405980998967632400e-01
9.431297548963647470e-01
9.254992336043535994e-01
9.215261715667695253e-01
9.090946615463083580e-01
8.995616625439843972e-01
8.792005237399005413e-01
8.808067645891310971e-01
8.892688885488968520e-01
8.667856626533451125e-01
8.607503227630322051e-01
8.598739191735919052e-01
8.500848206747096958e-01
8.455178304361227193e-01
8.594091276509941979e-01
8.606718359177982780e-01
8.818874586856980669e-01
8.837837705742646044e-01
8.907342315287321011e-01
8.910727402570162159e-01
8.892144756771528380e-01
8.801093130197737979e-01
8.627445524310648484e-01
8.466170376774670991e-01
8.279669385982648677e-01
7.900533065234296437e-01
7.546024230792691689e-01
7.063157095581306111e-01
6.700692276999538066e-01
6.447111819426429857e-01
6.586063785405152915e-01
6.799058430023426913e-01
7.038031986689003983e-01
7.421769088991027052e-01
7.838265426038351080e-01
8.289558927172530067e-01
8.790016764241453950e-01
9.278040607426069064e-01
9.762706348181695581e-01
1.009406193917115502e+00
1.053777392053323769e+00
1.060430197723552403e+00
1.068628735601350854e+00
1.055825889831466080e+00
1.070456724097621271e+00
1.053379488653936047e+00
1.057301547070577108e+00
1.070862763152952590e+00
1.060498557200364012e+00
1.068306416097125178e+00
1.056037980916175734e+00
1.061746866231578545e+00
1.067892087466013384e+00
1.055199313391091520e+00
1.057280119749059999e+00
1.045758317693078476e+00
1.050820861304461395e+00
1.047491376100183835e+00
1.044534196213551702e+00
1.046709735544850695e+00
1.036029930238497876e+00
1.060218016462066926e+00
1.060675049371030854e+00
1.069917694648871098e+00
1.059446006899938730e+00
1.073776359727915519e+00
1.063195201706401471e+00
1.058568227339187429e+00
1.051275238155315206e+00
1.060512043111417224e+00
1.057003146279469341e+00
1.056817931020501922e+00
1.054045300275668895e+00
1.072924502630032917e+00
1.063132183317189394e+00
1.064127041693463172e+00
1.048492638144593592e+00
1.069389953383976577e+00
1.067928504861116012e+00
1.069539083352010422e+00
1.056777066183578029e+00
1.047622167718829544e+00
1.048541826426250267e+00
1.054357628979090356e+00
1.060929869906926726e+00
1.063672255386371557e+00
1.058045368899690031e+00
1.053941082611268731e+00
1.055079293055767753e+00
1.058135503715737169e+00
1.044386246961695797e+00
1.056685881211697042e+00
1.046167868883828511e+00
1.053097829064120861e+00
1.061742853367885209e+00
1.052128908142434094e+00
1.056070566046325876e+00
1.061186351589514798e+00
1.044595727604704205e+00
1.044750269341099269e+00
1.057621253438504327e+00
1.055058560809414292e+00
1.051465810016176672e+00
1.045048717495266510e+00
1.044332708241385577e+00
1.061343035391968170e+00
1.049611361625608197e+00
1.050768904415663840e+00
1.052125270188298822e+00
1.048681188766587891e+00
1.049580203730422046e+00
1.060194510478717822e+00
1.052365450059921770e+00
1.060735508835373597e+00
1.050188296490125017e+00
1.054634978607122076e+00
1.044227064483774781e+00
1.042512976373934253e+00
1.039184765251475406e+00
1.038003194299763177e+00
1.037664747631573459e+00
1.038790660263179122e+00
1.037006222797766108e+00
1.039805542460017884e+00
1.027521272054727319e+00
1.037295243188821381e+00
1.039923508488178827e+00
1.042492134402709159e+00
1.043152801464830803e+00
1.033506697198281143e+00
1.037810977818276692e+00
1.028257885295132512e+00
1.042842421137564424e+00
1.033579457239920174e+00
1.023287449042326491e+00
1.027430910441490708e+00
1.028768796493561677e+00
1.022957039558162196e+00
1.029666000812791138e+00
1.020307825689972248e+00
1.031055218036092125e+00
1.030944653401427491e+00
1.034016658081983175e+00
1.026900686046763544e+00
1.031080596070229172e+00
1.032235216997173133e+00
1.029082963193760802e+00
1.028648509065443806e+00
1.034469764326845009e+00
1.023485247768791906e+00
1.026766923902478368e+00
1.027533758374915562e+00
1.028896528916047437e+00
1.027736307718033704e+00
1.029057314198971618e+00
1.032306259966417894e+00
1.025162705284484277e+00
1.025672321629604866e+00
1.024603922120044253e+00
1.022272749569121952e+00
1.016956140547624177e+00
1.007981807016517850e+00
1.006023291047895230e+00
1.005185809100885397e+00
1.018221816789737000e+00
1.015447979405291079e+00
1.010874848674366167e+00
1.004492938245054701e+00
1.016829225202318110e+00
1.017566259112776539e+00
1.023439926320852456e+00
1.026809406757235754e+00
1.023448718793307677e+00
1.022295429787721588e+00
1.023918946624490012e+00
1.023766365512707610e+00
1.021206068146184753e+00
1.015266988917024271e+00
1.018247072436533340e+00
1.011284152083217203e+00
1.023713213654225518e+00
1.019212764744613642e+00
1.028927779150132338e+00
1.019181728266631337e+00
1.024689712539092579e+00
1.019474551000349782e+00
1.018969307291531790e+00
1.034342650529893382e+00
1.042044141327720830e+00
1.036843618167445857e+00
1.032226670324361439e+00
1.026034563684735890e+00
1.030054618569686165e+00
1.025437441999065058e+00
1.020511534381037588e+00
1.013300788237111449e+00
1.022043927511386174e+00
1.015911881514193205e+00
1.024972775432343441e+00
1.014535670670863698e+00
1.017389637288457660e+00
1.015955278926213623e+00
1.018571172389890922e+00
1.022026916679249053e+00
1.016537722015175893e+00
1.019552153640744585e+00
1.013277925709335836e+00
1.015002852094220254e+00
1.011010366511907899e+00
1.016898927837039279e+00
1.010291895405855067e+00
1.016533872720968068e+00
1.014203950729216874e+00
1.006231040511423647e+00
1.018058498002162748e+00
1.018479145140124276e+00
1.019239851353050952e+00
1.024816241779219039e+00
1.021859592376773485e+00
1.026506011047005007e+00
1.019679465180352462e+00
1.015617866396853808e+00
1.015398039923546269e+00
1.020664201138044236e+00
1.009650403654239081e+00
1.007747143638643816e+00
1.015185429786347182e+00
1.019074513659104175e+00
1.013178637696548812e+00
1.008086163850377970e+00
1.005572001037374319e+00
1.007551891394519172e+00
9.956254942926616724e-01
1.005210160971762079e+00
9.950947857455368917e-01
1.000754195552336689e+00
1.008625517934777172e+00
1.007514462983525094e+00
1.009935112591636708e+00
9.998113074313942361e-01
1.008090571721692585e+00
1.010166042054500446e+00
1.019862960937099938e+00
1.008311931182210408e+00
1.026018769786720242e+00
1.009919438446323259e+00
1.019175975349004837e+00
1.026364053415192101e+00
1.018660078130533275e+00
1.012169167317127139e+00
1.013074132358674273e+00
1.011051883911241234e+00
1.005811172685433075e+00
1.012982222627466511e+00
1.010662417969086846e+00
9.995935457578916106e-01
1.002521283553568177e+00
1.007813811916087321e+00
1.007379097728969830e+00
1.000828842753092029e+00
1.003056472857786874e+00
1.008922068662247318e+00
1.006171032424238332e+00
9.946607657434430871e-01
1.001179109557922775e+00
1.001617604762458535e+00
9.965905805091243019e-01
9.891722352758940406e-01
9.939598202558209694e-01
9.933123644399723950e-01
9.828429588029212738e-01
9.838563550699654936e-01
9.826537948211155893e-01
9.924615036887167729e-01
9.864180012397756325e-01
9.920713028273104861e-01
1.001824195982187859e+00
1.005267933623513965e+00
1.003476666920552596e+00
9.963418200231733968e-01
9.927402633457113046e-01
9.905742242801179875e-01
9.868192693429097551e-01
9.794898775380959099e-01
9.812422836688433625e-01
9.701431651698537717e-01
9.684052767926276672e-01
9.643242128114311029e-01
9.544813840898614954e-01
9.409624005566454841e-01
9.169279876590362699e-01
8.715688400173259298e-01
8.438344551606947741e-01
8.250596018620135474e-01
8.102454084675135837e-01
8.057871870532230529e-01
8.054310044457037021e-01
7.936890721623096612e-01
8.086725680126346516e-01
8.093950928070537953e-01
8.272762431777707093e-01
8.614580780869128818e-01
8.921419042303008196e-01
9.251824913303653419e-01
9.416100660560305924e-01
9.445592859348571624e-01
9.604995034681023114e-01
9.625789947931844281e-01
9.717321755157778407e-01
9.658479092967349189e-01
9.674095242044851162e-01
9.724782307818095051e-01
9.834151534066372102e-01
9.817668963801956528e-01
9.862118413157527907e-01
9.876024374716778631e-01
9.933546975001150692e-01
9.895046307828698762e-01
9.968114567760464340e-01
1.006231668590177764e+00
9.979931514541028337e-01
9.952878300257793631e-01
9.994099089030903382e-01
9.989921058403510301e-01
9.947960981973237304e-01
9.969455271966920495e-01
9.942217283858066912e-01
9.916830192502693597e-01
9.969226892529544637e-01
9.964331449928733875e-01
9.810460961268396840e-01
9.802333177223018224e-01
9.790162502779820031e-01
9.746208390800816801e-01
9.707723398437593243e-01
9.780920710948424190e-01
9.683391064052443431e-01
9.709770951152414398e-01
9.768674621252811940e-01
9.847951035379275408e-01
9.896967197535594396e-01
1.000450718784116289e+00
1.007167629030699008e+00
1.000661510210210325e+00
1.003368889629277172e+00
9.985576070779663693e-01
9.979658879296214868e-01
9.907106575525730374e-01
9.852865211029077086e-01
9.706318304934675734e-01
9.582562916916042006e-01
9.511742217462021420e-01
9.423198861573280904e-01
9.425255451981942034e-01
9.447234766196297429e-01
9.395000086534984751e-01
9.457177509370798818e-01
9.550841967483224559e-01
9.524799832987286274e-01
9.671404534815902787e-01
9.753644851183648212e-01
9.825427522359179155e-01
9.855730493020047334e-01
9.812799684221276131e-01
9.959810283582328783e-01
9.844378017457947605e-01
9.804414030856569706e-01
9.816287983633268377e-01
9.720786221249447800e-01
9.788858936546557254e-01
9.764672222769668064e-01
9.848800585664692075e-01
9.847432670107382213e-01
9.821044284864323126e-01
9.887040897892829250e-01
9.932374149812570607e-01
9.815374827670354518e-01
9.828985019124160116e-01
9.753136131263541175e-01
9.878861978849131642e-01
9.859524352186598284e-01
9.854854399775365703e-01
9.932377063050643606e-01
9.890237977541281866e-01
9.883010259566115119e-01
9.923757864621589597e-01
9.942181852870838332e-01
9.906676927458464288e-01
1.002196970602319714e+00
9.992155546800568500e-01
9.995223506379634637e-01
9.942418428400061625e-01
1.006009193230682053e+00
1.007781504118300253e+00
1.003296173299501604e+00
1.012422377101792170e+00
1.000082911224733584e+00
1.010794571450176260e+00
1.017471786276844536e+00
1.016677428196331556e+00
1.021781172154873740e+00
1.014486248130549884e+00
1.009852298618483024e+00
1.004080542763904571e+00
1.008582583884814365e+00
1.008811317617439807e+00
1.008010658669914683e+00
1.016371777330519421e+00
1.021584585202426787e+00
1.018234865818940627e+00
1.018603815386682987e+00
1.020520383500168160e+00
1.016981429947610982e+00
1.012380018113436808e+00
1.017742475379888267e+00
1.011589167143973400e+00
1.007195666232668874e+00
1.006292642342927923e+00
1.005642099625047692e+00
1.001945610798058439e+00
1.005552846050264737e+00
9.930032816758826986e-01
1.003476724055093250e+00
1.003950950628335059e+00
9.952184990851459245e-01
1.005149145900534835e+00
1.003083527795637586e+00
1.009747491175873702e+00
1.005654375220503605e+00
9.998922141762272009e-01
9.982790968641614970e-01
1.008233807405679583e+00
1.007378601663425632e+00
1.006542802396283909e+00
1.011045224733303050e+00
1.007098049149358188e+00
9.981464381334295144e-01
1.000442166998099847e+00
1.009137386180309015e+00
1.014697677158813205e+00
1.014332960880064194e+00
1.021169098388228447e+00
1.024511265033209106e+00
1.029823077050791902e+00
1.025396710416428991e+00
1.017340414800606441e+00
1.033620784584731167e+00
1.023048841387881103e+00
1.028898539543630752e+00
1.024407487808192574e+00
1.028671776783035119e+00
1.026988688681917061e+00
1.022055672941467375e+00
1.034121369694515957e+00
1.021353640104561533e+00
1.031852478652354632e+00
1.035572769196522858e+00
1.030387044999839574e+00
1.024682000645872115e+00
1.024023523137690850e+00
1.023853390996011470e+00
1.011931551215870417e+00
1.017257762636915475e+00
1.009581748976657645e+00
1.006395889688418643e+00
1.003158795688535498e+00
1.004614543031353557e+00
1.002672417394798288e+00
9.990673925417942192e-01
1.009933385474022227e+00
1.008847419475095153e+00
1.012683162615968691e+00
1.013596987036352814e+00
1.017563448806229065e+00
1.019145286762493718e+00
1.016473853047226816e+00
1.012645537700587628e+00
1.018911721754783395e+00
1.013819044129995905e+00
1.019341399922766067e+00
1.013594452296867177e+00
1.002979782517485985e+00
1.009547880797434294e+00
1.001419273302669222e+00
9.976959081720198075e-01
1.001832573353518274e+00
1.004098359159585119e+00
1.005514791042338318e+00
1.003607505422683399e+00
1.001053022846246421e+00
1.002975469798689900e+00
1.014109998979175087e+00
1.012893260803142459e+00
1.009739275387871116e+00
1.013992594239533362e+00
1.015654317080418867e+00
1.010000861436660680e+00
1.008194896236750404e+00
9.985080239521851864e-01
9.914013331149169606e-01
9.924707644353873981e-01
9.790586291711317335e-01
9.855359070303264524e-01
9.699945164325384228e-01
9.673117964456567908e-01
9.777572953627114982e-01
9.783406619499295243e-01
9.766758178004493196e-01
9.836487490728811345e-01
9.970423305905712352e-01
9.906323066827943391e-01
9.915707284006520794e-01
9.855199668191033657e-01
9.870096003047315047e-01
9.784966595794724054e-01
9.728707192804268988e-01
9.694784731264786126e-01
9.737368975705787966e-01
9.695221762811006005e-01
9.694396151688124963e-01
9.620435577143162664e-01
9.604395932508189571e-01
9.713073701051500031e-01
9.715596606091299048e-01
9.780306131729896713e-01
9.827983379032918521e-01
9.899112446558896439e-01
9.950639766440234624e-01
9.945517313139737858e-01
9.845001215681556950e-01
9.784781726827258552e-01
9.688005125615519741e-01
9.575587171448700641e-01
9.565236571265565146e-01
9.520318063357314786e-01
9.441875937952205478e-01
9.474970834399216724e-01
9.547537128633317716e-01
9.626732662882614422e-01
9.645871718883562984e-01
9.832487265810436750e-01
9.901716308914597642e-01
9.958342548107586012e-01
1.007796322773427455e+00
1.020274210172769758e+00
1.022577157600135012e+00
1.017765685978545553e+00
1.016335322916118722e+00
1.012349550967053480e+00
1.014707024274219549e+00
1.006494313181397926e+00
9.990666912121625165e-01
9.956251460102916173e-01
9.976074628929275656e-01
9.844679544859633591e-01
9.833229518681561032e-01
9.806774780727853802e-01
9.904160843907213740e-01
9.924105954612943981e-01
9.866652796250464652e-01
9.820025057422440140e-01
9.914992928019703555e-01
9.903138516859254503e-01
9.799157357517934708e-01
9.968598038709125531e-01
9.999474749051022737e-01
1.001780017404383827e+00
9.995677234502781117e-01
1.006318542277041095e+00
1.001459459447824329e+00
1.009675608754344811e+00
1.003837422268741619e+00
1.001305964734650944e+00
1.009412937863054305e+00
1.004871758008052618e+00
1.004141861043780670e+00
1.010497607534036613e+00
1.010131257609179434e+00
1.008659147105356979e+00
1.015749965705097901e+00
1.011663233341862256e+00
1.018952848685104495e+00
1.023030470788234725e+00
1.019187981517557073e+00
1.034788794164975378e+00
1.015256046844051907e+00
1.018679415384428300e+00
1.013520647301797917e+00
1.012838135425606634e+00
1.011686876136389746e+00
1.030780999338736903e+00
1.023213443535465617e+00
1.030511260961669340e+00
1.034375280207196823e+00
1.043757337692330367e+00
1.038420986252396538e+00
1.042995101951857073e+00
1.039733717130793211e+00
1.040585458176441325e+00
1.035803491432816248e+00
1.036805674876882133e+00
1.047100875346064663e+00
1.037073336227774201e+00
1.031067449430032923e+00
1.032057426930763855e+00
1.023482025101762227e+00
1.030681596856355409e+00
1.026456001086771819e+00
1.018028882149649705e+00
1.017812316163576369e+00
1.015180435898333844e+00
1.027401426537268625e+00
1.022619713258922980e+00
1.026647728768284917e+00
1.027062803876169994e+00
1.037679828941453941e+00
1.036316232547532801e+00
1.035669290264703335e+00
1.027833186027976797e+00
1.032571690930595976e+00
1.032327437396727055e+00
1.019742214459111951e+00
1.014352060905771014e+00
1.011605255754138399e+00
1.008336853267342015e+00
1.003629166559558028e+00
1.004920809526142378e+00
9.972014646897153778e-01
9.891392010931308043e-01
9.784122059351970657e-01
9.783462326470129256e-01
9.694138537008122336e-01
9.758576619745714664e-01
9.765375823163425784e-01
9.918387480702746117e-01
9.882351298193373657e-01
9.845013533084218116e-01
9.842768782024989838e-01
1.000501905602487973e+00
1.008792608507219857e+00
1.014073574884004625e+00
1.019659451925119642e+00
1.012625365704762581e+00
1.023538949380319751e+00
1.026884798094090723e+00
1.019788011689021001e+00
1.021112239133517230e+00
1.023194716230076073e+00
1.014217819496705975e+00
1.009029864562116074e+00
1.001287598852423022e+00
9.904484497713497149e-01
1.002800324713037261e+00
9.988737275051374764e-01
9.941712040265984207e-01
9.898989202585151137e-01
1.007435941449097871e+00
9.972231275319917154e-01
1.007894187617845549e+00
1.006827971372978192e+00
1.015944207774584163e+00
1.019695143725128483e+00
1.016408415720389424e+00
1.008286779803766464e+00
1.013726650763794535e+00
1.016200125449405522e+00
1.010885028027206811e+00
1.009862580118868758e+00
1.008650996880103179e+00
1.008644416221223805e+00
1.014084276086511416e+00
1.025194228537706698e+00
1.015651226770827087e+00
1.018262621505712451e+00
1.026264069379893229e+00
1.024288043930996261e+00
1.023593382479451863e+00
1.022540208802508177e+00
1.017351552991771824e+00
1.005564284333533731e+00
9.992225172550923684e-01
1.002868283109988434e+00
1.008404492064520097e+00
1.012088221061217208e+00
1.004119537440898657e+00
1.006551527476095442e+00
1.012638169310600134e+00
1.008904186622309185e+00
1.019450692296661298e+00
1.019425571179115364e+00
1.017188401377814300e+00
1.014583486576839499e+00
1.018425773241823817e+00
1.018943902052626083e+00
1.011589877034974716e+00
1.017127055540695046e+00
1.006443006033216125e+00
1.007942309222868538e+00
1.012347904119874187e+00
1.012386773220891989e+00
1.020139213236139764e+00
1.015960487381251776e+00
1.014993967477818337e+00
1.026404158584871773e+00
1.019684748941845909e+00
1.023034625782763163e+00
1.028780855472731570e+00
1.032776419359226150e+00
1.028494397588301856e+00
1.021396459846833915e+00
1.025337704573585640e+00
1.023515975857835825e+00
1.026737031649340937e+00
1.024052768499755572e+00
1.019242184296683895e+00
1.019176195749414093e+00
1.020407029935627596e+00
1.014964313523377459e+00
1.016285669539510828e+00
1.010145651613202578e+00
1.012263079365347096e+00
1.020547999718095289e+00
1.019925994087557353e+00
1.018704870782481953e+00
1.019554953887710669e+00
1.018940200739671731e+00
1.019432936368320108e+00
1.023493343467319905e+00
1.019227513273873509e+00
1.021696868605546982e+00
1.015991441186947730e+00
1.018499768936115490e+00
1.019242541922890544e+00
1.019395528376470850e+00
1.021702930002721388e+00
1.024289887146144995e+00
1.020075436548363745e+00
1.021074671653045218e+00
1.020289710639919134e+00
1.016871034274094532e+00
1.015965140839962144e+00
1.011745677764889439e+00
1.017307828025203253e+00
1.010822645395553110e+00
1.009434461814698647e+00
9.977381984449668062e-01
1.001125440813998457e+00
9.876086999641799924e-01
9.912726993757421390e-01
9.849097653021392507e-01
9.829660731960412345e-01
9.817529547555647884e-01
9.879569602842650511e-01
9.854586979419303061e-01
9.934118534726251726e-01
9.904786487645681481e-01
9.977440125287988515e-01
9.922510057944802231e-01
9.905078884555972296e-01
9.916342633450022648e-01
9.927862438649315280e-01
9.964684389874968184e-01
9.943864220836172718e-01
1.000462104581480549e+00
9.967284581239982399e-01
9.984888367814385157e-01
9.963765587445788663e-01
1.007662414542139118e+00
1.010841793500781183e+00
1.005110742217153685e+00
1.006936059317234511e+00
1.009962271698806813e+00
1.008278686982118977e+00
1.011364887455928452e+00
1.001310677792778048e+00
1.009310664070517394e+00
1.009390812219689515e+00
1.000470779226202866e+00
1.007861368262797486e+00
1.001321942826806088e+00
1.001369255174867412e+00
9.997661222557557847e-01
9.927252038696584568e-01
1.001099816299433787e+00
9.963661495157006831e-01
9.976279512672709959e-01
1.005725008938531895e+00
1.008022107177436011e+00
1.010305606265320622e+00
1.003795257395706519e+00
1.007117758446744116e+00
1.001716461960528326e+00
1.010678116548530125e+00
1.012574249468064735e+00
1.015558872584391148e+00
1.017979393201615457e+00
1.013958115669777671e+00
1.014831033287129758e+00
1.006950601905035381e+00
1.010302876089324897e+00
1.009311526034879058e+00
1.014486090362296755e+00
1.008864331608623655e+00
1.008171207544395154e+00
9.984262629314879511e-01
9.984000196141572525e-01
9.929032833063218266e-01
9.927809003300037682e-01
9.963218146129408925e-01
9.979194917796981867e-01
9.904528094572558894e-01
9.881364654595181651e-01
9.874362524149608022e-01
9.872338155706431584e-01
9.910886241041461098e-01
9.932525852332987348e-01
1.002901767354978935e+00
1.001646322427067526e+00
1.002383778162126760e+00
1.006772992252522148e+00
1.005055010064889398e+00
1.004949273494183615e+00
1.005111514000109896e+00
1.004661091191511479e+00
1.004690089667512387e+00
9.999762478871432325e-01
9.933703695494989772e-01
9.994726139267138265e-01
9.917263848326050013e-01
9.948631760082726760e-01
9.917168724998860485e-01
9.949231580218548254e-01
1.001132504041801541e+00
9.940003324963483378e-01
9.950226725875951361e-01
9.906779361726532063e-01
9.943556857199429277e-01
9.958547625535577597e-01
9.932161764820393035e-01
9.950059833493876127e-01
9.982864916111308107e-01
9.893827164665273122e-01
9.983840495411760996e-01
1.004242731187262816e+00
1.000395223314965554e+00
9.986398261007137789e-01
9.991323425918378076e-01
9.893438682000550433e-01
9.822441584224859135e-01
9.559408303464871359e-01
9.471180375822233488e-01
9.399227280470525692e-01
9.323374441386774736e-01
9.091148768007862868e-01
8.922157560114166719e-01
8.829192700276127237e-01
8.850094044746397159e-01
8.948537300652348314e-01
9.034253790290265318e-01
9.131448085474200838e-01
9.313372871789465934e-01
9.362072062956299234e-01
9.548543996840233028e-01
9.610647929755408159e-01
9.933891998060095929e-01
1.007486962568468813e+00
1.014978967194106296e+00
1.015897092790082112e+00
1.022459828709454399e+00
1.021267035870985884e+00
1.021772237156475693e+00
1.023829765194544716e+00
1.026050773970158980e+00
1.018930282608548010e+00
1.033659669869679831e+00
1.023608938182700046e+00
1.022788271698351625e+00
1.013934826558171798e+00
1.015082939124451578e+00
1.011548299059939371e+00
1.007729710311545679e+00
1.007210509348507532e+00
9.987068783547442541e-01
1.001832235350146316e+00
1.002123443648099022e+00
1.003575974682629379e+00
9.970311193742827927e-01
9.983558646475825249e-01
1.004226580380436218e+00
1.005349096320495184e+00
1.007061071103395822e+00
1.014964664823720719e+00
1.022076387714070389e+00
1.025816400329629063e+00
1.026288063922953464e+00
1.025548957003620698e+00
1.028617178015500455e+00
1.027416140971649350e+00
1.027293375162906086e+00
1.024605335565659692e+00
1.029454723221072898e+00
1.026530330847297279e+00
1.023861404136282793e+00
1.024552151497885255e+00
1.027397581888832567e+00
1.019406596906064388e+00
1.024200227572254596e+00
1.025120594864416201e+00
1.025716170646901793e+00
1.023703068851815834e+00
1.022908096806408818e+00
1.024461850066239466e+00
1.022686363771902140e+00
1.023348452015145016e+00
1.025628270398186270e+00
1.016707514812362545e+00
1.014096272602354132e+00
1.012207984804718741e+00
1.012449236092896276e+00
1.010075993498936064e+00
1.004539718267485116e+00
1.003864128432701230e+00
1.002244485539251828e+00
1.002665152448910968e+00
9.972781263274133057e-01
9.979596062064137740e-01
9.964230949653447578e-01
9.998040575329031343e-01
9.976375192858919494e-01
1.001868169531300312e+00
9.917166535737421684e-01
9.982170230205003048e-01
9.948428951559232791e-01
9.967709354672642519e-01
9.867812351151835637e-01
9.852594701133432498e-01
9.842694439450322408e-01
9.835884345696002118e-01
9.875645055387661797e-01
9.799594853056313726e-01
9.779620661340854282e-01
9.654444589477229055e-01
9.623401321530129504e-01
9.634735525041275839e-01
9.672078024435366572e-01
9.629572906972556634e-01
9.620943486116079191e-01
9.660384759984950165e-01
9.655060793123204643e-01
9.652276464443571014e-01
9.753081499060169968e-01
9.776457028326768217e-01
9.784030417092692833e-01
9.867420023597486267e-01
9.931854246662670249e-01
9.904275973026378521e-01
9.873762568180529664e-01
9.937715042899553097e-01
9.842147727834360538e-01
9.827952972620968008e-01
9.876482015632069844e-01
9.831377974676850373e-01
9.869318932433904790e-01
9.827958569702659464e-01
9.754685083469073481e-01
9.656797949328670416e-01
9.647013994851800778e-01
9.630934589047498440e-01
9.703441605616665022e-01
9.680570444327700752e-01
9.732665848082479032e-01
9.739410879927333786e-01
9.671560658816998890e-01
9.695266581304499143e-01
9.754770876749944142e-01
9.769938956022965471e-01
9.867815091532786687e-01
9.874568049879386411e-01
9.869038356778039311e-01
9.913910433840422698e-01
9.945443359227859048e-01
9.992235233721583620e-01
9.916521594503664438e-01
9.873750174164818150e-01
9.915874478322928010e-01
9.932084932469182892e-01
9.948448522930926075e-01
9.896313295323049264e-01
9.933588156693358151e-01
9.941638918077942977e-01
1.003478297297095700e+00
9.938356396664369541e-01
9.957568805426667558e-01
9.968496036003288152e-01
9.918320120470428547e-01
1.001014835886697929e+00
9.957898688818943578e-01
9.934192881469514624e-01
9.921170679903453804e-01
9.893911023864019327e-01
9.740996256816550902e-01
9.697467253601832482e-01
9.630189288430094363e-01
9.598221216668361144e-01
9.531817124086894299e-01
9.497609353728641013e-01
9.494353281052626548e-01
9.451553086529641545e-01
9.485997106520518418e-01
9.446442235707046553e-01
9.527861436791948968e-01
9.544055876623207535e-01
9.673256417347304570e-01
9.730295196077093367e-01
9.770141340414498776e-01
9.814364869524420110e-01
9.779272769301533552e-01
9.813695958085471016e-01
9.762139519637076379e-01
9.754946558366760501e-01
9.732895344753420552e-01
9.781300661070859714e-01
9.732220969454761228e-01
9.665371472016464072e-01
9.670957571709435374e-01
9.595977995564698437e-01
9.614160440674904828e-01
9.644586454340584591e-01
9.746961899872245150e-01
9.778368738959780648e-01
9.800663602960834053e-01
9.857759359354149042e-01
9.935083443263469372e-01
9.958932913233733419e-01
9.980866142783596517e-01
1.002584961574093381e+00
1.000563015457008653e+00
9.958120938977621517e-01
9.932145316233323973e-01
9.976577841437287431e-01
9.965569930496464002e-01
9.870209220004754203e-01
9.833377229479507431e-01
9.814070810526064337e-01
9.687113319909453901e-01
9.729601958482988477e-01
9.678295354500573433e-01
9.701589411374378358e-01
9.666381080201897902e-01
9.680006415287593091e-01
9.697171184374172581e-01
9.760774273587625727e-01
9.773214409436792316e-01
9.881879163518301201e-01
9.936297746666703512e-01
9.980880739232599330e-01
9.965894755964433971e-01
9.954659397917431374e-01
1.000172997247357420e+00
9.976192527428272561e-01
9.983243083654061989e-01
1.001710260389950813e+00
9.896274604086051641e-01
9.890452380650603947e-01
9.873141951460316923e-01
9.943961865051252902e-01
1.000201995642702180e+00
1.003638384007509154e+00
1.000106598556673498e+00
1.002338601315140298e+00
1.007958203227753646e+00
1.006456065427014490e+00
1.001728955769638940e+00
1.004138079307421272e+00
1.008704378700825632e+00
1.007065679412349590e+00
1.004314218071082898e+00
9.952332651862247914e-01
9.887437042555490274e-01
9.776306809887783666e-01
9.842254014709937993e-01
9.899658291300728052e-01
9.904942431153654914e-01
9.955243534950494189e-01
9.996643400948924674e-01
1.001021616413625637e+00
1.007449116332733485e+00
1.013793869902484435e+00
1.014736297603552106e+00
1.019541668577613525e+00
1.017308040056409180e+00
1.009046540239981304e+00
1.000485551781428173e+00
9.966231888908058112e-01
9.931219712481709205e-01
9.932908674141287531e-01
9.855228749267181954e-01
9.822863806777685225e-01
9.774887915011718498e-01
9.789278240412772059e-01
9.833893562877423777e-01
9.695310868649473779e-01
9.683615753736555254e-01
9.703173879437980709e-01
9.584620467127195065e-01
9.613014360245121237e-01
9.724396514556657989e-01
9.793428038068651142e-01
9.786588101249990013e-01
9.847433240097260843e-01
9.924315450676819417e-01
1.001958732091528637e+00
1.002493612016719604e+00
1.008431395491119931e+00
1.002879383305069760e+00
1.005245915306129056e+00
1.000011693050500972e+00
9.918230073072017428e-01
9.955319138066323070e-01
9.955661289346197096e-01
9.965716443197981667e-01
9.949320991311094708e-01
9.922896497938735738e-01
9.991323228102487741e-01
1.004804851285140632e+00
1.005250076612376420e+00
1.010651490992031221e+00
1.009821778414845772e+00
1.017157506835799863e+00
1.019369099555076597e+00
1.017599495344745586e+00
1.029222174108906929e+00
1.029349707677678083e+00
1.029358567792830303e+00
1.032139097623401724e+00
1.032808491533113715e+00
1.029267013933374608e+00
1.024955245443613716e+00
1.030100491368020732e+00
1.031020891044431842e+00
1.026898860617619036e+00
1.039156517586068862e+00
1.027533632105029238e+00
1.039718873466723092e+00
1.024886861708953267e+00
1.022586761407113132e+00
1.023784966113824524e+00
1.031543768732065658e+00
1.032687471538639823e+00
1.013244486752569617e+00
1.010956386639613624e+00
1.007003276421179594e+00
1.003484115665668419e+00
1.007470786531826201e+00
1.013387827864327573e+00
1.009583884131085130e+00
1.013816987357387012e+00
1.014841752189774571e+00
1.017238484525571973e+00
1.025690622431738808e+00
1.033531105149124052e+00
1.027605397845541946e+00
1.032073395569064633e+00
1.034342609660688250e+00
1.021364021122893595e+00
1.025779606153472301e+00
1.025432084066824290e+00
1.018214143911151393e+00
1.016532853611381793e+00
1.015950335375981117e+00
1.008183250827024979e+00
1.011173096569697005e+00
1.013652074100449996e+00
1.018294037264492191e+00
1.019149806715178075e+00
1.017707621499583270e+00
1.019179116623698311e+00
1.015594718578509026e+00
1.020986573386725160e+00
1.024877113821102137e+00
1.022857748111083653e+00
1.020489611253777129e+00
1.025906495636888849e+00
1.025613551849254179e+00
1.022399730910133142e+00
1.024955399815564938e+00
1.027707375173920523e+00
1.020712531359558195e+00
1.022123417536464629e+00
1.020257485425705379e+00
1.015194987813891725e+00
1.008943214832572988e+00
1.001697694385299098e+00
9.972752974736427412e-01
9.995371792727394400e-01
9.946035282251937115e-01
9.916916532742445778e-01
9.974653220902753858e-01
1.001587489358177763e+00
1.008836068200910763e+00
1.009239043844533779e+00
1.009051729038592526e+00
1.018750883024513776e+00
1.014327171935366811e+00
1.012257786450180497e+00
1.023387134760865402e+00
1.024257431542937358e+00
1.025440654382870909e+00
1.025325695082302424e+00
1.014747241157263558e+00
1.014458425257537932e+00
1.015814089260197894e+00
1.016107963335873388e+00
1.027123640517213055e+00
1.032275304086382350e+00
1.026459900788229795e+00
1.016956943122102608e+00
1.005999900412865466e+00
1.009344920923014532e+00
1.019857179513252721e+00
1.025474875994559332e+00
1.029252526155772340e+00
1.029952913153348693e+00
1.028188477399111456e+00
1.023967479258457436e+00
1.018424903204176113e+00
1.020733877081328345e+00
1.029058244245938836e+00
1.023288337765006606e+00
1.019382262806986406e+00
1.011494704761596530e+00
1.000978695787610340e+00
1.005319612781390815e+00
1.003526451509062278e+00
1.000439296571003389e+00
9.947481494365590926e-01
9.969072800764405828e-01
1.004124945964648186e+00
1.006192630198116111e+00
1.009983628977776382e+00
1.015816028354498579e+00
1.016823912465290691e+00
1.012950748231168374e+00
1.008777105561754484e+00
1.009675621189309425e+00
1.008773441857714337e+00
1.008761282495791667e+00
1.005279537271837054e+00
1.006849269631873822e+00
9.904804340125683559e-01
9.758444751148885876e-01
9.681517013644929115e-01
9.713824351595764517e-01
9.699125199531107855e-01
9.712006525075693730e-01
9.706486489824505126e-01
9.660590955948449299e-01
9.671024353556409991e-01
9.794757007288622530e-01
9.740876710542033523e-01
9.896381067408767107e-01
9.935881257351077966e-01
9.947302221631469932e-01
9.932572312544644122e-01
1.000868510097030484e+00
1.003279920091544097e+00
1.016052800983537008e+00
1.019589092795056828e+00
1.022349504179352220e+00
1.027246580582341418e+00
1.026204114827830471e+00
1.032905260370110323e+00
1.033100278718153797e+00
1.037252115737797631e+00
1.043687310191449447e+00
1.042024478912734198e+00
1.039515848478332671e+00
1.029267338332553017e+00
1.021054698607177125e+00
1.010958190773719734e+00
1.004682950624027127e+00
1.006453195588554506e+00
9.964621720448684217e-01
1.000985684995152392e+00
1.001300227805868470e+00
9.884952345462496570e-01
9.936556354822939641e-01
1.008608190211564448e+00
1.019899130612000215e+00
1.036836847757307334e+00
1.046358495328937988e+00
1.048948290074054324e+00
1.053941117417640516e+00
1.067414572977090303e+00
1.071472617553402173e+00
1.058761913454707271e+00
1.059563785705568195e+00
1.048505633463433284e+00
1.043351766129262614e+00
1.032997803422907479e+00
1.036494018845707021e+00
1.032440285852825435e+00
1.023216286530918895e+00
1.007367648814482708e+00
1.005652699104270464e+00
1.001137936319766553e+00
1.012345360982276121e+00
1.010494833616406130e+00
1.008833779561626454e+00
1.012640371877246759e+00
1.016218826530821850e+00
1.003356579553538630e+00
9.974240939679100970e-01
9.895068121627754731e-01
9.929945446651395891e-01
9.814286834132579518e-01
9.684644140475203722e-01
9.648790562080865607e-01
9.632946855783705020e-01
9.673594272460955823e-01
9.671230565876826057e-01
9.741042450620185367e-01
9.952903356533259194e-01
1.003680342884354815e+00
1.020962087193821644e+00
1.026036037787726451e+00
1.039361420821723891e+00
1.043772980632544645e+00
1.053130529501744350e+00
1.053607821621250773e+00
1.049472122365300963e+00
1.052084897306292621e+00
1.060885336106530241e+00
1.058558181728087799e+00
1.061380267625708029e+00
1.051327817017787103e+00
1.041047330499032197e+00
1.028503198466694801e+00
1.023415574672258632e+00
1.012040788671460190e+00
1.012222166470110984e+00
1.015183525267389752e+00
1.018382527629319911e+00
1.024813314342011505e+00
1.025626942945059739e+00
1.035654289622188529e+00
1.036187395746813955e+00
1.057044640681659819e+00
1.056273828293351036e+00
1.048727480908496767e+00
1.037571017620816383e+00
1.031225551874706436e+00
1.027978633696758681e+00
1.025329457653955334e+00
1.020356249203145715e+00
1.011500658486590654e+00
1.005611718257577225e+00
9.959261254445026523e-01
9.826516517058379030e-01
9.861135344400133729e-01
9.708215201202545774e-01
9.527586964700184291e-01
9.444314065837585703e-01
9.201491191516883994e-01
9.039260297733699989e-01
8.957146158105737666e-01
8.974892585421065938e-01
8.990549261469235054e-01
8.999845151928828058e-01
9.221592482321303574e-01
9.499808517919883233e-01
9.601437634868489335e-01
9.746796950767915302e-01
9.890734205904295750e-01
1.005291986333329168e+00
1.018966894082570906e+00
1.027729536502938190e+00
1.036927539299941747e+00
1.032276081098634446e+00
1.030582957141230160e+00
1.031082112048588018e+00
1.031547059123666621e+00
1.033463420340509753e+00
1.033196136569105805e+00
1.038122307954806978e+00
1.040480292067602397e+00
1.049039540289409045e+00
1.042325380326485362e+00
1.045088430325260775e+00
1.044617519948890960e+00
1.029898249717531078e+00
1.029977762473524239e+00
1.027381502573099681e+00
1.018292453433995437e+00
1.009401903992184657e+00
9.800051362405387545e-01
9.728248736777026506e-01
9.669362833689475467e-01
9.746801931457470536e-01
9.746922817680497841e-01
9.926836655310635749e-01
9.947023743248636363e-01
1.000958601820448823e+00
9.849306137423472496e-01
1.003066927178113410e+00
1.013902608406801020e+00
1.031135782390731004e+00
1.037454169086461375e+00
1.030176407369773672e+00
1.022507421257358162e+00
1.019142990497100554e+00
1.008473434798400348e+00
9.901061627952900679e-01
9.932125216679617008e-01
9.971568223262053943e-01
1.002490383508022109e+00
9.973468196207834202e-01
9.925634381934942407e-01
9.867195515201524492e-01
9.900361495867959771e-01
9.942055815694521570e-01
9.973225261659002250e-01
1.003180554025345339e+00
9.985272103823109591e-01
9.927386755281113473e-01
9.920326142871818131e-01
9.810233655413344023e-01
9.784719283227280018e-01
9.666981262246325812e-01
9.548018655827927859e-01
9.270520482804589513e-01
9.029286948052471784e-01
8.958227097710030895e-01
9.046205281926779085e-01
9.218290394341466243e-01
9.157776102042290978e-01
9.274688227559680920e-01
9.242391834024018538e-01
9.085048126668975321e-01
9.005191120685969164e-01
9.094482802556332901e-01
9.235741722312555968e-01
9.165126269670615944e-01
8.820684845209884051e-01
8.553900080826122299e-01
8.375167993798794397e-01
8.332597890096156146e-01
8.185389236870952434e-01
8.398093238674265715e-01
8.699383616399245511e-01
8.951983159692712411e-01
9.226806284590634011e-01
9.440484819157637375e-01
9.672627350781661804e-01
9.969399369571455560e-01
1.005031863126094605e+00
1.011845045695931367e+00
1.018744985292415528e+00
1.011676862228299445e+00
1.012361736637431786e+00
1.000866920836448237e+00
9.891502437161853178e-01
9.897735353598645647e-01
9.899318524328823976e-01
9.841988289715369875e-01
9.871847733005996162e-01
9.808057461408339339e-01
9.657661215406028177e-01
9.674083839115796835e-01
9.710771784672787010e-01
9.740019193360863747e-01
9.816727895481315302e-01
9.776754554684449205e-01
9.813496345774158636e-01
9.846957270321953226e-01
9.837721400096806068e-01
9.958049361209698747e-01
9.955724902226485984e-01
9.946425504317676358e-01
9.814966892649512609e-01
9.909293021262829404e-01
9.943903503309116099e-01
9.907415987536681845e-01
9.982034884321806523e-01
1.008391903957849056e+00
1.012766442506075615e+00
1.023549598406500616e+00
1.033509435503771279e+00
1.046373652706639179e+00
1.044400117751701051e+00
1.045751045594283557e+00
1.039043312963458643e+00
1.035540057235487810e+00
1.029081791080256991e+00
1.024462051925702166e+00
1.016221172846611287e+00
1.006953577202841288e+00
1.009203526831558895e+00
1.008036405059024032e+00
9.950911858150293110e-01
9.980021333663170457e-01
9.880196137537218259e-01
9.964012863764304395e-01
1.005796240371616079e+00
1.011390198044818556e+00
1.012524511512320036e+00
1.000442115312436098e+00
1.010018485029669844e+00
1.020739530705911280e+00
1.025461987747009251e+00
1.041710304155785805e+00
1.041403200998033851e+00
1.038457538471156516e+00
1.024626356141115302e+00
1.011484609353163533e+00
9.906422966266794639e-01
9.832180594528914241e-01
9.813365440689696406e-01
9.765911544405811995e-01
9.778198886677025303e-01
9.674973927117043182e-01
9.773953349263578838e-01
9.766782367050956815e-01
9.885289835091316535e-01
9.926387213807008614e-01
1.005746124047378620e+00
9.983634668996212991e-01
1.003332704895931959e+00
1.000794764897800393e+00
1.008839888978816601e+00
1.013563900117964822e+00
1.025790346504150019e+00
1.028616124070239168e+00
1.026411688314714521e+00
1.030279383434772766e+00
1.041025354106684286e+00
1.042844353732495399e+00
1.048005647764878479e+00
1.040113221020641410e+00
1.022902335542387631e+00
1.014859463958591723e+00
1.006107751531019723e+00
1.012783869974256401e+00
1.008362217266736360e+00
1.010433034129421426e+00
1.005959096025725641e+00
9.845047111237601456e-01
9.717229351911121915e-01
9.726334527329373314e-01
9.770208844091667899e-01
9.679926949651702639e-01
9.588325671418137519e-01
9.536202555285554494e-01
9.482730969009232069e-01
9.577966892959661749e-01
9.774228299403597831e-01
9.994813570774925271e-01
1.003179766591450583e+00
1.003359831343963782e+00
1.003933870709474485e+00
1.005628815484639560e+00
1.010202929064558441e+00
1.000482163093550758e+00
9.903981287624765706e-01
9.856963348656971879e-01
9.726416223823143303e-01
9.789900692275208538e-01
9.785835103926623368e-01
9.622787993314598776e-01
9.552636655646673525e-01
9.414393287707977231e-01
9.464115552787063512e-01
9.539472063707292726e-01
9.568316256521635088e-01
9.627222755437567780e-01
9.618579156104627437e-01
9.563084242059751716e-01
9.657026585939739727e-01
9.628141947603217066e-01
9.743721211451474851e-01
9.683098940322930614e-01
9.679699084705465362e-01
9.664136413674812021e-01
9.849708191800656820e-01
9.978256623823517080e-01
1.014859401332636191e+00
1.005970950033031164e+00
1.014193954758077609e+00
1.030390369043989507e+00
1.035608289293793449e+00
1.036054399133468973e+00
1.046094423061433965e+00
1.032026984218725962e+00
1.017583813243629898e+00
9.955695764294207883e-01
9.908804439639548045e-01
9.917375460389754593e-01
9.799890493062513031e-01
9.801540791726603974e-01
9.714097249770303755e-01
9.834456454302394901e-01
1.004627062001184568e+00
1.027725639288875392e+00
1.050369108891644920e+00
1.057000244504359809e+00
1.055396018031239391e+00
1.051398686240816005e+00
1.059057259446303911e+00
1.047218992595858600e+00
1.040501365405420708e+00
1.042181717690926934e+00
1.037492039270252242e+00
1.054675000495519210e+00
1.060074581797184168e+00
1.059901264969599355e+00
1.041961478995449442e+00
1.029567139251634789e+00
1.025065810101282171e+00
1.015369697243191816e+00
1.015423956159209107e+00
1.001669132720968580e+00
1.011577071104476255e+00
1.021518934023202485e+00
1.058633902651995307e+00
1.077473441689754008e+00
1.068761884181752553e+00
1.065758711721764396e+00
1.072278143241915949e+00
1.071520117469871192e+00
1.071996680222875531e+00
1.043279598300032696e+00
1.034501660554953739e+00
1.026463602534528397e+00
1.018056180131043265e+00
1.014951523554999735e+00
9.980827010843319469e-01
1.004845792117886161e+00
1.008025831043771303e+00
1.028650899312929079e+00
1.040283447231133751e+00
1.041910320883117524e+00
1.036461614153243449e+00
1.061300774091822108e+00
1.046718790130737542e+00
1.032777349607060691e+00
1.010319778789722456e+00
9.858989544690952567e-01
9.631712611979381666e-01
9.516254340686520763e-01
9.502798239873031516e-01
9.571342775948956660e-01
9.701894764566750817e-01
9.914134580443918487e-01
1.004338217415421841e+00
1.023719100617715982e+00
1.031269299222022262e+00
1.048330804542263905e+00
1.034871502912700914e+00
1.030890957918848772e+00
1.031117700794958125e+00
1.043191486553884051e+00
1.062654865089962763e+00
1.055188685896261580e+00
1.059191465644099495e+00
1.079921291476433343e+00
1.065606639395817679e+00
1.072472187379531094e+00
1.080942049456421694e+00
1.081843299603705066e+00
1.060643584126774508e+00
1.045952616348033715e+00
1.013021325732034628e+00
9.908942444546504635e-01
9.758612367846323243e-01
9.568106542810569382e-01
9.450509034525189644e-01
9.621760930105915932e-01
9.761819469188520726e-01
9.946726857311346537e-01
1.008397161556975563e+00
1.016791361175940933e+00
1.023308912160082018e+00
1.018693939695050066e+00
1.016612724875278984e+00
1.011603228632384166e+00
9.930112365022913945e-01
9.722301145670091405e-01
9.524477618456682615e-01
9.507328181362353359e-01
9.240102891866053270e-01
9.333482795283236655e-01
9.341612756169840326e-01
9.288076737514481263e-01
9.013319307175591266e-01
8.690316105058316642e-01
8.164225932390816176e-01
8.024265215028129061e-01
7.872608084675410955e-01
7.943427306606398730e-01
8.109970895195066642e-01
8.441347574832438472e-01
9.041445186937049350e-01
9.477493216894212757e-01
9.624184268408640941e-01
9.961243573997168310e-01
1.001903123382483107e+00
1.013658102698722141e+00
1.028087315718776429e+00
1.035482824841364557e+00
1.028017690008549145e+00
1.023406282398269473e+00
1.036930393576754650e+00
1.017940424899235863e+00
1.014593315022098263e+00
1.020326345261267420e+00
1.027874729336192505e+00
1.027354602672706285e+00
1.039419653188212500e+00
1.040131870485178744e+00
1.045309492584870048e+00
1.038993500313532214e+00
1.043226747026149592e+00
1.038105472904431226e+00
1.042077475836865164e+00
1.043407436505582098e+00
1.035728123474978002e+00
1.037675436623287428e+00
1.035605073092379369e+00
1.048675680020574763e+00
1.036179449906835304e+00
1.051608930840807643e+00
1.057876254877835986e+00
1.074113768577027006e+00
1.081631503381355941e+00
1.060362873590498412e+00
1.049579777472736231e+00
1.061370736736797493e+00
1.041753657379114628e+00
1.029908455046483207e+00
1.028272184147803081e+00
1.032447888802867864e+00
1.031777769912639586e+00
1.017422679659395923e+00
1.032494506089544073e+00
1.021053482315313676e+00
1.021716851808464055e+00
1.012926438902459036e+00
1.025122205391961305e+00
1.029584937315844106e+00
1.039293044338686967e+00
1.033109901702275790e+00
1.036462316349946011e+00
1.039526821027749071e+00
1.026263386736052441e+00
1.003809069410648513e+00
1.009025875492287616e+00
9.903523524459282301e-01
9.749325277886426999e-01
9.779815921917383026e-01
9.839685304644185670e-01
9.914766603004716572e-01
1.003975710630940821e+00
1.029535838972549744e+00
1.016447579005848034e+00
1.034528839217355722e+00
1.054106495533696730e+00
1.044631607949560559e+00
1.026888653442195931e+00
1.014580219944498651e+00
1.006868654060486978e+00
9.943384312869112396e-01
9.972994379639074092e-01
9.927721955799286846e-01
9.801501940557079129e-01
9.581759326840113555e-01
9.418729723360483863e-01
9.535537975069948713e-01
9.628203104543794355e-01
9.729390793798409209e-01
9.760019886226604102e-01
9.698711277617036997e-01
9.755768102859896374e-01
9.896731721617370026e-01
9.785096270912444494e-01
9.758021053618890495e-01
9.827508441028736108e-01
9.938751770609737246e-01
9.881313503868524029e-01
1.019797094857422204e+00
1.019906770043141675e+00
1.007731993469773490e+00
1.032641868515635108e+00
1.009289572028236215e+00
1.009063274956245149e+00
1.022836997362275735e+00
9.908551240522187609e-01
1.006960417678531838e+00
9.837000225883898441e-01
1.000935099507682002e+00
9.699179113501080751e-01
9.781527002822528738e-01
9.589777664230838550e-01
9.593182149367867062e-01
9.606411606993103813e-01
9.605016788959763741e-01
9.714668728073179160e-01
9.602418923845986720e-01
9.924658487473044799e-01
1.010861275536757864e+00
1.024049885968309592e+00
1.026201277435013104e+00
1.043866749377351688e+00
1.019974612116902435e+00
1.011393755382944404e+00
1.009926400589269635e+00
9.829426392082785124e-01
9.686541277853832899e-01
9.848273136508872705e-01
9.774906249562598237e-01
9.523137024169342491e-01
9.623355230532519844e-01
9.508362160414554065e-01
9.337043526647653691e-01
9.306704643336177751e-01
9.471886337880537354e-01
9.175841283921178926e-01
9.342348202322667827e-01
8.981920936486788021e-01
9.084340652071384303e-01
9.536354556939330429e-01
9.660112388631262315e-01
9.474319689354830931e-01
9.687532356401945544e-01
9.822283323561967761e-01
9.755528034994629394e-01
9.900127006826620057e-01
9.777229399351172745e-01
9.753462650861691730e-01
9.672429709886612992e-01
9.809327372889488084e-01
9.726365778319050470e-01
9.570905210110679517e-01
9.914304388719274996e-01
9.791839855165475059e-01
9.624203025314489457e-01
9.701128725835563849e-01
9.677221333419324667e-01
9.878531810746188357e-01
9.925094911787736285e-01
1.015122643764629684e+00
9.911471325502725360e-01
9.861067767890725477e-01
9.840208271022047315e-01
9.542761024381628543e-01
8.958313975265189688e-01
8.889235277131236623e-01
9.007279893736489518e-01
9.389832282598733482e-01
9.759992461486531878e-01
1.002567866042934686e+00
9.891202462887496161e-01
1.023850397100231291e+00
1.037395759978501975e+00
1.020918471426707219e+00
1.002050509206770634e+00
9.919913373167410509e-01
9.934543149967196562e-01
1.000418039847042140e+00
1.020909579247935905e+00
9.940492921776561408e-01
9.679265572738739998e-01
9.722297875315502047e-01
9.595485922700346393e-01
9.825969128476650383e-01
1.039947413787547736e+00
1.035092295422975095e+00
1.035592770587055789e+00
1.046741300413824405e+00
1.020233571378401205e+00
1.005112581079930401e+00
1.043314862065095605e+00
1.034266369069761549e+00
1.044775303026464153e+00
1.078495074788428099e+00
1.090766391109552202e+00
1.097657724477260954e+00
1.080257231501836612e+00
1.075950490129003789e+00
1.103410357637907735e+00
1.085456142523072653e+00
1.094528315488444425e+00
1.107190323328949955e+00
1.093063191553561575e+00
1.112432279078932718e+00
