1.003333333333335986e+01
1.361666666666667425e+01
6.066666666666662877e+00
1.305000000000001137e+01
1.163333333333332575e+01
1.111666666666667425e+01
1.155000000000001137e+01
1.308333333333331439e+01
1.443333333333333712e+01
1.194999999999998863e+01
1.358333333333331439e+01
1.256666666666666288e+01
1.406666666666666288e+01
1.358333333333331439e+01
1.055000000000001137e+01
1.848333333333334849e+01
1.605000000000001137e+01
1.106666666666666288e+01
1.156666666666666288e+01
1.400000000000000000e+01
1.508333333333331439e+01
1.610000000000002274e+01
1.406666666666666288e+01
1.061666666666667425e+01
2.011666666666667425e+01
1.714999999999997726e+01
1.401666666666665151e+01
1.453333333333335986e+01
1.153333333333335986e+01
1.508333333333331439e+01
1.998333333333334849e+01
1.555000000000001137e+01
1.198333333333334849e+01
1.648333333333334849e+01
1.903333333333335986e+01
1.410000000000002274e+01
1.496666666666664014e+01
1.739999999999997726e+01
1.603333333333335986e+01
2.156666666666666288e+01
1.648333333333334849e+01
1.600000000000000000e+01
2.091666666666668561e+01
2.056666666666666288e+01
2.098333333333334849e+01
1.910000000000002274e+01
1.710000000000002274e+01
1.856666666666666288e+01
1.851666666666665151e+01
1.758333333333331439e+01
2.058333333333331439e+01
1.548333333333334849e+01
2.194999999999998863e+01
2.650000000000000000e+01
2.303333333333335986e+01
2.203333333333335986e+01
2.056666666666666288e+01
2.453333333333335986e+01
1.560000000000002274e+01
1.891666666666668561e+01
2.048333333333334849e+01
2.056666666666666288e+01
2.708333333333331439e+01
2.100000000000000000e+01
2.303333333333335986e+01
2.301666666666665151e+01
2.256666666666666288e+01
2.998333333333334849e+01
2.496666666666664014e+01
2.805000000000001137e+01
2.901666666666665151e+01
2.753333333333335986e+01
3.001666666666665151e+01
2.548333333333334849e+01
2.701666666666665151e+01
2.900000000000000000e+01
3.048333333333334849e+01
2.851666666666665151e+01
2.950000000000000000e+01
2.808333333333331439e+01
2.951666666666665151e+01
3.706666666666666288e+01
3.250000000000000000e+01
3.910000000000002274e+01
3.496666666666664014e+01
3.353333333333335986e+01
3.761666666666667425e+01
4.508333333333331439e+01
4.455000000000001137e+01
5.255000000000001137e+01
7.203333333333335986e+01
9.300000000000000000e+01
1.229499999999999886e+02
1.575000000000000000e+02
1.559833333333333485e+02
1.679833333333333485e+02
1.675166666666666515e+02
1.675333333333333599e+02
1.695000000000000000e+02
1.610166666666666515e+02
1.436000000000000227e+02
1.315500000000000114e+02
1.254666666666666401e+02
1.020000000000000000e+02
7.460000000000002274e+01
5.058333333333331439e+01
4.556666666666666288e+01
3.998333333333334849e+01
3.506666666666666288e+01
3.205000000000001137e+01
3.296666666666664014e+01
3.501666666666665151e+01
2.906666666666666288e+01
3.506666666666666288e+01
2.906666666666666288e+01
3.253333333333335986e+01
2.766666666666668561e+01
2.991666666666668561e+01
3.211666666666667425e+01
3.553333333333335986e+01
3.210000000000002274e+01
2.841666666666668561e+01
2.408333333333331439e+01
2.851666666666665151e+01
3.201666666666665151e+01
2.801666666666665151e+01
3.753333333333335986e+01
2.605000000000001137e+01
2.601666666666665151e+01
2.888333333333332575e+01
3.053333333333335986e+01
2.513333333333332575e+01
3.058333333333331439e+01
2.896666666666664014e+01
2.953333333333335986e+01
2.255000000000001137e+01
2.508333333333331439e+01
3.108333333333331439e+01
2.250000000000000000e+01
3.001666666666665151e+01
3.046666666666664014e+01
3.048333333333334849e+01
3.246666666666664014e+01
2.601666666666665151e+01
2.661666666666667425e+01
3.255000000000001137e+01
2.601666666666665151e+01
2.351666666666665151e+01
3.016666666666668561e+01
3.048333333333334849e+01
3.301666666666665151e+01
3.005000000000001137e+01
3.603333333333335986e+01
3.048333333333334849e+01
3.356666666666666288e+01
2.714999999999997726e+01
3.153333333333335986e+01
3.193333333333333712e+01
3.044999999999998863e+01
2.910000000000002274e+01
2.844999999999998863e+01
3.353333333333335986e+01
2.644999999999998863e+01
3.251666666666665151e+01
3.201666666666665151e+01
3.301666666666665151e+01
2.911666666666667425e+01
3.058333333333331439e+01
3.368333333333333712e+01
3.411666666666667425e+01
3.361666666666667425e+01
3.346666666666664014e+01
2.811666666666667425e+01
3.701666666666665151e+01
3.558333333333331439e+01
3.301666666666665151e+01
3.041666666666668561e+01
3.453333333333335986e+01
3.455000000000001137e+01
3.550000000000000000e+01
3.593333333333333712e+01
3.313333333333332575e+01
3.300000000000000000e+01
3.551666666666665151e+01
3.466666666666668561e+01
3.001666666666665151e+01
3.498333333333334849e+01
3.210000000000002274e+01
3.706666666666666288e+01
3.361666666666667425e+01
4.100000000000000000e+01
3.511666666666667425e+01
3.701666666666665151e+01
2.844999999999998863e+01
3.255000000000001137e+01
3.758333333333331439e+01
3.061666666666667425e+01
3.505000000000001137e+01
3.944999999999998863e+01
4.105000000000001137e+01
3.906666666666666288e+01
3.353333333333335986e+01
3.164999999999997726e+01
3.010000000000002274e+01
3.600000000000000000e+01
3.108333333333331439e+01
4.160000000000002274e+01
3.766666666666668561e+01
3.801666666666665151e+01
3.663333333333332575e+01
3.496666666666664014e+01
4.600000000000000000e+01
4.403333333333335986e+01
3.505000000000001137e+01
4.560000000000002274e+01
4.156666666666666288e+01
3.800000000000000000e+01
3.950000000000000000e+01
3.758333333333331439e+01
4.106666666666666288e+01
3.356666666666666288e+01
4.210000000000002274e+01
3.813333333333332575e+01
4.050000000000000000e+01
3.448333333333334849e+01
3.808333333333331439e+01
3.906666666666666288e+01
4.208333333333331439e+01
4.653333333333335986e+01
3.696666666666664014e+01
4.253333333333335986e+01
4.510000000000002274e+01
3.951666666666665151e+01
4.253333333333335986e+01
4.393333333333333712e+01
4.260000000000002274e+01
3.956666666666666288e+01
3.650000000000000000e+01
4.058333333333331439e+01
4.046666666666664014e+01
3.303333333333335986e+01
4.443333333333333712e+01
4.206666666666666288e+01
3.903333333333335986e+01
4.193333333333333712e+01
3.851666666666665151e+01
4.048333333333334849e+01
4.408333333333331439e+01
4.863333333333332575e+01
4.356666666666666288e+01
3.603333333333335986e+01
4.450000000000000000e+01
4.446666666666664014e+01
4.244999999999998863e+01
4.119999999999998863e+01
4.396666666666664014e+01
4.258333333333331439e+01
4.693333333333333712e+01
5.316666666666668561e+01
5.956666666666666288e+01
6.400000000000000000e+01
6.350000000000000000e+01
6.805000000000001137e+01
7.261666666666667425e+01
6.851666666666665151e+01
7.000000000000000000e+01
7.096666666666664014e+01
6.801666666666665151e+01
7.005000000000001137e+01
6.301666666666665151e+01
5.108333333333331439e+01
5.453333333333335986e+01
4.694999999999998863e+01
4.305000000000001137e+01
4.553333333333335986e+01
4.660000000000002274e+01
4.906666666666666288e+01
4.398333333333334849e+01
4.706666666666666288e+01
4.298333333333334849e+01
5.006666666666666288e+01
4.360000000000002274e+01
4.900000000000000000e+01
5.348333333333334849e+01
4.298333333333334849e+01
4.505000000000001137e+01
5.013333333333332575e+01
4.656666666666666288e+01
4.001666666666665151e+01
4.853333333333335986e+01
4.703333333333335986e+01
5.156666666666666288e+01
5.246666666666664014e+01
4.558333333333331439e+01
4.181666666666666288e+01
5.013333333333332575e+01
5.253333333333335986e+01
5.253333333333335986e+01
5.005000000000001137e+01
5.460000000000002274e+01
4.898333333333334849e+01
4.700000000000000000e+01
4.894999999999998863e+01
4.553333333333335986e+01
4.850000000000000000e+01
4.801666666666665151e+01
4.396666666666664014e+01
4.858333333333331439e+01
5.150000000000000000e+01
5.516666666666668561e+01
4.955000000000001137e+01
5.410000000000002274e+01
5.453333333333335986e+01
5.150000000000000000e+01
4.601666666666665151e+01
5.706666666666666288e+01
5.051666666666665151e+01
5.148333333333334849e+01
5.203333333333335986e+01
4.848333333333334849e+01
5.403333333333335986e+01
4.644999999999998863e+01
5.403333333333335986e+01
5.110000000000002274e+01
5.048333333333334849e+01
5.446666666666664014e+01
5.003333333333335986e+01
4.693333333333333712e+01
5.750000000000000000e+01
5.805000000000001137e+01
5.698333333333334849e+01
4.706666666666666288e+01
4.648333333333334849e+01
4.656666666666666288e+01
4.608333333333331439e+01
5.510000000000002274e+01
5.496666666666664014e+01
5.306666666666666288e+01
5.253333333333335986e+01
5.406666666666666288e+01
5.500000000000000000e+01
5.606666666666666288e+01
5.310000000000002274e+01
6.094999999999998863e+01
5.660000000000002274e+01
6.021666666666664014e+01
5.155000000000001137e+01
5.750000000000000000e+01
4.950000000000000000e+01
5.203333333333335986e+01
5.444999999999998863e+01
5.308333333333331439e+01
5.100000000000000000e+01
5.493333333333333712e+01
5.155000000000001137e+01
5.558333333333331439e+01
5.705000000000001137e+01
5.803333333333335986e+01
5.806666666666666288e+01
5.506666666666666288e+01
5.553333333333335986e+01
4.806666666666666288e+01
5.405000000000001137e+01
5.506666666666666288e+01
5.550000000000000000e+01
5.843333333333333712e+01
5.750000000000000000e+01
5.951666666666665151e+01
5.208333333333331439e+01
5.850000000000000000e+01
5.510000000000002274e+01
5.858333333333331439e+01
6.405000000000001137e+01
5.768333333333333712e+01
5.156666666666666288e+01
6.048333333333334849e+01
6.450000000000000000e+01
5.708333333333331439e+01
5.896666666666664014e+01
6.203333333333335986e+01
6.155000000000001137e+01
5.408333333333331439e+01
5.505000000000001137e+01
6.394999999999998863e+01
5.555000000000001137e+01
5.706666666666666288e+01
5.906666666666666288e+01
5.688333333333332575e+01
5.051666666666665151e+01
5.905000000000001137e+01
6.260000000000002274e+01
5.663333333333332575e+01
6.501666666666665151e+01
6.403333333333335986e+01
5.406666666666666288e+01
6.564999999999997726e+01
5.451666666666665151e+01
5.798333333333334849e+01
6.055000000000001137e+01
6.613333333333332575e+01
5.155000000000001137e+01
5.900000000000000000e+01
6.603333333333335986e+01
6.560000000000002274e+01
6.046666666666664014e+01
6.251666666666665151e+01
6.191666666666668561e+01
6.555000000000001137e+01
5.816666666666668561e+01
6.250000000000000000e+01
6.710000000000002274e+01
6.194999999999998863e+01
6.000000000000000000e+01
6.103333333333335986e+01
6.151666666666665151e+01
6.300000000000000000e+01
6.998333333333334849e+01
6.003333333333335986e+01
6.113333333333332575e+01
6.753333333333335986e+01
7.250000000000000000e+01
5.958333333333331439e+01
6.946666666666664014e+01
6.800000000000000000e+01
5.901666666666665151e+01
7.106666666666666288e+01
7.000000000000000000e+01
6.230000000000001137e+01
6.601666666666665151e+01
6.656666666666666288e+01
6.598333333333334849e+01
6.855000000000001137e+01
6.563333333333332575e+01
6.611666666666667425e+01
6.600000000000000000e+01
7.344999999999998863e+01
6.951666666666665151e+01
6.864999999999997726e+01
7.400000000000000000e+01
6.903333333333335986e+01
7.408333333333331439e+01
6.858333333333331439e+01
7.168333333333333712e+01
6.950000000000000000e+01
6.848333333333334849e+01
6.544999999999998863e+01
7.298333333333334849e+01
7.151666666666665151e+01
7.551666666666665151e+01
7.296666666666664014e+01
7.150000000000000000e+01
7.758333333333331439e+01
7.461666666666667425e+01
7.761666666666667425e+01
7.461666666666667425e+01
7.105000000000001137e+01
7.503333333333335986e+01
7.753333333333335986e+01
7.506666666666666288e+01
7.405000000000001137e+01
7.506666666666666288e+01
7.055000000000001137e+01
7.353333333333335986e+01
7.448333333333334849e+01
7.644999999999998863e+01
7.998333333333334849e+01
8.150000000000000000e+01
8.296666666666664014e+01
8.605000000000001137e+01
7.651666666666665151e+01
9.053333333333335986e+01
8.898333333333334849e+01
9.053333333333335986e+01
8.386666666666667425e+01
8.506666666666666288e+01
7.711666666666667425e+01
8.205000000000001137e+01
8.205000000000001137e+01
9.201666666666665151e+01
9.401666666666665151e+01
1.019833333333333485e+02
1.005833333333333144e+02
1.039499999999999886e+02
9.713333333333332575e+01
1.084666666666666401e+02
1.200000000000000000e+02
1.185000000000000000e+02
1.208500000000000227e+02
1.389666666666666401e+02
1.475666666666666629e+02
1.699333333333333371e+02
1.875000000000000000e+02
2.209499999999999886e+02
3.044833333333333485e+02
5.505333333333333030e+02
1.541000000000000000e+03
3.160433333333333394e+03
4.040050000000000182e+03
4.601983333333333576e+03
4.856916666666666970e+03
5.112966666666666242e+03
5.068033333333333758e+03
5.053016666666666424e+03
4.920416666666666970e+03
4.641566666666666606e+03
3.987583333333333485e+03
2.918583333333333485e+03
1.255650000000000091e+03
2.814833333333333485e+02
1.649833333333333485e+02
1.275333333333333599e+02
1.214499999999999886e+02
1.024333333333333371e+02
9.403333333333335986e+01
9.356666666666666288e+01
8.956666666666666288e+01
8.553333333333335986e+01
8.793333333333333712e+01
8.110000000000002274e+01
8.806666666666666288e+01
8.503333333333335986e+01
8.294999999999998863e+01
8.260000000000002274e+01
8.460000000000002274e+01
6.596666666666664014e+01
7.106666666666666288e+01
8.096666666666664014e+01
8.014999999999997726e+01
7.155000000000001137e+01
7.348333333333334849e+01
7.960000000000002274e+01
7.461666666666667425e+01
7.401666666666665151e+01
7.308333333333331439e+01
8.196666666666664014e+01
7.555000000000001137e+01
8.053333333333335986e+01
7.808333333333331439e+01
7.403333333333335986e+01
8.058333333333331439e+01
7.458333333333331439e+01
8.008333333333331439e+01
7.211666666666667425e+01
7.955000000000001137e+01
7.201666666666665151e+01
7.100000000000000000e+01
7.556666666666666288e+01
8.253333333333335986e+01
8.258333333333331439e+01
7.563333333333332575e+01
8.646666666666664014e+01
9.255000000000001137e+01
9.308333333333331439e+01
8.319999999999998863e+01
9.053333333333335986e+01
9.051666666666665151e+01
1.020500000000000114e+02
1.220500000000000114e+02
1.494833333333333485e+02
2.840333333333333599e+02
5.470499999999999545e+02
7.599833333333333485e+02
8.649833333333333485e+02
9.023999999999999773e+02
9.635499999999999545e+02
9.605833333333332575e+02
9.700333333333333030e+02
9.470499999999999545e+02
8.775166666666666515e+02
7.590333333333333030e+02
5.595166666666666515e+02
3.071000000000000227e+02
1.320666666666666629e+02
9.816666666666668561e+01
9.211666666666667425e+01
7.655000000000001137e+01
8.101666666666665151e+01
9.096666666666664014e+01
8.018333333333333712e+01
8.798333333333334849e+01
8.661666666666667425e+01
8.089999999999997726e+01
8.805000000000001137e+01
8.208333333333331439e+01
8.106666666666666288e+01
7.951666666666665151e+01
7.716666666666668561e+01
8.053333333333335986e+01
9.155000000000001137e+01
8.510000000000002274e+01
9.401666666666665151e+01
9.360000000000002274e+01
1.025833333333333144e+02
1.025666666666666629e+02
1.065166666666666515e+02
1.100000000000000000e+02
1.180166666666666515e+02
1.155333333333333599e+02
1.004166666666666856e+02
9.656666666666666288e+01
1.120166666666666515e+02
1.000333333333333599e+02
9.748333333333334849e+01
7.798333333333334849e+01
7.210000000000002274e+01
7.443333333333333712e+01
7.605000000000001137e+01
8.008333333333331439e+01
8.198333333333334849e+01
8.711666666666667425e+01
6.856666666666666288e+01
8.251666666666665151e+01
8.346666666666664014e+01
8.444999999999998863e+01
7.656666666666666288e+01
7.906666666666666288e+01
7.701666666666665151e+01
7.748333333333334849e+01
8.603333333333335986e+01
9.353333333333335986e+01
8.003333333333335986e+01
7.301666666666665151e+01
8.596666666666664014e+01
7.055000000000001137e+01
7.603333333333335986e+01
7.206666666666666288e+01
7.050000000000000000e+01
8.200000000000000000e+01
8.153333333333335986e+01
7.450000000000000000e+01
8.303333333333335986e+01
8.664999999999997726e+01
8.051666666666665151e+01
8.900000000000000000e+01
8.053333333333335986e+01
7.656666666666666288e+01
7.905000000000001137e+01
7.846666666666664014e+01
8.491666666666668561e+01
7.405000000000001137e+01
7.853333333333335986e+01
7.853333333333335986e+01
7.493333333333333712e+01
7.810000000000002274e+01
7.563333333333332575e+01
8.100000000000000000e+01
8.055000000000001137e+01
8.703333333333335986e+01
8.008333333333331439e+01
9.051666666666665151e+01
8.264999999999997726e+01
8.598333333333334849e+01
7.760000000000002274e+01
8.151666666666665151e+01
9.151666666666665151e+01
8.610000000000002274e+01
8.498333333333334849e+01
8.839999999999997726e+01
8.544999999999998863e+01
8.953333333333335986e+01
9.760000000000002274e+01
8.805000000000001137e+01
9.305000000000001137e+01
8.861666666666667425e+01
9.944999999999998863e+01
8.856666666666666288e+01
9.106666666666666288e+01
1.145166666666666515e+02
1.191000000000000227e+02
1.270333333333333599e+02
1.460000000000000000e+02
1.500000000000000000e+02
1.445666666666666629e+02
1.404499999999999886e+02
1.334666666666666401e+02
1.290833333333333144e+02
1.329666666666666401e+02
1.290000000000000000e+02
1.096666666666666856e+02
1.010666666666666629e+02
9.848333333333334849e+01
9.655000000000001137e+01
9.005000000000001137e+01
9.258333333333331439e+01
9.548333333333334849e+01
9.448333333333334849e+01
8.508333333333331439e+01
9.655000000000001137e+01
8.753333333333335986e+01
8.153333333333335986e+01
8.451666666666665151e+01
9.150000000000000000e+01
8.551666666666665151e+01
9.403333333333335986e+01
8.251666666666665151e+01
9.401666666666665151e+01
8.546666666666664014e+01
7.311666666666667425e+01
8.596666666666664014e+01
8.896666666666664014e+01
7.551666666666665151e+01
9.596666666666664014e+01
8.961666666666667425e+01
8.993333333333333712e+01
9.294999999999998863e+01
8.398333333333334849e+01
8.513333333333332575e+01
9.246666666666664014e+01
8.753333333333335986e+01
8.821666666666664014e+01
8.408333333333331439e+01
8.858333333333331439e+01
9.751666666666665151e+01
8.401666666666665151e+01
9.053333333333335986e+01
8.814999999999997726e+01
7.953333333333335986e+01
8.851666666666665151e+01
7.610000000000002274e+01
7.711666666666667425e+01
7.650000000000000000e+01
9.103333333333335986e+01
8.841666666666668561e+01
8.963333333333332575e+01
8.996666666666664014e+01
9.163333333333332575e+01
8.698333333333334849e+01
9.656666666666666288e+01
9.153333333333335986e+01
9.105000000000001137e+01
9.301666666666665151e+01
8.403333333333335986e+01
9.005000000000001137e+01
9.455000000000001137e+01
8.716666666666668561e+01
8.410000000000002274e+01
8.494999999999998863e+01
8.505000000000001137e+01
8.705000000000001137e+01
9.014999999999997726e+01
9.743333333333333712e+01
8.743333333333333712e+01
9.456666666666666288e+01
8.539999999999997726e+01
8.655000000000001137e+01
8.706666666666666288e+01
9.201666666666665151e+01
8.543333333333333712e+01
8.450000000000000000e+01
8.358333333333331439e+01
8.951666666666665151e+01
8.696666666666664014e+01
8.506666666666666288e+01
8.805000000000001137e+01
8.756666666666666288e+01
9.300000000000000000e+01
9.516666666666668561e+01
8.558333333333331439e+01
9.648333333333334849e+01
9.905000000000001137e+01
1.070166666666666515e+02
1.209833333333333485e+02
1.220333333333333599e+02
1.150166666666666515e+02
1.246166666666666742e+02
1.160500000000000114e+02
1.149499999999999886e+02
1.236166666666666742e+02
1.211000000000000227e+02
1.234833333333333485e+02
1.135166666666666515e+02
9.805000000000001137e+01
1.030500000000000114e+02
1.039333333333333371e+02
1.034499999999999886e+02
9.450000000000000000e+01
1.105333333333333599e+02
1.129499999999999886e+02
9.893333333333333712e+01
1.004666666666666401e+02
1.055000000000000000e+02
1.015000000000000000e+02
9.353333333333335986e+01
1.024666666666666401e+02
9.763333333333332575e+01
1.045333333333333599e+02
9.858333333333331439e+01
9.605000000000001137e+01
1.030666666666666629e+02
9.906666666666666288e+01
9.801666666666665151e+01
9.298333333333334849e+01
9.150000000000000000e+01
9.706666666666666288e+01
8.705000000000001137e+01
9.601666666666665151e+01
8.496666666666664014e+01
1.060333333333333599e+02
9.848333333333334849e+01
1.060500000000000114e+02
9.908333333333331439e+01
1.020500000000000114e+02
1.174833333333333485e+02
1.224333333333333371e+02
1.205833333333333144e+02
1.160833333333333144e+02
1.234833333333333485e+02
1.085833333333333144e+02
1.231333333333333258e+02
1.154833333333333485e+02
1.200500000000000114e+02
1.145666666666666629e+02
1.075166666666666515e+02
1.065333333333333599e+02
9.700000000000000000e+01
1.070166666666666515e+02
9.346666666666664014e+01
1.023666666666666742e+02
1.010166666666666515e+02
9.941666666666668561e+01
1.015666666666666629e+02
9.014999999999997726e+01
9.853333333333335986e+01
1.088999999999999773e+02
9.850000000000000000e+01
1.034666666666666401e+02
1.045166666666666515e+02
1.009499999999999886e+02
1.024833333333333485e+02
9.605000000000001137e+01
1.005333333333333599e+02
9.353333333333335986e+01
9.796666666666664014e+01
1.030500000000000114e+02
9.328333333333335986e+01
1.046333333333333258e+02
1.000833333333333144e+02
9.960000000000002274e+01
1.045833333333333144e+02
1.045166666666666515e+02
9.744999999999998863e+01
1.040833333333333144e+02
1.040000000000000000e+02
9.010000000000002274e+01
9.201666666666665151e+01
9.750000000000000000e+01
1.015666666666666629e+02
9.748333333333334849e+01
9.508333333333331439e+01
9.511666666666667425e+01
1.050333333333333599e+02
1.045333333333333599e+02
1.035833333333333144e+02
9.948333333333334849e+01
1.050000000000000000e+02
9.001666666666665151e+01
9.358333333333331439e+01
1.035333333333333599e+02
1.065500000000000114e+02
9.650000000000000000e+01
1.006000000000000227e+02
1.004666666666666401e+02
1.049333333333333371e+02
1.089833333333333485e+02
9.846666666666664014e+01
1.055833333333333144e+02
9.950000000000000000e+01
1.105333333333333599e+02
1.025500000000000114e+02
1.040666666666666629e+02
1.085166666666666515e+02
1.064833333333333485e+02
1.035166666666666515e+02
1.031000000000000227e+02
1.100666666666666629e+02
1.046999999999999886e+02
1.075166666666666515e+02
1.074833333333333485e+02
1.026166666666666742e+02
9.305000000000001137e+01
1.030833333333333144e+02
1.084666666666666401e+02
1.095666666666666629e+02
1.090333333333333599e+02
1.045500000000000114e+02
1.100000000000000000e+02
1.160166666666666515e+02
1.121166666666666742e+02
1.130666666666666629e+02
1.140666666666666629e+02
1.060166666666666515e+02
1.163999999999999773e+02
1.084833333333333485e+02
1.065333333333333599e+02
1.135000000000000000e+02
1.095333333333333599e+02
1.071000000000000227e+02
1.130666666666666629e+02
1.105166666666666515e+02
1.265500000000000114e+02
1.161166666666666742e+02
1.150500000000000114e+02
1.225500000000000114e+02
1.259666666666666401e+02
1.195666666666666629e+02
1.145000000000000000e+02
1.195666666666666629e+02
1.071499999999999773e+02
1.230333333333333599e+02
1.240333333333333599e+02
1.205000000000000000e+02
1.184666666666666401e+02
1.220833333333333144e+02
1.190833333333333144e+02
1.191166666666666742e+02
1.260000000000000000e+02
1.299833333333333485e+02
1.209333333333333371e+02
1.340166666666666515e+02
1.269666666666666401e+02
1.280333333333333599e+02
1.270000000000000000e+02
1.280000000000000000e+02
1.314833333333333485e+02
1.345500000000000114e+02
1.244333333333333371e+02
1.345666666666666629e+02
1.331000000000000227e+02
1.228999999999999773e+02
1.225000000000000000e+02
1.289499999999999886e+02
1.306000000000000227e+02
1.289666666666666401e+02
1.245166666666666515e+02
1.346999999999999886e+02
1.209833333333333485e+02
1.286000000000000227e+02
1.360166666666666515e+02
1.275833333333333144e+02
1.286499999999999773e+02
1.335833333333333144e+02
1.340833333333333144e+02
1.415333333333333599e+02
1.380166666666666515e+02
1.360166666666666515e+02
1.349666666666666401e+02
1.301499999999999773e+02
1.405500000000000114e+02
1.370000000000000000e+02
1.555333333333333599e+02
1.345500000000000114e+02
1.541499999999999773e+02
1.639333333333333371e+02
1.760166666666666515e+02
1.780500000000000114e+02
1.785666666666666629e+02
1.830333333333333599e+02
1.985166666666666515e+02
1.990666666666666629e+02
1.998833333333333258e+02
1.804833333333333485e+02
1.820666666666666629e+02
1.804166666666666856e+02
1.645833333333333144e+02
1.729333333333333371e+02
1.716000000000000227e+02
1.725000000000000000e+02
1.605500000000000114e+02
1.788166666666666629e+02
1.705000000000000000e+02
1.680833333333333144e+02
1.746499999999999773e+02
1.675500000000000114e+02
1.725666666666666629e+02
1.710666666666666629e+02
1.819666666666666401e+02
1.900333333333333599e+02
1.760333333333333599e+02
1.860000000000000000e+02
1.945333333333333599e+02
2.085166666666666515e+02
2.005333333333333599e+02
1.980500000000000114e+02
2.155166666666666515e+02
2.055500000000000114e+02
2.095166666666666515e+02
2.109666666666666401e+02
2.156166666666666742e+02
2.100166666666666515e+02
2.115166666666666515e+02
2.195333333333333599e+02
2.090833333333333144e+02
2.170666666666666629e+02
2.300666666666666629e+02
2.316166666666666742e+02
2.335666666666666629e+02
2.456166666666666742e+02
2.301499999999999773e+02
2.330166666666666515e+02
2.574166666666666856e+02
2.575166666666666515e+02
2.590000000000000000e+02
2.770666666666666629e+02
3.084666666666666401e+02
3.080166666666666515e+02
3.019833333333333485e+02
3.290500000000000114e+02
3.295166666666666515e+02
3.501000000000000227e+02
3.705833333333333144e+02
3.960500000000000114e+02
4.035166666666666515e+02
4.455166666666666515e+02
4.675000000000000000e+02
5.050833333333333144e+02
5.569833333333333485e+02
5.815499999999999545e+02
6.575000000000000000e+02
6.869166666666667425e+02
7.321166666666666742e+02
8.240000000000000000e+02
9.255333333333333030e+02
1.037549999999999955e+03
1.187966666666666697e+03
1.333549999999999955e+03
1.425016666666666652e+03
1.549033333333333303e+03
1.727150000000000091e+03
1.963599999999999909e+03
2.323983333333333576e+03
2.748099999999999909e+03
3.665533333333333303e+03
5.287449999999999818e+03
8.174533333333333758e+03
1.221751666666666642e+04
1.669550000000000000e+04
1.946106666666666570e+04
2.075954999999999927e+04
2.133703333333333285e+04
2.180006666666666570e+04
2.158296666666666715e+04
2.116998333333333358e+04
1.979206666666666570e+04
1.714453333333333285e+04
1.306410000000000036e+04
8.812283333333332848e+03
5.804966666666666242e+03
4.585550000000000182e+03
4.517133333333333212e+03
5.610000000000000000e+03
8.034583333333333030e+03
1.199553333333333285e+04
1.625500000000000000e+04
1.958495000000000073e+04
2.121998333333333358e+04
2.226904999999999927e+04
2.256201666666666642e+04
2.263811666666666497e+04
2.223453333333333285e+04
2.112008333333333212e+04
1.855000000000000000e+04
1.469453333333333285e+04
9.913549999999999272e+03
6.011483333333333576e+03
3.754033333333333303e+03
2.682050000000000182e+03
2.017099999999999909e+03
1.627616666666666788e+03
1.346000000000000000e+03
1.127450000000000045e+03
9.725499999999999545e+02
8.485499999999999545e+02
7.615666666666666060e+02
6.615499999999999545e+02
5.976000000000000227e+02
5.610499999999999545e+02
4.981000000000000227e+02
4.690166666666666515e+02
4.365833333333333144e+02
3.894833333333333485e+02
3.870333333333333599e+02
3.620166666666666515e+02
3.414666666666666401e+02
3.220333333333333599e+02
3.114666666666666401e+02
3.075333333333333599e+02
3.039666666666666401e+02
2.970333333333333599e+02
2.840666666666666629e+02
2.775666666666666629e+02
2.585166666666666515e+02
2.480333333333333599e+02
2.624833333333333485e+02
2.435833333333333144e+02
2.495333333333333599e+02
2.335500000000000114e+02
2.246166666666666742e+02
2.060666666666666629e+02
2.006333333333333258e+02
1.925666666666666629e+02
2.079833333333333485e+02
1.945833333333333144e+02
1.888166666666666629e+02
1.800666666666666629e+02
1.740333333333333599e+02
1.880333333333333599e+02
1.740166666666666515e+02
1.735333333333333599e+02
1.778833333333333258e+02
1.754333333333333371e+02
1.746000000000000227e+02
1.615333333333333599e+02
1.630166666666666515e+02
1.645166666666666515e+02
1.535500000000000114e+02
1.540666666666666629e+02
1.495666666666666629e+02
1.620166666666666515e+02
1.500333333333333599e+02
1.425333333333333599e+02
1.520000000000000000e+02
1.430166666666666515e+02
1.455666666666666629e+02
1.430833333333333144e+02
1.459833333333333485e+02
1.605000000000000000e+02
1.526333333333333258e+02
1.704333333333333371e+02
1.805166666666666515e+02
1.746000000000000227e+02
1.721166666666666742e+02
1.736166666666666742e+02
1.844833333333333485e+02
1.835500000000000114e+02
1.781166666666666742e+02
1.869833333333333485e+02
1.785000000000000000e+02
1.670500000000000114e+02
1.505166666666666515e+02
1.540500000000000114e+02
1.499833333333333485e+02
1.471000000000000227e+02
1.522833333333333599e+02
1.395166666666666515e+02
1.460333333333333599e+02
1.426499999999999773e+02
1.449166666666666856e+02
1.509333333333333371e+02
1.349666666666666401e+02
1.445833333333333144e+02
1.355000000000000000e+02
1.435666666666666629e+02
1.460500000000000114e+02
1.483833333333333258e+02
1.464499999999999886e+02
1.455833333333333144e+02
1.570000000000000000e+02
1.495500000000000114e+02
1.545333333333333599e+02
1.554499999999999886e+02
1.509499999999999886e+02
1.556333333333333258e+02
1.585166666666666515e+02
1.545000000000000000e+02
1.440166666666666515e+02
1.575166666666666515e+02
1.505666666666666629e+02
1.609499999999999886e+02
1.515333333333333599e+02
1.596166666666666742e+02
1.678833333333333258e+02
1.604833333333333485e+02
1.645500000000000114e+02
1.679833333333333485e+02
1.690333333333333599e+02
1.735333333333333599e+02
1.695500000000000114e+02
1.615500000000000114e+02
1.815500000000000114e+02
1.770333333333333599e+02
1.718666666666666742e+02
1.646166666666666742e+02
1.705833333333333144e+02
1.600333333333333599e+02
1.654666666666666401e+02
1.715500000000000114e+02
1.670666666666666629e+02
1.711000000000000227e+02
1.771666666666666856e+02
1.689499999999999886e+02
1.730166666666666515e+02
1.705666666666666629e+02
1.775166666666666515e+02
1.836000000000000227e+02
1.730833333333333144e+02
1.610833333333333144e+02
1.645500000000000114e+02
1.753999999999999773e+02
1.725833333333333144e+02
1.780333333333333599e+02
1.764499999999999886e+02
1.775333333333333599e+02
1.709499999999999886e+02
1.794499999999999886e+02
1.745833333333333144e+02
1.696166666666666742e+02
1.770500000000000114e+02
1.773999999999999773e+02
1.820666666666666629e+02
1.760333333333333599e+02
1.905666666666666629e+02
1.724833333333333485e+02
1.854499999999999886e+02
1.770166666666666515e+02
1.799833333333333485e+02
1.854833333333333485e+02
1.884833333333333485e+02
1.765500000000000114e+02
1.966000000000000227e+02
1.847833333333333599e+02
1.850833333333333144e+02
1.881666666666666856e+02
1.949499999999999886e+02
2.030166666666666515e+02
1.960666666666666629e+02
2.126333333333333258e+02
1.980000000000000000e+02
1.969833333333333485e+02
2.110500000000000114e+02
2.060333333333333599e+02
2.095666666666666629e+02
2.000500000000000114e+02
2.110666666666666629e+02
2.145166666666666515e+02
2.065500000000000114e+02
2.140333333333333599e+02
2.140833333333333144e+02
2.330166666666666515e+02
2.416000000000000227e+02
2.405000000000000000e+02
2.260333333333333599e+02
2.415000000000000000e+02
2.380666666666666629e+02
2.420000000000000000e+02
2.469833333333333485e+02
2.585333333333333599e+02
2.374666666666666401e+02
2.489833333333333485e+02
2.606000000000000227e+02
2.694333333333333371e+02
2.619666666666666401e+02
2.735333333333333599e+02
2.756333333333333258e+02
2.730500000000000114e+02
2.936000000000000227e+02
2.845333333333333599e+02
2.670000000000000000e+02
2.889833333333333485e+02
2.909499999999999886e+02
3.165166666666666515e+02
3.050666666666666629e+02
3.202666666666666515e+02
3.204833333333333485e+02
3.290666666666666629e+02
3.290000000000000000e+02
3.414666666666666401e+02
3.510333333333333599e+02
3.595333333333333599e+02
3.749666666666666401e+02
3.795166666666666515e+02
3.979666666666666401e+02
4.215000000000000000e+02
4.380500000000000114e+02
4.540333333333333599e+02
4.893999999999999773e+02
5.350333333333333030e+02
5.469666666666666970e+02
5.909666666666666970e+02
6.411833333333333940e+02
7.214833333333333485e+02
7.675499999999999545e+02
8.365000000000000000e+02
9.426499999999999773e+02
1.022650000000000091e+03
1.087500000000000000e+03
1.190016666666666652e+03
1.313066666666666606e+03
1.433133333333333212e+03
1.541500000000000000e+03
1.602966666666666697e+03
1.756033333333333303e+03
1.847000000000000000e+03
1.991933333333333394e+03
2.096516666666666424e+03
2.278016666666666424e+03
2.448066666666666606e+03
2.666116666666666788e+03
2.978449999999999818e+03
3.388033333333333303e+03
4.106966666666666242e+03
5.199983333333333576e+03
7.656533333333333758e+03
1.532460000000000036e+04
2.934700000000000000e+04
4.078905000000000291e+04
4.611900000000000000e+04
4.666766666666666424e+04
4.656953333333333285e+04
4.592359999999999854e+04
4.599346666666666715e+04
4.555353333333333285e+04
4.389503333333333285e+04
3.757150000000000000e+04
2.441550000000000000e+04
1.032051666666666642e+04
2.782633333333333212e+03
1.132500000000000000e+03
7.115499999999999545e+02
5.565166666666666515e+02
4.715000000000000000e+02
4.036166666666666742e+02
3.749666666666666401e+02
3.535333333333333599e+02
3.075833333333333144e+02
2.896000000000000227e+02
2.831333333333333258e+02
2.860333333333333599e+02
2.706000000000000227e+02
2.504666666666666401e+02
2.616000000000000227e+02
2.331999999999999886e+02
2.440666666666666629e+02
2.301333333333333258e+02
2.425666666666666629e+02
2.360333333333333599e+02
2.305166666666666515e+02
2.335166666666666515e+02
2.255333333333333599e+02
2.251000000000000227e+02
2.205666666666666629e+02
2.195333333333333599e+02
2.071166666666666742e+02
1.971000000000000227e+02
2.015166666666666515e+02
2.114166666666666856e+02
2.090666666666666629e+02
1.975166666666666515e+02
2.240000000000000000e+02
2.100333333333333599e+02
2.240333333333333599e+02
2.179833333333333485e+02
2.219666666666666401e+02
2.085333333333333599e+02
2.164666666666666401e+02
2.120833333333333144e+02
2.192666666666666515e+02
2.220333333333333599e+02
2.030000000000000000e+02
2.100500000000000114e+02
2.065166666666666515e+02
2.125833333333333144e+02
1.956166666666666742e+02
2.095666666666666629e+02
2.116833333333333371e+02
2.079833333333333485e+02
2.040500000000000114e+02
2.116666666666666856e+02
2.251000000000000227e+02
2.085000000000000000e+02
2.034666666666666401e+02
1.985166666666666515e+02
1.980000000000000000e+02
1.955666666666666629e+02
1.949166666666666856e+02
1.994666666666666401e+02
1.956333333333333258e+02
1.975166666666666515e+02
2.009333333333333371e+02
1.975333333333333599e+02
2.189833333333333485e+02
2.099833333333333485e+02
2.141333333333333258e+02
2.240333333333333599e+02
2.360000000000000000e+02
2.391166666666666742e+02
2.329833333333333485e+02
2.460166666666666515e+02
2.449833333333333485e+02
2.376333333333333258e+02
2.225500000000000114e+02
2.230000000000000000e+02
2.211166666666666742e+02
2.199499999999999886e+02
2.120666666666666629e+02
1.995333333333333599e+02
2.105333333333333599e+02
1.985500000000000114e+02
2.020833333333333144e+02
1.849499999999999886e+02
1.870333333333333599e+02
1.949333333333333371e+02
1.815333333333333599e+02
1.755666666666666629e+02
1.819166666666666856e+02
1.854666666666666401e+02
1.695833333333333144e+02
1.780833333333333144e+02
1.780333333333333599e+02
1.926166666666666742e+02
1.660666666666666629e+02
1.795666666666666629e+02
1.774333333333333371e+02
1.800333333333333599e+02
1.770000000000000000e+02
1.791333333333333258e+02
1.821000000000000227e+02
1.810500000000000114e+02
1.760333333333333599e+02
1.755666666666666629e+02
1.771166666666666742e+02
1.800333333333333599e+02
1.750666666666666629e+02
1.730666666666666629e+02
1.775333333333333599e+02
1.811000000000000227e+02
1.690666666666666629e+02
1.750166666666666515e+02
1.745333333333333599e+02
1.880333333333333599e+02
1.705333333333333599e+02
1.685333333333333599e+02
1.775833333333333144e+02
1.700833333333333144e+02
1.701333333333333258e+02
1.700166666666666515e+02
1.614666666666666401e+02
1.664499999999999886e+02
1.735333333333333599e+02
1.634499999999999886e+02
1.630500000000000114e+02
1.684333333333333371e+02
1.630666666666666629e+02
1.620000000000000000e+02
1.565333333333333599e+02
1.695166666666666515e+02
1.591666666666666856e+02
1.684499999999999886e+02
1.634333333333333371e+02
1.690500000000000114e+02
1.660000000000000000e+02
1.580833333333333144e+02
1.595166666666666515e+02
1.655833333333333144e+02
1.629499999999999886e+02
1.650333333333333599e+02
1.606333333333333258e+02
1.581000000000000227e+02
1.735000000000000000e+02
1.531000000000000227e+02
1.551000000000000227e+02
1.558833333333333258e+02
1.645333333333333599e+02
1.589833333333333485e+02
1.669666666666666401e+02
1.530833333333333144e+02
1.660166666666666515e+02
1.546000000000000227e+02
1.699333333333333371e+02
1.685000000000000000e+02
1.710333333333333599e+02
1.510166666666666515e+02
1.640500000000000114e+02
1.596000000000000227e+02
1.600500000000000114e+02
1.600666666666666629e+02
1.655500000000000114e+02
1.680666666666666629e+02
1.695500000000000114e+02
1.710500000000000114e+02
1.765000000000000000e+02
1.669833333333333485e+02
1.570500000000000114e+02
1.659833333333333485e+02
1.640166666666666515e+02
1.700833333333333144e+02
1.695666666666666629e+02
1.574833333333333485e+02
1.608833333333333258e+02
1.610500000000000114e+02
1.675666666666666629e+02
1.681333333333333258e+02
1.705500000000000114e+02
1.550000000000000000e+02
1.654499999999999886e+02
1.625166666666666515e+02
1.675833333333333144e+02
1.714833333333333485e+02
1.764666666666666401e+02
1.636000000000000227e+02
1.655166666666666515e+02
1.581333333333333258e+02
1.670166666666666515e+02
1.625166666666666515e+02
1.621000000000000227e+02
1.555500000000000114e+02
1.664833333333333485e+02
1.676499999999999773e+02
1.665666666666666629e+02
1.655000000000000000e+02
1.636166666666666742e+02
1.645166666666666515e+02
1.695666666666666629e+02
1.611666666666666856e+02
1.651499999999999773e+02
1.669333333333333371e+02
1.695166666666666515e+02
1.645000000000000000e+02
1.694666666666666401e+02
1.670333333333333599e+02
1.665500000000000114e+02
1.659666666666666401e+02
1.690666666666666629e+02
1.678500000000000227e+02
1.731000000000000227e+02
1.615333333333333599e+02
1.730833333333333144e+02
1.720833333333333144e+02
1.635666666666666629e+02
1.581000000000000227e+02
1.711000000000000227e+02
1.825500000000000114e+02
1.840166666666666515e+02
1.744499999999999886e+02
1.790666666666666629e+02
1.838999999999999773e+02
1.724499999999999886e+02
1.736000000000000227e+02
1.839833333333333485e+02
1.721333333333333258e+02
1.785333333333333599e+02
1.860000000000000000e+02
1.719499999999999886e+02
1.629499999999999886e+02
1.779833333333333485e+02
1.625333333333333599e+02
1.680000000000000000e+02
1.735833333333333144e+02
1.745166666666666515e+02
1.635166666666666515e+02
1.780666666666666629e+02
1.741166666666666742e+02
1.886000000000000227e+02
2.310000000000000000e+02
2.300333333333333599e+02
2.301333333333333258e+02
2.450166666666666515e+02
2.436000000000000227e+02
2.415166666666666515e+02
2.579166666666666856e+02
2.565000000000000000e+02
2.545000000000000000e+02
2.369833333333333485e+02
2.200833333333333144e+02
1.884833333333333485e+02
1.970333333333333599e+02
1.859499999999999886e+02
1.929499999999999886e+02
1.866000000000000227e+02
1.780666666666666629e+02
1.870000000000000000e+02
1.855666666666666629e+02
1.958666666666666742e+02
1.925666666666666629e+02
1.944499999999999886e+02
1.976333333333333258e+02
2.020333333333333599e+02
2.036333333333333258e+02
2.129333333333333371e+02
2.274833333333333485e+02
2.270833333333333144e+02
2.520166666666666515e+02
2.560333333333333599e+02
2.616166666666666742e+02
2.885333333333333599e+02
3.135333333333333599e+02
3.209833333333333485e+02
3.334833333333333485e+02
3.510000000000000000e+02
3.919666666666666401e+02
4.030500000000000114e+02
4.294333333333333371e+02
4.539166666666666856e+02
4.474499999999999886e+02
4.455166666666666515e+02
4.611333333333333258e+02
4.635333333333333599e+02
4.951000000000000227e+02
4.880166666666666515e+02
4.691333333333333258e+02
5.020000000000000000e+02
5.065499999999999545e+02
5.369833333333333485e+02
5.430499999999999545e+02
6.240499999999999545e+02
7.190833333333332575e+02
8.679666666666666970e+02
1.113933333333333394e+03
2.389000000000000000e+03
7.381566666666666606e+03
1.124151666666666642e+04
1.220598333333333358e+04
1.231600000000000000e+04
1.222693333333333248e+04
1.236406666666666752e+04
1.249456666666666752e+04
1.244703333333333285e+04
1.230408333333333394e+04
1.089646666666666715e+04
5.868033333333333758e+03
1.370683333333333394e+03
3.950666666666666629e+02
2.919666666666666401e+02
2.430000000000000000e+02
2.200500000000000114e+02
2.140000000000000000e+02
2.079666666666666401e+02
1.941000000000000227e+02
1.815333333333333599e+02
1.916166666666666742e+02
1.860000000000000000e+02
1.710500000000000114e+02
1.839499999999999886e+02
1.745333333333333599e+02
1.821000000000000227e+02
1.919333333333333371e+02
1.819666666666666401e+02
1.875666666666666629e+02
1.770000000000000000e+02
1.780500000000000114e+02
1.840500000000000114e+02
1.635333333333333599e+02
1.800500000000000114e+02
1.935500000000000114e+02
1.851000000000000227e+02
1.624666666666666401e+02
1.820166666666666515e+02
1.696333333333333258e+02
1.715500000000000114e+02
1.785166666666666515e+02
1.815166666666666515e+02
1.805666666666666629e+02
1.709499999999999886e+02
1.716166666666666742e+02
1.829666666666666401e+02
1.755500000000000114e+02
1.624833333333333485e+02
1.550166666666666515e+02
1.760500000000000114e+02
1.769833333333333485e+02
1.785333333333333599e+02
1.710000000000000000e+02
1.670166666666666515e+02
1.750666666666666629e+02
1.705500000000000114e+02
1.595500000000000114e+02
1.725333333333333599e+02
1.669833333333333485e+02
1.585333333333333599e+02
1.644833333333333485e+02
1.610333333333333599e+02
1.565500000000000114e+02
1.695833333333333144e+02
1.580333333333333599e+02
1.520833333333333144e+02
1.651000000000000227e+02
1.545333333333333599e+02
1.655166666666666515e+02
1.545500000000000114e+02
1.720000000000000000e+02
1.636166666666666742e+02
1.544833333333333485e+02
1.610333333333333599e+02
1.526000000000000227e+02
1.577833333333333599e+02
1.522666666666666515e+02
1.532500000000000000e+02
1.588000000000000114e+02
1.643333333333333144e+02
1.537666666666666515e+02
1.477833333333333599e+02
1.618000000000000114e+02
1.488999999999999773e+02
1.449833333333333485e+02
1.514666666666666401e+02
1.573166666666666629e+02
1.598833333333333258e+02
1.648333333333333144e+02
1.624499999999999886e+02
1.514333333333333371e+02
1.528999999999999773e+02
1.610000000000000000e+02
1.568833333333333258e+02
1.563166666666666629e+02
1.473833333333333258e+02
1.669333333333333371e+02
1.483999999999999773e+02
1.673666666666666742e+02
1.639166666666666856e+02
1.594499999999999886e+02
1.844666666666666401e+02
1.789499999999999886e+02
1.939333333333333371e+02
2.023500000000000227e+02
1.974666666666666401e+02
2.069166666666666856e+02
2.124666666666666401e+02
1.973999999999999773e+02
2.074833333333333485e+02
2.029833333333333485e+02
1.884499999999999886e+02
1.785000000000000000e+02
1.649833333333333485e+02
1.629666666666666401e+02
1.404833333333333485e+02
1.453999999999999773e+02
1.405500000000000114e+02
1.540000000000000000e+02
1.400666666666666629e+02
1.529499999999999886e+02
1.560000000000000000e+02
1.415500000000000114e+02
1.419833333333333485e+02
1.360333333333333599e+02
1.459666666666666401e+02
1.325000000000000000e+02
1.384333333333333371e+02
1.454499999999999886e+02
1.534166666666666856e+02
1.384499999999999886e+02
1.425166666666666515e+02
1.570166666666666515e+02
1.396333333333333258e+02
1.440166666666666515e+02
1.494333333333333371e+02
1.670833333333333144e+02
1.754499999999999886e+02
2.304833333333333485e+02
2.735833333333333144e+02
3.229666666666666401e+02
3.599833333333333485e+02
3.665666666666666629e+02
3.608833333333333258e+02
3.609499999999999886e+02
3.380333333333333599e+02
3.281000000000000227e+02
2.816000000000000227e+02
2.310000000000000000e+02
1.850166666666666515e+02
1.655000000000000000e+02
1.531000000000000227e+02
1.460500000000000114e+02
1.425666666666666629e+02
1.440500000000000114e+02
1.480666666666666629e+02
1.315666666666666629e+02
1.275500000000000114e+02
1.379833333333333485e+02
1.391000000000000227e+02
1.484833333333333485e+02
1.411166666666666742e+02
1.295000000000000000e+02
1.340500000000000114e+02
1.350500000000000114e+02
1.434833333333333485e+02
1.301000000000000227e+02
1.570666666666666629e+02
1.454499999999999886e+02
1.280833333333333144e+02
1.280833333333333144e+02
1.375500000000000114e+02
1.390833333333333144e+02
1.544333333333333371e+02
1.375666666666666629e+02
1.311333333333333258e+02
1.320500000000000114e+02
1.375000000000000000e+02
1.275333333333333599e+02
1.344666666666666401e+02
1.254666666666666401e+02
1.230500000000000114e+02
1.296166666666666742e+02
1.130666666666666629e+02
1.335166666666666515e+02
1.306499999999999773e+02
1.439333333333333371e+02
1.315833333333333144e+02
1.339666666666666401e+02
1.399666666666666401e+02
1.444333333333333371e+02
1.385500000000000114e+02
1.434833333333333485e+02
1.230833333333333144e+02
1.375000000000000000e+02
1.390500000000000114e+02
1.361000000000000227e+02
1.350166666666666515e+02
1.360166666666666515e+02
1.486166666666666742e+02
1.485833333333333144e+02
1.415000000000000000e+02
1.415333333333333599e+02
1.460000000000000000e+02
1.524666666666666401e+02
1.490000000000000000e+02
1.521166666666666742e+02
1.445666666666666629e+02
1.761333333333333258e+02
1.645000000000000000e+02
1.650333333333333599e+02
1.745166666666666515e+02
1.830166666666666515e+02
1.869666666666666401e+02
1.925166666666666515e+02
2.010166666666666515e+02
2.046166666666666742e+02
2.215166666666666515e+02
2.100666666666666629e+02
2.265333333333333599e+02
2.135166666666666515e+02
2.409499999999999886e+02
2.555500000000000114e+02
2.845333333333333599e+02
5.210000000000000000e+02
1.415016666666666652e+03
2.141516666666666424e+03
2.264516666666666424e+03
2.356016666666666424e+03
2.386099999999999909e+03
2.415933333333333394e+03
2.493000000000000000e+03
2.460449999999999818e+03
2.502033333333333303e+03
3.201033333333333303e+03
3.918550000000000182e+03
3.968983333333333576e+03
4.054533333333333303e+03
4.157033333333333758e+03
4.127550000000000182e+03
3.970566666666666606e+03
3.361583333333333485e+03
1.582016666666666652e+03
3.515333333333333599e+02
1.666499999999999773e+02
1.410000000000000000e+02
1.355666666666666629e+02
1.230500000000000114e+02
1.135166666666666515e+02
1.295500000000000114e+02
1.104666666666666401e+02
1.179666666666666401e+02
1.131000000000000227e+02
1.125833333333333144e+02
1.146333333333333258e+02
1.034833333333333485e+02
1.175000000000000000e+02
1.159833333333333485e+02
1.154833333333333485e+02
1.165333333333333599e+02
9.683333333333331439e+01
1.025833333333333144e+02
1.019666666666666401e+02
1.020166666666666515e+02
9.803333333333335986e+01
1.059333333333333371e+02
1.090166666666666515e+02
9.753333333333335986e+01
9.961666666666667425e+01
1.069833333333333485e+02
1.005166666666666515e+02
1.185166666666666515e+02
1.035166666666666515e+02
9.953333333333335986e+01
9.556666666666666288e+01
1.040166666666666515e+02
9.905000000000001137e+01
1.130333333333333599e+02
1.010166666666666515e+02
1.054833333333333485e+02
9.805000000000001137e+01
1.014833333333333485e+02
9.258333333333331439e+01
1.020166666666666515e+02
1.146333333333333258e+02
1.146000000000000227e+02
9.956666666666666288e+01
9.344999999999998863e+01
9.613333333333332575e+01
1.055166666666666515e+02
1.056000000000000227e+02
1.130000000000000000e+02
9.948333333333334849e+01
1.134833333333333485e+02
1.135166666666666515e+02
1.335333333333333599e+02
1.699833333333333485e+02
4.410500000000000114e+02
9.011333333333333258e+02
1.064016666666666652e+03
1.108966666666666697e+03
1.132633333333333212e+03
1.162016666666666652e+03
1.123966666666666697e+03
9.801166666666666742e+02
5.259166666666667425e+02
1.550666666666666629e+02
1.070666666666666629e+02
1.029833333333333485e+02
1.050333333333333599e+02
9.543333333333333712e+01
9.958333333333331439e+01
9.551666666666665151e+01
1.020666666666666629e+02
1.009499999999999886e+02
1.014166666666666856e+02
9.453333333333335986e+01
1.050000000000000000e+02
8.848333333333334849e+01
9.048333333333334849e+01
9.255000000000001137e+01
8.855000000000001137e+01
8.006666666666666288e+01
9.601666666666665151e+01
8.455000000000001137e+01
1.025333333333333599e+02
1.070666666666666629e+02
9.856666666666666288e+01
1.055166666666666515e+02
1.090500000000000114e+02
1.229666666666666401e+02
1.820666666666666629e+02
3.814333333333333371e+02
7.625000000000000000e+02
1.344599999999999909e+03
1.665516666666666652e+03
1.708549999999999955e+03
1.720966666666666697e+03
1.642000000000000000e+03
1.440983333333333348e+03
1.028466666666666697e+03
4.305333333333333599e+02
1.255500000000000114e+02
8.498333333333334849e+01
7.958333333333331439e+01
8.101666666666665151e+01
8.546666666666664014e+01
9.351666666666665151e+01
8.914999999999997726e+01
9.003333333333335986e+01
9.951666666666665151e+01
9.303333333333335986e+01
8.901666666666665151e+01
7.691666666666668561e+01
7.353333333333335986e+01
6.606666666666666288e+01
7.798333333333334849e+01
6.200000000000000000e+01
5.853333333333335986e+01
5.308333333333331439e+01
6.655000000000001137e+01
6.000000000000000000e+01
6.451666666666665151e+01
6.353333333333335986e+01
5.956666666666666288e+01
5.901666666666665151e+01
6.146666666666664014e+01
5.901666666666665151e+01
5.351666666666665151e+01
6.005000000000001137e+01
6.846666666666664014e+01
5.610000000000002274e+01
5.610000000000002274e+01
4.905000000000001137e+01
5.193333333333333712e+01
5.348333333333334849e+01
5.155000000000001137e+01
5.003333333333335986e+01
6.400000000000000000e+01
4.751666666666665151e+01
4.213333333333332575e+01
5.110000000000002274e+01
4.610000000000002274e+01
4.055000000000001137e+01
4.206666666666666288e+01
