6.988377529968453746e+04
7.646587467112598824e+04
8.243496945402299752e+04
8.371043986254296033e+04
8.784836403169014375e+04
8.226130476956054918e+04
7.999571606770833023e+04
7.379365213888887956e+04
7.769133269117645978e+04
7.877232844023325015e+04
8.003838189437983965e+04
7.655303233516482578e+04
7.260787362595419108e+04
8.648605284722223587e+04
7.764825296344647359e+04
7.871572354497354536e+04
8.279846196675900137e+04
8.087164472878389643e+04
8.162621409574466816e+04
7.796368685323382670e+04
7.941681930923693290e+04
7.820507246105918603e+04
7.575842448288691230e+04
8.006699703962703643e+04
7.879702047397046408e+04
8.090665768341306830e+04
7.555651446739130188e+04
8.455992908692183846e+04
8.816223371642967686e+04
8.099282275121276325e+04
8.287321250176178000e+04
8.768724304878049588e+04
7.766646440726578294e+04
8.380003460269361676e+04
7.889699549516907427e+04
8.484758376027829945e+04
8.338699711212118564e+04
7.750677232314657886e+04
8.406758395908541570e+04
7.817016736158193089e+04
7.755825575834748452e+04
7.331743752714440052e+04
7.657657063237774128e+04
7.538432681917211448e+04
8.047366165331195225e+04
7.643698783357594220e+04
8.374539102425180317e+04
8.526849292177913594e+04
8.531979646017697814e+04
8.466793288564476825e+04
8.011177212141882046e+04
8.164839697117620381e+04
8.281810570798514527e+04
8.203344982479784812e+04
8.168767976959516818e+04
8.132885269262979273e+04
8.184557364228667575e+04
8.279433360421835096e+04
8.570735915303982620e+04
8.600644881402183091e+04
8.584424397590362059e+04
8.388657222674418881e+04
8.491721799307958281e+04
8.664944630662022973e+04
8.495147852306545246e+04
8.321893812477526080e+04
7.727207600135086977e+04
8.066087526707234792e+04
8.383208456659619696e+04
7.913321463820303325e+04
8.092120151406036166e+04
7.715720510396975442e+04
8.173932794960473257e+04
7.833351293875685951e+04
8.017927548038306122e+04
7.998208366816815396e+04
8.271634499245168990e+04
8.425810988938715309e+04
8.039105998035914672e+04
8.432402602542130626e+04
8.551228059695173579e+04
8.188543553489625629e+04
8.377916423351866251e+04
8.690011564010623260e+04
8.823385219984200376e+04
8.636908794373909768e+04
9.066888464503816795e+04
8.689116171404276974e+04
9.071474763105089369e+04
8.856060172145118122e+04
8.469153883704736654e+04
8.404489246495603584e+04
8.320238519146482577e+04
8.111430770943561220e+04
8.293146813751668378e+04
8.125572223324797233e+04
7.957709076252052910e+04
8.173974531217908952e+04
8.120824096099716553e+04
8.636609724358974199e+04
8.269770609107035853e+04
8.396504151497804560e+04
8.284879874999998719e+04
8.472390652901784051e+04
8.833481500476732617e+04
8.757027695868544106e+04
8.567234088550024899e+04
8.971993338754905562e+04
8.442812058614719717e+04
8.256372504042903893e+04
8.427889838886041252e+04
8.509398645205245703e+04
8.343551872850528162e+04
8.440774631346024398e+04
8.244956762281963893e+04
8.229724783933300932e+04
8.357492715538847551e+04
8.346947146912428434e+04
8.079975130952381005e+04
8.027575686675460020e+04
8.080554390847656759e+04
8.121941710055700969e+04
7.954448980837981799e+04
7.914982607965586067e+04
8.201661815697756538e+04
8.028425630799999635e+04
8.375131166258669691e+04
8.257273558956013585e+04
8.329509328343700327e+04
8.636933893909495964e+04
8.585597371962136822e+04
8.606462114645338443e+04
8.711871146402294107e+04
8.551427494162715448e+04
8.513509345298526750e+04
8.578141645796062949e+04
8.338182796785168466e+04
8.323297807561348600e+04
8.174499637346209784e+04
8.153046789813242503e+04
8.244566644774250744e+04
8.130497008985315915e+04
8.284097470011908445e+04
8.318118376767353038e+04
8.484946795087163628e+04
8.454538622871795087e+04
8.618212772227409005e+04
8.541037142842503090e+04
8.526329700149926066e+04
8.509703691396571230e+04
8.464824002544529503e+04
8.344711683944557444e+04
8.378772633030128782e+04
8.395855486723165086e+04
8.213726984770192939e+04
8.253296071804646635e+04
8.187961886647198116e+04
8.319702085051091854e+04
8.448392993409920018e+04
8.446024434992535680e+04
8.429778412653689156e+04
8.423392127549734141e+04
8.448311881206996622e+04
8.440330524065041391e+04
8.560021733309201954e+04
8.559550225388808758e+04
8.562338771208122489e+04
8.474713087071760674e+04
8.263220292402416817e+04
8.371632692931855854e+04
8.358706647264483036e+04
8.196521304004447302e+04
8.412352516033564461e+04
8.205641073129992583e+04
8.301116722827666672e+04
8.200796033219274250e+04
8.236031772759323940e+04
8.251147521526900528e+04
8.109156217013888818e+04
8.204764518109965138e+04
8.125429370790654502e+04
8.135714925929653691e+04
8.042546233876848419e+04
7.874495812847357593e+04
8.033252032600156963e+04
8.066429664622672135e+04
8.086092784917617973e+04
8.021247105014190311e+04
8.120937175141241460e+04
8.068397120134269062e+04
8.021740367981974850e+04
8.055135532875877107e+04
7.800617334677658801e+04
7.628162475981509488e+04
7.432150939320106409e+04
7.232764550220844103e+04
7.205526772919978248e+04
6.625716083404862729e+04
6.196416790573451726e+04
6.143836789221390791e+04
6.129370004949678696e+04
6.201707974814451882e+04
6.380034865155454463e+04
6.658247305255349784e+04
6.944610883977900085e+04
7.184750999448122457e+04
7.250506028492694895e+04
7.232717489041517547e+04
7.185948684762633638e+04
7.279002759462026006e+04
7.361043349076437880e+04
7.456313230433288845e+04
7.538291266189995804e+04
7.654627796360070352e+04
7.704604805712138477e+04
7.751988790352109936e+04
7.872491212212987011e+04
7.769075059202595730e+04
7.699545442834912683e+04
7.563952838493572199e+04
7.359629391802693135e+04
7.239962844700967253e+04
7.181562286612816388e+04
7.158258538532901730e+04
7.311711317717061320e+04
7.520806120542637655e+04
7.640182965869075269e+04
7.861929503119373112e+04
8.027184834704904642e+04
8.182524441352259601e+04
8.160995778153985157e+04
8.062528029658441665e+04
7.972162419133802177e+04
8.043756965511747694e+04
7.962484553814685205e+04
7.861524935602502956e+04
7.797780041743647598e+04
7.806059601233853027e+04
7.813257955132653296e+04
7.685200331671387539e+04
7.782487724557016918e+04
7.677417768541202531e+04
7.647893671289162012e+04
7.508738093811394356e+04
7.517604975944827311e+04
7.292250190747508896e+04
7.157001179043960292e+04
7.113303392125536629e+04
7.067935175936715677e+04
7.016876095253064705e+04
7.121055646097211866e+04
7.323336387981270673e+04
7.467766418106698256e+04
7.623439715395840176e+04
7.700769324011668505e+04
7.801169700996176107e+04
7.818506967423243623e+04
7.753515407463036536e+04
7.638737752308697964e+04
7.574493986960343318e+04
7.378392580804201134e+04
7.379368289170911885e+04
7.407533300782245351e+04
7.412088776358227187e+04
7.581411037735847640e+04
7.627403577589982888e+04
7.621333387917205982e+04
7.662900609333332977e+04
7.931157472067631898e+04
7.919616968638479011e+04
7.907601643199879618e+04
7.793268973273219308e+04
7.818351547934583505e+04
7.792597045108555176e+04
7.724163696515478659e+04
7.560466314123118354e+04
7.401510905102097604e+04
7.390839245267980732e+04
7.420397901459241984e+04
7.515113402048384887e+04
7.460216581384457822e+04
7.514794183676551620e+04
7.576952116530721833e+04
7.605318540813331492e+04
7.639944076770816173e+04
7.697786737061034364e+04
7.537015923719669809e+04
7.622838878349451988e+04
7.561529800640323083e+04
7.603069621160320821e+04
7.664898555521368689e+04
7.579266853386502771e+04
7.601889870860593510e+04
7.590895651361052296e+04
7.605693528357047762e+04
7.340221163583645830e+04
7.326434769074212818e+04
7.082839903016082826e+04
7.071502200479194289e+04
7.118035727487807162e+04
7.022048638509730517e+04
7.152774139056152490e+04
7.188409716839347675e+04
7.203088984219366102e+04
7.337291673065202485e+04
7.416226213378463581e+04
7.488798298014007742e+04
7.526113488322128251e+04
7.438431157487560995e+04
7.451069294006466225e+04
7.317611034721750184e+04
7.313283637842057215e+04
7.252576220049061521e+04
7.110621383812726708e+04
7.088507535223649757e+04
6.880831784929748392e+04
6.867270942290769017e+04
6.890839482072308601e+04
6.927294875074575248e+04
6.845810197660110134e+04
6.858735950672125909e+04
6.761972682238610287e+04
6.824029915706171596e+04
6.816171571499104903e+04
6.761026207302384137e+04
6.803191664269173634e+04
6.720263214081071783e+04
6.684486565977692953e+04
6.757860436413402203e+04
6.796788277179868601e+04
6.832775260020040150e+04
6.884871112766544684e+04
6.858826614187256200e+04
6.965462442096341692e+04
7.028640548632100399e+04
7.008224451145634521e+04
7.077446560733173101e+04
7.192017219192851917e+04
7.086878433367241814e+04
7.057685698419822438e+04
7.048998993866457022e+04
7.030594616137169942e+04
6.823175376975435938e+04
6.735596847688057460e+04
6.652251558453106554e+04
6.656650165424431907e+04
6.694508348025268060e+04
6.724535015692841262e+04
6.748228224363023764e+04
6.767195608803504729e+04
6.811134337930973561e+04
6.900872190946048067e+04
6.980586726836451271e+04
6.986910149538323458e+04
6.970879266468081914e+04
7.020307418131502345e+04
6.983813643763965229e+04
7.103274219488404924e+04
6.981075764084333787e+04
7.154300065856080619e+04
7.248386234250794223e+04
7.231478255269880174e+04
7.137326502612176409e+04
7.057138427835715993e+04
7.077166007189637457e+04
7.015640191343196784e+04
7.011378683981542417e+04
6.922422966140242352e+04
6.858951398765023623e+04
6.914073089661943959e+04
6.802254266867162369e+04
6.835419124734605430e+04
6.853242608432428096e+04
6.711003243570406630e+04
6.731234421990386909e+04
6.652128735729806067e+04
6.629700729831158242e+04
6.599462646905258589e+04
6.687248987305356422e+04
6.612387113334833703e+04
6.659827292497860617e+04
6.699141420584858861e+04
6.669104049614896940e+04
6.877179760703159263e+04
6.938190612781622622e+04
7.003776791899969976e+04
7.036731610334076686e+04
7.000096789508660731e+04
6.939469419864591327e+04
6.819107345783800702e+04
6.775767323254952498e+04
6.771839108697819756e+04
6.757708922105131205e+04
6.743715921322100621e+04
6.725346969667087251e+04
6.621109289834044466e+04
6.580969820386549691e+04
6.603105490017002739e+04
6.665855546555473120e+04
6.686051711980845721e+04
6.716801870961619716e+04
6.730361483363741718e+04
6.743765966146359278e+04
6.744249178976178518e+04
6.746036524866070249e+04
6.804723765776396613e+04
6.906201672077021794e+04
6.895949268404187751e+04
6.900725072055211058e+04
6.874466142694992595e+04
6.732229004161879129e+04
6.756062836843462719e+04
6.676618386674071371e+04
6.622271187722102331e+04
6.517639595609135722e+04
6.472607218218086200e+04
6.453725460779941204e+04
6.437409130668892612e+04
6.444596714946079737e+04
6.496705179514684278e+04
6.458551400132953859e+04
6.479996432750677195e+04
6.337961252646693174e+04
6.402593440250207641e+04
6.363700064308004221e+04
6.330379070767718804e+04
6.298896795758414373e+04
6.352524078584476229e+04
6.276723458123923774e+04
6.266762121537626081e+04
6.248577304184718378e+04
6.322802990447980847e+04
6.344521422521271597e+04
6.354746546016880893e+04
6.355943681386415119e+04
6.326245097443072154e+04
6.313643346901924087e+04
6.366804465789117239e+04
6.490644380112971703e+04
6.482678226748191082e+04
6.460925577048120613e+04
6.428220404871785286e+04
6.410256244982606586e+04
6.356245633377753984e+04
6.175031757115403161e+04
5.975689578774279653e+04
5.777923911433642206e+04
5.712735632832450938e+04
5.579906704123609961e+04
5.289760430251274374e+04
5.171926582573946507e+04
5.204208357565714687e+04
5.263980783489345777e+04
5.349831608617204620e+04
5.501307142363306775e+04
5.707896950062933320e+04
5.792296957901337009e+04
5.707476399970685452e+04
5.575348116724124702e+04
5.667187274239780527e+04
5.725872375712042412e+04
5.719249999606521305e+04
5.720551881279950612e+04
5.712611254992319300e+04
5.636854321800013713e+04
5.560510145908919367e+04
5.592957913162501063e+04
5.718388726269912149e+04
5.959096842809177906e+04
5.986826372667984833e+04
6.039283641537468066e+04
6.063612124269309425e+04
6.104292202053750225e+04
6.077530736423917551e+04
6.136959583150738763e+04
6.134737931937096437e+04
6.114796243377932842e+04
6.090098544820438110e+04
6.126421847588517994e+04
6.058036792451924703e+04
6.082741186444156483e+04
6.087681748001631786e+04
6.113067620078441541e+04
6.104105226228949323e+04
6.030673599139344151e+04
6.060156437947637460e+04
6.103582211575428664e+04
6.188654078126302920e+04
6.188596449059517909e+04
6.247808694190107781e+04
6.250014495200841338e+04
6.246359975519988075e+04
6.179683233711880166e+04
6.046078751014051522e+04
5.946817464867576200e+04
6.031145152394742036e+04
6.055514271437492425e+04
5.970031480293034110e+04
5.886534006383168889e+04
5.834871817512035341e+04
5.812941803930676542e+04
5.837585216828050761e+04
5.931795845070422365e+04
6.039194518674381106e+04
6.121535574012681172e+04
6.150764634935143113e+04
6.139440501987018069e+04
6.158916201210104191e+04
6.259748512005410157e+04
6.251760085094836541e+04
6.265759920038958080e+04
6.280530413015650265e+04
6.181606240798716317e+04
6.173601849889117148e+04
6.151506032042134757e+04
6.155468830800366413e+04
6.119027918048115680e+04
6.126635239301117690e+04
6.103548084392477176e+04
6.147317073009704472e+04
6.132921952476657316e+04
6.108990232168741204e+04
6.015703156157385820e+04
5.959048943237648928e+04
5.884718230866690283e+04
5.764943757039526099e+04
5.701303584989592491e+04
5.578743935445378156e+04
5.439021121012583171e+04
5.310356939068493375e+04
5.313318466424343205e+04
5.253986973564022628e+04
5.236667302401283087e+04
5.284460860009906173e+04
5.416912533370194433e+04
5.509666835829305637e+04
5.567899709653772879e+04
5.667981658071019046e+04
5.728211673565362435e+04
5.785373756215118192e+04
5.773111134211615718e+04
5.849932054087339202e+04
5.861883847369321302e+04
5.940032750515904627e+04
5.943653488209280476e+04
5.973082339951697941e+04
6.004251619026684057e+04
6.032964594404868694e+04
6.083645252782995522e+04
6.117968008789589658e+04
6.057311960312227893e+04
6.048621435518285580e+04
5.951758296717714256e+04
5.901659127606570837e+04
5.842516156255595706e+04
5.835832745465551852e+04
5.854229545656238042e+04
5.833448491820589697e+04
5.806718670678224589e+04
5.868221778774788982e+04
5.923747509830573108e+04
5.976523501347361162e+04
6.032044493531821354e+04
6.068559985968582623e+04
6.038550286572736513e+04
6.053555950836402917e+04
6.028154407101854304e+04
5.964850626623916469e+04
5.969349151691529551e+04
5.971973642258781183e+04
5.962301818278893188e+04
5.877379955734030227e+04
5.831264769187375350e+04
5.752440268427869159e+04
5.691293181572885806e+04
5.574204000394260220e+04
5.481152620164877590e+04
5.450702067742524378e+04
5.452600443551280478e+04
5.447050523875376530e+04
5.428933372418802173e+04
5.446980267894835561e+04
5.462817343896760576e+04
5.546234648805687902e+04
5.547499200782484695e+04
5.578862678466075886e+04
5.610660301999847434e+04
5.680036715865466977e+04
5.680103648618837906e+04
5.656443886695694528e+04
5.650167511910152825e+04
5.669578984366430086e+04
5.543975040893538971e+04
5.612099829381587915e+04
5.606684323437776038e+04
5.663889033788404049e+04
5.658428206131022307e+04
5.754656862137949065e+04
5.705225941519349726e+04
5.755923445867106784e+04
5.831552310382635915e+04
5.808810574033064040e+04
5.861162216747230559e+04
5.869140621542678855e+04
5.845177699907166971e+04
5.813449436887964839e+04
5.809021482889733306e+04
5.734072080483695026e+04
5.708795383102728374e+04
5.636567810581293452e+04
5.505998742278674763e+04
5.438342578121819679e+04
5.385409977928731678e+04
5.433560220730403671e+04
5.442035418045166443e+04
5.448044231369557383e+04
5.479899635079309519e+04
5.485796098510669253e+04
5.504579292050740332e+04
5.552608572536098654e+04
5.569450186914658843e+04
5.614178778201556270e+04
5.626549149896526797e+04
5.596876866072278790e+04
5.603762095274972671e+04
5.568923285267186293e+04
5.558653202186832641e+04
5.533657065197674092e+04
5.503728753365779994e+04
5.458595289392254926e+04
5.444744960773632192e+04
5.411486774226289708e+04
5.384751826328266179e+04
5.347504659174106928e+04
5.340139841283505666e+04
5.345710914742134628e+04
5.293010473162006383e+04
5.263243223340306577e+04
5.207654989255390683e+04
5.167358328049450938e+04
5.155101291015539027e+04
5.159352143884626275e+04
5.159685309510264051e+04
5.101932507782571338e+04
5.144356107681152935e+04
5.133497661205801705e+04
5.112085599745088257e+04
5.154496666331921733e+04
5.232782910707932024e+04
5.310260859609378531e+04
5.311228308818127698e+04
5.295777619938029238e+04
5.313925847166379390e+04
5.313818919221894612e+04
5.305614830291687394e+04
5.347023685412039777e+04
5.311423776572236966e+04
5.307611619091236207e+04
5.272798119704997225e+04
5.242067881289767683e+04
5.198891959133081400e+04
5.180804641788988374e+04
5.183150780317845783e+04
5.179980497244623984e+04
5.208235309112477989e+04
5.235884209370647295e+04
5.215256717031454173e+04
5.265560802794912161e+04
5.262791401004487125e+04
5.301654573114755476e+04
5.302897534631320741e+04
5.275984349718687008e+04
5.296450044111229363e+04
5.277375740389218845e+04
5.326775149145840987e+04
5.279257820466600242e+04
5.286907760555068671e+04
5.276615754424474289e+04
5.214555918272247800e+04
5.190699382202546258e+04
5.157013447903654742e+04
5.228593157346631051e+04
5.262751539721013251e+04
5.277260651442007656e+04
5.248118885788443731e+04
5.172104930620982486e+04
5.196758792995387921e+04
5.169442543989394471e+04
5.176350558509770053e+04
5.192082182896148879e+04
5.209540723989932303e+04
5.197891710239926033e+04
5.181638903651716100e+04
5.159019500288223207e+04
5.192213149116729619e+04
5.126389828797715018e+04
5.123249788876475941e+04
5.104981450532469898e+04
5.059812496456305962e+04
5.062195734238423029e+04
5.020992139074637817e+04
5.025697920056894509e+04
5.014525771174626425e+04
5.001564346285639476e+04
4.994697317603639385e+04
5.035076969081942661e+04
5.053588014288591512e+04
5.069450206487058313e+04
5.098818538561123569e+04
5.105031648622264765e+04
5.096468727626144391e+04
5.150188726867768855e+04
5.101313964767175639e+04
5.079379376058296475e+04
5.107987043285187247e+04
5.096965516072766331e+04
5.123367418466932577e+04
5.076043233848497766e+04
5.079065292819729802e+04
5.064956772826139058e+04
5.047416505449049873e+04
5.032480120592447201e+04
5.022880605154931982e+04
5.015062991062668880e+04
4.988347550830453110e+04
5.008557498470008431e+04
4.995646197285507515e+04
4.965624352340651967e+04
4.995319350898358971e+04
4.953508352461096365e+04
4.984966163763780787e+04
4.994010333234962309e+04
5.011444186986553541e+04
5.032818598678903800e+04
5.032974313380770036e+04
5.027405202280900266e+04
5.064605458405500394e+04
5.035982093115173484e+04
4.975054254835380561e+04
4.959551489102058258e+04
4.930477787089937192e+04
4.920925548969625379e+04
4.907629641478918347e+04
4.910026676062422484e+04
4.885100272256824246e+04
4.848617335032922711e+04
4.866331744202997652e+04
4.891735010809874802e+04
4.921884874321203097e+04
4.967088945598927967e+04
4.940598106596092111e+04
4.960646288767777878e+04
4.922074893982074718e+04
4.932580535377559863e+04
4.937102882751298603e+04
4.928519277125832741e+04
4.986774531474433752e+04
4.946400019428159430e+04
4.931484620310044556e+04
4.946945775635520113e+04
4.948170137192105176e+04
4.935939772618618008e+04
4.924628090047037404e+04
4.927208601549466403e+04
4.901507210533920443e+04
4.883206081734514009e+04
4.884497979059345380e+04
4.833992387126490939e+04
4.821243855505913962e+04
4.809600904334706138e+04
4.796655220335793274e+04
4.767765223196204170e+04
4.757371274646084203e+04
4.773288905151020299e+04
4.701220495135409874e+04
4.710568244365212740e+04
4.699021051064446510e+04
4.686931922738582944e+04
4.691473249545989529e+04
4.680144084798828408e+04
4.684916340747052163e+04
4.695722996348425659e+04
4.705093215336938010e+04
4.712074555357932695e+04
4.689254334603541793e+04
4.709262721036394214e+04
4.664015693373618706e+04
4.639639937444528186e+04
4.605933386555210745e+04
4.567103075497379177e+04
4.565495840672057966e+04
4.515266668343875790e+04
4.488529622907733574e+04
4.487808316742558964e+04
4.501406566808030766e+04
4.474725676167701749e+04
4.523780094808825379e+04
4.508318036663826206e+04
4.522954853023136820e+04
4.509267523059992527e+04
4.502122087814252154e+04
4.524291832870782673e+04
4.568783062400390190e+04
4.564269509391132306e+04
4.569578156423123437e+04
4.604274392237687425e+04
4.639779667196934315e+04
4.633765025380071165e+04
4.661254309593314974e+04
4.654244043304782826e+04
4.617713530888084642e+04
4.612993970192248526e+04
4.603017930860830529e+04
4.569573626599244744e+04
4.535729463738457707e+04
4.527026024254966615e+04
4.505698771078642312e+04
4.464344088972778991e+04
4.459841979525527131e+04
4.500644229938550416e+04
4.526550783999592386e+04
4.546480673096650571e+04
4.565977638668482541e+04
4.579168489848314493e+04
4.545656161923566833e+04
4.538327437159151305e+04
4.552043192942558380e+04
4.563549258603518683e+04
4.546446851267384773e+04
4.532759932241231581e+04
4.506227121653308859e+04
4.500149455624070106e+04
4.493152875244995812e+04
4.475197959432520292e+04
4.474693065555478097e+04
4.472463731895972160e+04
4.479219314940072945e+04
4.479637798202793783e+04
4.472641231701685319e+04
4.483591708020375518e+04
4.489620556205449247e+04
4.459985049169675767e+04
4.455682814812785364e+04
4.455123760172315815e+04
4.412296555363321386e+04
4.390507576944884931e+04
4.359235242346369341e+04
4.342178085821746936e+04
4.309450961931428901e+04
4.316204370183852734e+04
4.301903079211313161e+04
4.295567463412087818e+04
4.298964385242012941e+04
4.311470890482985851e+04
4.362616034124696307e+04
4.382597262801153556e+04
4.395213091698310745e+04
4.403911317946042254e+04
4.434024723562004510e+04
4.416698727559914551e+04
4.425779356003261637e+04
4.433437761640573444e+04
4.422920632832368574e+04
4.399846939310995367e+04
4.389730811859338428e+04
4.378878434290587029e+04
4.326741070371765090e+04
4.303778005470097560e+04
4.312430207903455448e+04
4.256061110939374339e+04
4.244610383391599316e+04
4.201517725420749048e+04
4.199512854629048525e+04
4.224537333284284978e+04
4.221728463252406800e+04
4.231541762212615140e+04
4.244563909992032131e+04
4.238250288722060941e+04
4.253536438488114072e+04
4.264720335191159393e+04
4.267501556548880035e+04
4.257990461861997028e+04
4.243294696898457187e+04
4.223483077930819854e+04
4.201813984636492387e+04
4.154659072732584173e+04
4.112860359771257208e+04
4.076852004908604431e+04
4.083868626361784845e+04
4.065821114841019880e+04
4.052310114003383205e+04
4.042578746363537357e+04
4.066050279956952727e+04
4.050125036618414015e+04
4.087126175038514339e+04
4.130059125600124389e+04
4.151148912613596622e+04
4.188809977659124706e+04
4.213778286084392312e+04
4.234924447865915863e+04
4.218882841525627009e+04
4.225345154807142535e+04
4.234349167662473337e+04
4.240664312409886770e+04
4.234769890235594357e+04
4.226451829369734332e+04
4.220212461851136322e+04
4.206070143210633250e+04
4.214247732124847971e+04
4.208448906234747119e+04
4.218326728718246886e+04
4.201386378055716341e+04
4.178622475133703847e+04
4.186544900364589557e+04
4.170171541728705779e+04
4.186410434243234340e+04
4.177365656164738903e+04
4.163276201297871739e+04
4.174128153712148196e+04
4.156467565288503101e+04
4.141548481025071669e+04
4.132155080602154339e+04
4.113794200473955425e+04
4.070011315868027305e+04
4.057349907353190792e+04
4.050253546430556889e+04
4.042341548137275095e+04
4.061044930635102355e+04
4.040979486691500642e+04
4.026045945689876680e+04
4.032797683596041315e+04
4.028496648322497640e+04
4.047088748775490967e+04
4.056712304949283862e+04
4.071286147302364407e+04
4.086225665131315327e+04
4.044277551055257936e+04
4.058368751697782136e+04
4.062513015875819838e+04
4.076790886983878590e+04
4.077471268625828816e+04
4.095574576709266694e+04
4.079011413764583995e+04
4.090136229157490743e+04
4.063724785621619958e+04
4.032923871591963689e+04
4.007334013709821011e+04
3.992166466748214589e+04
3.981858540526467550e+04
3.954139578903053189e+04
3.956151729131638422e+04
3.962518318962310877e+04
3.944358202910023101e+04
3.953515169884369971e+04
3.955430604296179081e+04
3.956655326131545735e+04
3.969034295586775261e+04
3.990858207186571963e+04
4.006633672835893231e+04
3.991021039527045650e+04
4.013404986193721561e+04
4.026236267197148845e+04
4.038479342529733549e+04
4.031490596086120058e+04
4.065353270766475180e+04
4.055224616065855662e+04
4.028571561529747123e+04
4.036946806649930659e+04
4.061698938221551361e+04
4.039681168848612288e+04
4.035503498137847782e+04
4.035339549712128792e+04
4.028697877728419553e+04
4.047874986032857123e+04
4.040986535894412373e+04
4.046927747595258552e+04
4.039772518911155203e+04
4.058729298761091195e+04
4.065848175484491367e+04
4.070697988086081023e+04
4.076706545308035857e+04
4.073571467856127856e+04
4.085632923423972534e+04
4.090176215820833022e+04
4.098617044554193853e+04
4.095049829493683501e+04
4.099762373299102183e+04
4.087573436503217818e+04
4.088884208287925867e+04
4.097104368699177576e+04
4.085375298793090042e+04
4.098953630239605991e+04
4.073054433713568142e+04
4.060705999943944335e+04
4.056782861259773199e+04
4.074829669713035400e+04
4.070097533862714772e+04
4.073337787638325244e+04
4.073695916124779615e+04
4.055494759729007637e+04
4.043892700291611254e+04
4.056695184548514953e+04
4.055292478910171485e+04
4.052758761783003138e+04
4.045729922833786259e+04
4.018914595012185600e+04
4.003318424770487036e+04
3.980181917892349156e+04
3.941117209522097983e+04
3.946035601713905635e+04
3.926275596842784580e+04
3.930635133199287520e+04
3.899623303310467600e+04
3.904354854469800193e+04
3.933673322652204661e+04
3.919292840099933528e+04
3.916545083087441890e+04
3.949254745227173407e+04
3.973008191366507526e+04
3.976170303614607110e+04
3.976121475102169643e+04
3.978284421122818458e+04
3.986429701956849749e+04
3.987853466969079454e+04
3.988009721857705154e+04
3.979204686451965244e+04
3.967947656854290108e+04
3.968187474590456259e+04
3.946224757358353236e+04
3.947546947497333895e+04
3.921558116731314658e+04
3.916237327633755922e+04
3.885868790456240094e+04
3.811098403457782842e+04
3.735239196744225046e+04
3.655707364041051915e+04
3.619150857607258513e+04
3.563214385348837095e+04
3.515084585117977986e+04
3.450470736575583578e+04
3.410632267804581352e+04
3.387029913353356096e+04
3.379521575002891041e+04
3.416148020071547217e+04
3.481222131950836774e+04
3.550107284253979014e+04
3.597700370673028374e+04
3.627950881985585875e+04
3.651728226485752384e+04
3.718827616156410659e+04
3.763682995177046541e+04
3.783611965694298124e+04
3.810727717666626268e+04
3.820993065118364757e+04
3.791963332034744235e+04
3.801395094094343949e+04
3.786376790570777666e+04
3.783369165985472500e+04
3.751301822772265587e+04
3.777723119320542173e+04
3.765087544195158989e+04
3.754132736948264937e+04
3.732430846339956042e+04
3.738366010123995511e+04
3.757802424545203394e+04
3.767264040241618932e+04
3.748106166871010646e+04
3.743204494917966804e+04
3.753979054381795868e+04
3.752357863406831893e+04
3.763266811874147970e+04
3.749004406315639790e+04
3.753849195787338977e+04
3.753755521758244140e+04
3.756837116390257870e+04
3.762300313625309354e+04
3.758274573846695421e+04
3.743666800063110713e+04
3.747829090890256339e+04
3.720767607079214213e+04
3.720998244298948703e+04
3.693396765331601637e+04
3.690472044685496076e+04
3.678620343072108517e+04
3.676945499569109234e+04
3.652483022029296990e+04
3.666509731790459773e+04
3.662577707564360026e+04
3.685722658241167665e+04
3.658845703169632907e+04
3.664012044921699999e+04
3.665482672379786527e+04
3.698178055560765642e+04
3.703052400745745399e+04
3.705246186542521173e+04
3.732368165290565958e+04
3.727350258102027146e+04
3.715483092369994847e+04
3.737648376866682520e+04
3.728594839678271819e+04
3.713681529900622263e+04
3.722659602903103223e+04
3.720187347819249408e+04
3.731489115542448417e+04
3.727753115068396437e+04
3.699792401691343548e+04
3.663435237757303548e+04
3.682504711133566161e+04
3.661771028337678581e+04
3.677197021826553828e+04
3.682015641576724738e+04
3.675878319299170107e+04
3.647379335493291001e+04
3.637038933558663120e+04
3.620737406328549696e+04
3.616009661623531429e+04
3.629818625467313541e+04
3.644360342668554949e+04
3.638556252033663623e+04
3.616075796471468493e+04
3.633076904103984270e+04
3.644667030134741071e+04
3.634193379478234419e+04
3.628526293775419617e+04
3.652262404427897127e+04
3.640141989632002515e+04
3.646588713182770880e+04
3.647780801665573381e+04
3.640693354593256663e+04
3.645997163108550012e+04
3.615635105399266467e+04
3.593184797935363167e+04
3.595612616429920308e+04
3.586396940892835119e+04
3.585076862290336430e+04
3.572561473107709025e+04
3.566898356717979186e+04
3.562655838959146058e+04
3.537484008888551034e+04
3.563376509378493211e+04
3.531587375406016508e+04
3.549182146082878899e+04
3.534191285698451247e+04
3.521893567340477603e+04
3.508224415367884649e+04
3.500946761433694337e+04
3.510597367014860356e+04
3.498485367312167364e+04
3.511858187014768919e+04
3.509512587721231102e+04
3.508321141606254969e+04
3.533366895413027669e+04
3.548857333675257541e+04
3.566035704466695461e+04
3.589205831066802784e+04
3.595363654748651606e+04
3.579836435124880518e+04
3.602106775659420964e+04
3.591890475523554778e+04
3.611503434287098207e+04
3.609519713712613884e+04
3.592820623701959266e+04
3.607751976065341296e+04
3.576386420771346457e+04
3.589357703220669646e+04
3.579737062621458608e+04
3.607971581119347684e+04
3.571529907088786422e+04
3.591204879636607802e+04
3.582119260673841200e+04
3.552761731599375344e+04
3.558331554691245401e+04
3.566358592111025791e+04
3.555161189894660492e+04
3.561686286721712531e+04
3.550879252842316055e+04
3.549824314557760226e+04
3.520841025949852337e+04
3.534086173499781580e+04
3.507896053899043181e+04
3.541202468865839910e+04
3.546661701103552332e+04
3.516171025418036152e+04
3.537272884628218890e+04
3.527645739290445636e+04
3.538463972514445777e+04
3.545219425384590431e+04
3.538219084500643658e+04
3.550099292985122884e+04
3.546852230184905056e+04
3.544847667325030488e+04
3.530005588487727073e+04
3.507719830215154070e+04
3.509044429986759496e+04
3.509606994294246397e+04
3.480761819274820300e+04
3.464914390128959349e+04
3.479041884271325398e+04
3.463814317286635196e+04
3.483192591380062368e+04
3.462911318818370637e+04
3.466940109550496709e+04
3.469649096466775518e+04
3.465537936501501099e+04
3.455244231824464077e+04
3.465898100623651408e+04
3.481626062100919080e+04
3.480018973476928659e+04
3.464607742395679816e+04
3.454645806371794606e+04
3.423867052202578634e+04
3.420231810545199551e+04
3.414479776104140910e+04
3.416968288053441938e+04
3.434335971253099706e+04
3.404918705330364901e+04
3.422387423306454730e+04
3.411286703947066417e+04
3.412258327576122247e+04
3.420678886505481933e+04
3.432799304578473675e+04
3.467284904786534025e+04
3.471140021946418710e+04
3.465566965546536812e+04
3.465783108412320144e+04
3.429562010009779624e+04
3.432390167010767618e+04
3.423577832911832957e+04
3.402501170050974906e+04
3.405553371531200537e+04
3.407732616096751735e+04
3.378301644748175022e+04
3.398483688396037178e+04
3.393595741822628770e+04
3.376446348016641423e+04
3.408792285357263609e+04
3.402863011251084390e+04
3.395334621030357812e+04
3.363699434597802610e+04
3.360761924445692421e+04
3.341398755773082667e+04
3.341772578094283381e+04
3.319245436258722475e+04
3.307028226019109570e+04
3.318227577829126676e+04
3.324088048461225844e+04
3.329776927557964518e+04
3.312875501656572305e+04
3.332523545818487764e+04
3.376380781259631476e+04
3.401611945218384790e+04
3.387327662324251287e+04
3.381392496088441112e+04
3.409304732296280417e+04
3.383663515034000739e+04
3.378735579510352545e+04
3.360430317204423045e+04
3.379182046921285655e+04
3.341771541393239022e+04
3.295637716407163680e+04
3.269871784212621424e+04
3.249008195688499472e+04
3.232883167222932752e+04
3.234309993930663040e+04
3.223099874285475380e+04
3.204045057043858105e+04
3.200909031201209655e+04
3.204244939920368415e+04
3.222037589165897589e+04
3.234242457553807617e+04
3.253173112467796091e+04
3.289789548689710500e+04
3.283792613069758227e+04
3.283424386915106152e+04
3.307847447506665776e+04
3.345054327378301241e+04
3.337150150458292046e+04
3.356199248831213481e+04
3.353045800989886629e+04
3.371412723289403948e+04
3.361938134511860699e+04
3.351224870375576575e+04
3.367625923288056947e+04
3.339569695280418819e+04
3.340085568931401940e+04
3.315838182984801824e+04
3.338216134356681869e+04
3.316841876800639147e+04
3.322767881827722158e+04
3.323903893106170290e+04
3.323492509710791637e+04
3.320796031495530042e+04
3.315754701121441030e+04
3.346037067929235491e+04
3.353402561622561916e+04
3.368586190290054219e+04
3.357280885999188467e+04
3.374503636299096979e+04
3.376579895319139177e+04
3.370417058312697191e+04
3.376161245632946520e+04
3.367628036470882944e+04
3.362623705521973170e+04
3.356766459253327776e+04
3.334065146730326524e+04
3.313144250374046533e+04
3.302858086148846633e+04
3.286123189025450847e+04
3.267875039332317465e+04
3.283671184195188835e+04
3.257487635206841878e+04
3.271966755502661908e+04
3.271531624333378932e+04
3.280212104597558209e+04
3.276704100683087017e+04
3.275304315673853489e+04
3.266453726806440682e+04
3.245179577591346242e+04
3.235994390932919850e+04
3.242511085702393393e+04
3.235969525134362630e+04
3.241357200420440495e+04
3.208430233111326015e+04
3.217749680613906821e+04
3.218876731971437766e+04
3.213967786048888229e+04
3.214789814503697198e+04
3.199534808105374395e+04
3.205876476959832144e+04
3.210073528927151710e+04
3.185189012336086671e+04
3.167438118530637803e+04
3.185839814500390639e+04
3.183680125014842997e+04
3.168039748794124534e+04
3.161863818370921945e+04
3.153357333294977434e+04
3.144252315262343109e+04
3.123003800684319140e+04
3.137060897375888817e+04
3.128935364218677933e+04
3.133077529880477960e+04
3.129689396102974206e+04
3.129174671642856629e+04
3.146399179767791065e+04
3.132334522501487299e+04
3.159084133407860281e+04
3.178011948181497064e+04
3.173444629376872399e+04
3.187419144026946742e+04
3.196432715085945165e+04
3.217718251623495598e+04
3.209482852088469372e+04
3.195563188421849554e+04
3.189866021924371671e+04
3.148991147467404880e+04
3.131449366529873078e+04
3.058688803921007275e+04
3.039986941227379430e+04
3.021828394039504929e+04
2.996140993420620725e+04
2.979835912344480312e+04
2.976084142160507326e+04
2.984323152630482946e+04
2.984182760122290711e+04
3.012895740958982060e+04
3.045596705355688391e+04
3.048503901815210338e+04
3.085983758310300254e+04
3.091888197284004491e+04
3.097877540159369164e+04
3.091352860477572176e+04
3.079243715732738565e+04
3.073447331220589331e+04
3.039494431112219900e+04
3.020116093936695324e+04
3.010236624419964573e+04
2.995838696974607228e+04
3.016077699905148256e+04
3.032374918404088021e+04
3.040053093248267760e+04
3.024290136739983063e+04
3.026894466004865171e+04
3.033802643771560906e+04
3.063576067129844523e+04
3.066539674606028348e+04
3.066638138002294727e+04
3.083428645880138720e+04
3.088097171861471725e+04
3.067765203170229870e+04
3.033367466947992943e+04
3.041868189271184747e+04
3.039621788360281062e+04
3.011675143874263813e+04
3.011585976105513328e+04
3.030079646787253296e+04
3.036231865061811186e+04
3.065124550342798466e+04
3.083934179036693968e+04
3.092920598820608939e+04
3.110662904930778313e+04
3.119786267736816444e+04
3.128906227641568330e+04
3.128613381147303517e+04
3.116982333692620887e+04
3.105126615614347247e+04
3.118271970901386157e+04
3.086441240704170923e+04
3.075057539437359446e+04
3.089071921448803187e+04
3.057020651308660308e+04
3.083655491671305572e+04
3.065986916517905411e+04
3.062568666340128038e+04
3.072084804290537068e+04
3.089957185147861310e+04
3.091927389633157509e+04
3.104716711625154858e+04
3.087473235669343921e+04
3.119627045318413366e+04
3.112830441732659892e+04
3.124959455283452189e+04
3.120455761882417573e+04
3.126714973013369308e+04
3.107619213368965211e+04
3.114550008515815352e+04
3.096495738541044921e+04
3.073915956218829160e+04
3.075030530066453866e+04
3.077398427038642694e+04
3.067323593114425603e+04
3.086108599343165770e+04
3.077597583172734085e+04
3.084248649740124529e+04
3.090885527593818551e+04
3.103141716625145636e+04
3.104736980952437807e+04
3.120007360139033335e+04
3.128892693294436685e+04
3.138664447703387123e+04
3.131908753852951486e+04
3.149155700195436293e+04
3.152861349227122264e+04
3.127320953495357753e+04
3.144411613587288957e+04
3.140774952592680347e+04
3.136110248120555843e+04
3.144292272407391647e+04
3.126484902337195672e+04
3.123174877137962176e+04
3.135850167359642001e+04
3.134588672550545743e+04
3.154001286590477685e+04
3.118033153329079505e+04
3.130154506238493559e+04
3.120003464148021521e+04
3.106768459867822457e+04
3.101069667115539414e+04
3.068084102052311573e+04
3.045341887571231200e+04
3.045568637867505822e+04
3.056804585522731577e+04
3.058008518121076122e+04
3.054653228488822424e+04
3.060098771021193534e+04
3.042143475951964137e+04
3.053964812780396096e+04
3.036684774505985115e+04
3.038740302801304279e+04
3.050927073905098223e+04
3.072673512526414925e+04
3.042272955121092673e+04
3.040535756577428401e+04
3.041390338273374437e+04
3.039309155969039057e+04
3.043429964165501951e+04
3.019342401510795753e+04
3.038162973755255371e+04
3.045972234947394827e+04
3.049920012828847757e+04
3.056442845468023006e+04
3.062195844207072514e+04
3.062904051105107283e+04
3.087063163545029238e+04
3.053174838230624300e+04
3.067982573392890117e+04
3.080471062665666977e+04
3.089842226761265192e+04
3.095773125072205585e+04
3.077423243143524451e+04
3.062116761274196688e+04
3.048150601760786230e+04
3.036164117333153263e+04
3.051079475201290188e+04
3.040455605808608016e+04
3.064056247526222069e+04
3.060862638376255200e+04
3.063455713462073982e+04
3.067726297581246035e+04
3.056446923431355390e+04
3.041768942874477580e+04
3.031792476243366764e+04
3.058451328318855303e+04
3.041151737683610554e+04
3.054060626351261453e+04
3.031640620884531745e+04
3.016251985356162913e+04
3.018106655130358558e+04
3.018391508938822517e+04
3.011862112139023884e+04
3.003718461653449049e+04
2.998903088762156403e+04
2.995297009971883381e+04
2.974071682423863240e+04
2.969470911956517011e+04
2.986214932356894496e+04
2.994723634991340805e+04
2.990741751663554169e+04
2.964171306343355900e+04
2.966227772001722406e+04
2.966277410798772689e+04
2.965684229692480221e+04
2.963225458238225110e+04
2.953133377308602940e+04
2.937463091159025498e+04
2.961997858844183429e+04
2.948653186745617131e+04
2.928480760001097951e+04
2.934569676182471085e+04
2.937836952851909518e+04
2.947490723804991285e+04
2.944109055794457527e+04
2.959425577371224790e+04
2.969098848130513943e+04
2.955387676207884579e+04
2.955018074876605897e+04
2.951790118290725513e+04
2.928966106915784985e+04
2.890301278314608135e+04
2.865991899499871579e+04
2.871325758888946802e+04
2.838884852662637786e+04
2.832418608608997238e+04
2.827884984796532081e+04
2.818388203866842377e+04
2.819931272903523495e+04
2.852954898723377846e+04
2.870330705837462301e+04
2.903745128261329592e+04
2.922387086529445878e+04
2.967590443611415321e+04
2.994500444834067821e+04
2.989335060094424625e+04
3.019779895503444641e+04
2.996627161857059036e+04
2.997597393410064979e+04
2.987096546367219707e+04
2.937287829337995936e+04
2.939810912139697757e+04
2.912880913544985742e+04
2.917703773599840497e+04
2.891357320951501970e+04
2.914174026976646928e+04
2.905584151521203967e+04
2.902667894551128484e+04
2.919046885239076073e+04
2.913683911297648228e+04
2.939046478989293973e+04
2.951101802702317582e+04
2.969238819401320507e+04
2.961232021537352921e+04
2.959444823630243627e+04
2.964532767699263422e+04
2.950662925478037505e+04
2.949093887623864066e+04
2.952720407696447728e+04
2.958902446301979580e+04
2.959341684749220076e+04
2.959005334852851956e+04
2.947374195356501150e+04
2.931287431401057620e+04
2.946537966182918899e+04
2.925853660593433233e+04
2.907008355774801748e+04
2.915336861467635026e+04
2.897874994398919080e+04
2.887733243642090383e+04
2.866406146051434916e+04
2.863705047733253377e+04
2.845741651798416933e+04
2.833499753876980321e+04
2.831053383808858052e+04
2.792825885774566996e+04
2.775274295939435251e+04
2.718197377982009129e+04
2.617626351966787843e+04
2.511445978114293757e+04
2.431545869211038371e+04
2.383282982662901486e+04
2.357016529658275977e+04
2.357173055635261335e+04
2.350826005818431804e+04
2.358805887056676147e+04
2.372564048089444987e+04
2.417167911049339455e+04
2.473819056149620883e+04
2.545270518093186547e+04
2.653750301380821111e+04
2.743099258974716940e+04
2.772240133068900468e+04
2.790219359882108256e+04
2.826093874527864682e+04
2.838398886682138618e+04
2.849363811614619044e+04
2.851190884933383131e+04
2.875030112363608714e+04
2.868881769432538931e+04
2.882938554296785514e+04
2.894990617948969884e+04
2.904796343904832611e+04
2.896042814299593010e+04
2.889928696570736065e+04
2.873257157238524815e+04
2.865749339462130592e+04
2.874524193855224803e+04
2.864808077648013932e+04
2.861223490197201318e+04
2.867175059382518884e+04
2.877723034668790569e+04
2.886292068815916718e+04
2.887582083547041475e+04
2.872051587525805735e+04
2.887692843425942920e+04
2.904422441500959758e+04
2.898647226866807978e+04
2.906975375456942857e+04
2.896585888488359706e+04
2.898440817217955919e+04
2.908569949424408696e+04
2.907783956093006418e+04
2.886469224177244178e+04
2.908838519433599868e+04
2.913701954857713281e+04
2.908692912721249013e+04
2.912980638383749465e+04
2.908789885806269012e+04
2.928003384049036686e+04
2.929524627736500042e+04
2.914823462908862712e+04
2.927471587966893276e+04
2.923163146570219760e+04
2.920621837219581721e+04
2.918700559209602579e+04
2.921349641342019822e+04
2.899450216427443956e+04
2.896444038560538684e+04
2.891140335767341094e+04
2.874581275485577135e+04
2.873501600514784514e+04
2.883513211919177047e+04
2.868926275650250682e+04
2.883284737716773816e+04
2.856444818084605868e+04
2.857509777581853632e+04
2.870427097972628326e+04
2.846446284043217020e+04
2.850826996736771252e+04
2.857048855654670842e+04
2.868276750225474461e+04
2.887861869096755618e+04
2.898031825533361189e+04
2.879973795463336137e+04
2.883914886387175284e+04
2.885662008009511192e+04
2.904288112830209866e+04
2.902172965844546343e+04
2.897446423506950669e+04
2.913041605789602909e+04
2.919743774118992951e+04
2.906890167698446749e+04
2.917300947574508609e+04
2.893475396961642400e+04
2.877443020217204321e+04
2.864407577587162814e+04
2.872810487910980737e+04
2.864960305831992446e+04
2.852712714978076110e+04
2.869311019201672752e+04
2.857286396285854426e+04
2.852191263136601265e+04
2.853295890675862393e+04
2.867885693368107241e+04
2.860337018471005285e+04
2.878689238717640910e+04
2.847560135691621690e+04
2.866375618876327280e+04
2.861254236808194764e+04
2.859379456325718638e+04
2.853545905191373095e+04
2.859644397427109652e+04
2.860677901027529879e+04
2.871542201024997121e+04
2.839813405209437769e+04
2.850553413226148041e+04
2.856122092965127013e+04
2.871683382223769149e+04
2.873491783749673777e+04
2.884561189663406549e+04
2.875212874970916891e+04
2.912144777302161310e+04
2.894607379233037864e+04
2.851632620307462639e+04
2.858963673418980761e+04
2.851499288950582195e+04
2.853010146059774706e+04
2.832825429264234117e+04
2.839427268941318471e+04
2.844865874965217154e+04
2.824126222869177582e+04
2.836819499557579911e+04
2.826499905783883878e+04
2.840668247187132511e+04
2.831980930168747363e+04
2.833744235693946393e+04
2.853580559536177680e+04
2.833096427547353596e+04
2.824783763902807186e+04
2.830065798036538035e+04
2.788671445853562909e+04
2.781702902552344676e+04
2.788891639528407541e+04
2.801523754491522777e+04
2.761715823647664001e+04
2.790452262381635228e+04
2.784883494772966878e+04
2.767706518525386491e+04
2.762298119641100129e+04
2.802571254032138313e+04
2.789004215956829648e+04
2.807362504417513628e+04
2.832624732684971241e+04
2.790712779950544427e+04
2.812910346908181236e+04
2.807222878794090866e+04
2.821248264156351070e+04
2.806924155962098303e+04
2.800432424309277485e+04
2.811612917198865398e+04
2.796921953235942783e+04
2.810517051520183304e+04
2.806896329027319007e+04
2.793433578334814229e+04
2.789937761202235197e+04
2.807969760268295067e+04
2.783236326998299046e+04
2.795807234638315640e+04
2.764344813442508894e+04
2.767593729417946452e+04
2.782441876535307892e+04
2.779766015438544855e+04
2.792909513748748941e+04
2.778561514299052578e+04
2.785991816884373111e+04
2.754462354215420055e+04
2.783356583055291412e+04
2.773540365014334748e+04
2.766911590813967632e+04
2.773510899894560134e+04
2.792591875367397733e+04
2.784056220846213910e+04
2.803858595261087976e+04
2.794301597374221092e+04
2.785029006703700361e+04
2.788239758757019081e+04
2.773515912807057612e+04
2.775923032492303537e+04
2.774533868837295449e+04
2.772637869393909568e+04
2.751603687383327269e+04
2.778717527733648603e+04
2.763494226408047325e+04
2.752429788078169076e+04
2.763542122520423436e+04
2.764877728556505463e+04
2.772677804773022217e+04
2.764265073393220155e+04
2.794185735651723007e+04
2.764115952387030848e+04
2.762797593961314851e+04
2.774821200749708078e+04
2.774291143379104687e+04
2.757557507709155834e+04
2.765525863104068048e+04
2.756096194374929473e+04
2.747111673984471054e+04
2.762413105092137630e+04
2.758147294095596953e+04
2.746919442195645388e+04
2.752895119793783670e+04
2.755422508060523251e+04
2.756892470859174864e+04
2.752041611905293030e+04
2.733591389780323152e+04
2.767602051986387960e+04
2.745205174253930818e+04
2.702083829586602951e+04
2.725719695889155264e+04
2.745554767793978681e+04
2.746525133934639962e+04
2.726691353868844817e+04
2.739227493128728020e+04
2.736424677957124004e+04
2.728288270172370540e+04
2.732266591902710206e+04
2.736415802235888259e+04
2.726067908542877194e+04
2.736029686391918585e+04
2.725043022810859111e+04
2.736974695862585213e+04
2.729423916100804490e+04
2.722120663247771881e+04
2.727708632104040225e+04
2.738663431429105185e+04
2.713366251439764528e+04
2.746417979330992966e+04
2.727305095508305021e+04
2.712336485609537704e+04
2.720938217770314441e+04
2.728362227052396702e+04
2.709116778768502263e+04
2.721124720061310290e+04
2.698723675273367189e+04
2.711689885985678848e+04
2.692686851618573201e+04
2.701970337038021171e+04
2.672779690540040974e+04
2.693405656603138414e+04
2.659298620778467011e+04
2.661166017639093116e+04
2.634480152486332008e+04
2.643660171771622481e+04
2.646478011468609839e+04
2.658699898083423977e+04
2.645697374715133265e+04
2.651435085303099549e+04
2.670827507147070355e+04
2.653300021006846146e+04
2.670342969695570355e+04
2.673130648972928975e+04
2.673230533995630685e+04
2.665149524986182223e+04
2.659730528298316858e+04
2.651514888350685214e+04
2.639076090289451531e+04
2.646096974723815947e+04
2.653107784886074660e+04
2.642970457142633677e+04
2.613192401427703589e+04
2.522182978012271633e+04
2.417070921551506763e+04
2.298246924196277178e+04
2.192310041922339224e+04
2.054723057337718637e+04
1.939287541738217624e+04
1.846140587831736775e+04
1.766551857360171562e+04
1.689794820584389890e+04
1.629910731199754082e+04
1.603839116270575505e+04
1.649787798235203809e+04
1.726893529506645791e+04
1.861930022266545711e+04
1.955558386470347614e+04
2.030154756286085831e+04
2.084944974503370395e+04
2.120019977108125750e+04
2.153192276204186419e+04
2.174492175793127899e+04
2.181364202538138125e+04
2.172536693212882892e+04
2.158720916355813824e+04
2.155244868758880330e+04
2.113200050011317580e+04
2.098751699616703627e+04
2.074225747579880772e+04
2.098944442137914666e+04
2.085376571083505769e+04
2.099402206352835492e+04
2.116622403924976970e+04
2.156793600269481976e+04
2.148619139872527376e+04
2.157633574548613615e+04
2.203495113799027604e+04
2.217172903616237454e+04
2.229922446618489266e+04
2.246376274342415127e+04
2.266862250364768261e+04
2.277891184465212427e+04
2.305638582593805768e+04
2.320284204254759970e+04
2.333003241789013919e+04
2.330107537177147242e+04
2.343671303355692726e+04
2.361530662329963161e+04
2.349667002151138149e+04
2.399401521838585541e+04
2.417930660274800175e+04
2.386867339454923422e+04
2.384383579131481383e+04
2.408891140141395226e+04
2.417872887872959109e+04
2.437282106935943739e+04
2.416232437693636530e+04
2.412335263959645818e+04
2.434103300467478402e+04
2.448700981832891557e+04
2.415676718431794507e+04
2.410955202942479082e+04
2.423203665321529843e+04
2.436528928988671396e+04
2.423267279872797371e+04
2.437783752447316147e+04
2.415817240194547048e+04
2.395912858121488534e+04
2.398790567033351181e+04
2.397876085473106650e+04
2.391313398435333147e+04
2.387656178285417627e+04
2.400297951704626394e+04
2.404447344302040074e+04
2.377230285371946593e+04
2.379369991691391624e+04
2.388988088450228315e+04
2.403269554115719802e+04
2.445694305575393446e+04
2.443551630812233270e+04
2.422538386685257865e+04
2.423053946278114381e+04
2.433313496370299254e+04
2.415056995900699985e+04
2.416565173714371849e+04
2.440365482709741991e+04
2.425478450664722186e+04
2.434004963676650732e+04
2.429872992984111261e+04
2.453431906472117043e+04
2.461372189815947058e+04
2.486792375753182205e+04
2.526127608791528837e+04
2.529184461985390953e+04
2.545928769999578799e+04
2.546704505396286186e+04
2.549208476597692788e+04
2.544773422584344735e+04
2.518631202871820642e+04
2.527280598376523631e+04
2.506653796409040297e+04
2.505434621420792610e+04
2.496169633067040195e+04
2.478183012015154236e+04
2.481185746994128203e+04
2.476868377773452085e+04
2.481567662431747158e+04
2.486114993692255666e+04
2.454170270711619742e+04
2.454099828891076686e+04
2.442405492610837246e+04
2.456822430806611010e+04
2.439889735674787153e+04
2.427925074970200149e+04
2.435744716974697440e+04
2.435442999994468846e+04
2.434685659585854228e+04
2.427887435270166679e+04
2.437824674559132109e+04
2.423579192946761395e+04
2.437176137746794484e+04
2.421673108202735966e+04
2.408360121265497219e+04
2.397352747391792946e+04
2.392983384205227048e+04
2.406199059715254407e+04
2.384480520298520787e+04
2.374700787461088476e+04
2.392869626650179634e+04
2.388670587133645313e+04
2.384495544565089949e+04
2.404396108924576401e+04
2.376173892312951284e+04
2.366735599560907212e+04
2.381062917172043672e+04
2.378931419912954152e+04
2.391592133983785970e+04
2.393905084066261043e+04
2.391851234853675123e+04
2.369505684607748117e+04
2.370759835067870154e+04
2.361332957343406451e+04
2.341528344307095540e+04
2.360848443779977606e+04
2.361288020778741338e+04
2.379204535627750738e+04
2.380172318713666755e+04
2.386965445724212987e+04
