3.653999999999999773e+02
3.383500000000000227e+02
3.324499999999999886e+02
3.677500000000000000e+02
3.590000000000000000e+02
3.761499999999999773e+02
3.882500000000000000e+02
3.638000000000000114e+02
3.611999999999999886e+02
3.792999999999999545e+02
3.809499999999999886e+02
3.592500000000000000e+02
3.578500000000000227e+02
3.588999999999999773e+02
3.706499999999999773e+02
3.712999999999999545e+02
3.621000000000000227e+02
3.852500000000000000e+02
3.878000000000000114e+02
3.922500000000000000e+02
3.901000000000000227e+02
3.891499999999999773e+02
3.886499999999999773e+02
3.843500000000000227e+02
3.961499999999999773e+02
3.855499999999999545e+02
3.861000000000000227e+02
4.166499999999999773e+02
3.991000000000000227e+02
3.941499999999999773e+02
4.047500000000000000e+02
3.833000000000000114e+02
4.157000000000000455e+02
4.109500000000000455e+02
4.274500000000000455e+02
4.265499999999999545e+02
4.407000000000000455e+02
4.198999999999999773e+02
4.362500000000000000e+02
4.336000000000000227e+02
4.143000000000000114e+02
4.395499999999999545e+02
4.589500000000000455e+02
4.560499999999999545e+02
4.697500000000000000e+02
4.394499999999999886e+02
4.371499999999999773e+02
4.500000000000000000e+02
4.631499999999999773e+02
4.611499999999999773e+02
4.292999999999999545e+02
4.604500000000000455e+02
4.561499999999999773e+02
4.495500000000000114e+02
4.379499999999999886e+02
4.560999999999999659e+02
4.648999999999999773e+02
4.690500000000000114e+02
4.901999999999999886e+02
4.361499999999999773e+02
4.607500000000000000e+02
4.697000000000000455e+02
4.731000000000000227e+02
4.606499999999999773e+02
4.556499999999999773e+02
4.786000000000000227e+02
4.881000000000000227e+02
4.839499999999999886e+02
4.861999999999999886e+02
4.870500000000000114e+02
4.908999999999999773e+02
4.571499999999999773e+02
4.878000000000000114e+02
4.944500000000000455e+02
5.048999999999999773e+02
4.797000000000000455e+02
4.890999999999999659e+02
4.883999999999999773e+02
4.808500000000000227e+02
4.953999999999999773e+02
5.255000000000000000e+02
5.262999999999999545e+02
4.995500000000000114e+02
5.265000000000000000e+02
5.531499999999999773e+02
5.058500000000000227e+02
5.332500000000000000e+02
5.162999999999999545e+02
5.527999999999999545e+02
5.505999999999999091e+02
5.402000000000000455e+02
5.308999999999999773e+02
5.500499999999999545e+02
5.461499999999999773e+02
5.562999999999999545e+02
5.260000000000000000e+02
5.137999999999999545e+02
5.213999999999999773e+02
5.337999999999999545e+02
5.378500000000000227e+02
5.130000000000000000e+02
5.280000000000000000e+02
4.928500000000000227e+02
5.392999999999999545e+02
5.321000000000000227e+02
5.195000000000000000e+02
5.213500000000000227e+02
5.097999999999999545e+02
5.262999999999999545e+02
5.411499999999999773e+02
5.419500000000000455e+02
5.395499999999999545e+02
5.175000000000000000e+02
5.223999999999999773e+02
5.177999999999999545e+02
5.253499999999999091e+02
5.376000000000000227e+02
5.267000000000000455e+02
5.571499999999999773e+02
5.387500000000000000e+02
5.736500000000000909e+02
5.865499999999999545e+02
5.478500000000000227e+02
5.572500000000000000e+02
5.601500000000000909e+02
5.482999999999999545e+02
5.445499999999999545e+02
5.383500000000000227e+02
5.150499999999999545e+02
4.795499999999999545e+02
4.515500000000000114e+02
4.421499999999999773e+02
4.677000000000000455e+02
4.591999999999999886e+02
4.838500000000000227e+02
5.015000000000000000e+02
5.577999999999999545e+02
5.552500000000000000e+02
5.747999999999999545e+02
6.153499999999999091e+02
6.546500000000000909e+02
6.722500000000000000e+02
6.930499999999999545e+02
7.272500000000000000e+02
7.091499999999999773e+02
7.250000000000000000e+02
7.050000000000000000e+02
7.081000000000000227e+02
7.362000000000000455e+02
7.406000000000000227e+02
7.448500000000000227e+02
7.538500000000000227e+02
7.034500000000000455e+02
7.276499999999999773e+02
7.145499999999999545e+02
7.700999999999999091e+02
7.500999999999999091e+02
7.324000000000000909e+02
7.387500000000000000e+02
7.535000000000000000e+02
7.709500000000000455e+02
7.763499999999999091e+02
7.725999999999999091e+02
7.903500000000000227e+02
8.018999999999999773e+02
7.675499999999999545e+02
7.850499999999999545e+02
7.692999999999999545e+02
7.627500000000000000e+02
8.036499999999999773e+02
7.770499999999999545e+02
7.871000000000000227e+02
8.019500000000000455e+02
7.902000000000000455e+02
8.115000000000000000e+02
8.030499999999999545e+02
8.248500000000000227e+02
8.201500000000000909e+02
8.116499999999999773e+02
8.012999999999999545e+02
7.855499999999999545e+02
8.342999999999999545e+02
7.759500000000000455e+02
8.061000000000000227e+02
8.181499999999999773e+02
8.672000000000000455e+02
8.438999999999999773e+02
8.476499999999999773e+02
8.278499999999999091e+02
8.418999999999999773e+02
8.767500000000000000e+02
8.593999999999999773e+02
8.539500000000000455e+02
8.617000000000000455e+02
8.531499999999999773e+02
8.362000000000000455e+02
8.580999999999999091e+02
8.945000000000000000e+02
8.873999999999999773e+02
9.006000000000000227e+02
8.932000000000000455e+02
8.595000000000000000e+02
8.956500000000000909e+02
9.167500000000000000e+02
8.878999999999999773e+02
8.724500000000000455e+02
8.993999999999999773e+02
9.137500000000000000e+02
9.138499999999999091e+02
9.421500000000000909e+02
9.250499999999999545e+02
9.264500000000000455e+02
9.348500000000000227e+02
9.478000000000000682e+02
9.449000000000000909e+02
9.552500000000000000e+02
9.567999999999999545e+02
9.341000000000000227e+02
9.288999999999999773e+02
9.942999999999999545e+02
9.642999999999999545e+02
9.637500000000000000e+02
9.695000000000000000e+02
9.973999999999999773e+02
9.814500000000000455e+02
9.783499999999999091e+02
9.701000000000000227e+02
9.905499999999999545e+02
1.006850000000000023e+03
9.700499999999999545e+02
9.709499999999999318e+02
9.984500000000000455e+02
9.570000000000000000e+02
9.914500000000000455e+02
1.013000000000000000e+03
1.017399999999999977e+03
9.826499999999999773e+02
1.011549999999999955e+03
1.046799999999999955e+03
1.022799999999999955e+03
1.008000000000000000e+03
1.003350000000000023e+03
1.033099999999999909e+03
1.010700000000000045e+03
1.058750000000000000e+03
1.035950000000000045e+03
1.083349999999999909e+03
1.049200000000000045e+03
1.023799999999999955e+03
1.032200000000000045e+03
1.070599999999999909e+03
1.077650000000000091e+03
1.027549999999999955e+03
1.059300000000000182e+03
1.075150000000000091e+03
1.069799999999999955e+03
1.100400000000000091e+03
1.056549999999999955e+03
1.068300000000000182e+03
1.080549999999999955e+03
1.104000000000000000e+03
1.100200000000000045e+03
1.112500000000000000e+03
1.078700000000000045e+03
1.071500000000000000e+03
1.096400000000000091e+03
1.107049999999999955e+03
1.114900000000000091e+03
1.137750000000000000e+03
1.097449999999999818e+03
1.097199999999999818e+03
1.130250000000000000e+03
1.120200000000000045e+03
1.129500000000000000e+03
1.083500000000000000e+03
1.141849999999999909e+03
1.140849999999999909e+03
1.133099999999999909e+03
1.159650000000000091e+03
1.151349999999999909e+03
1.151549999999999955e+03
1.163150000000000091e+03
1.151950000000000045e+03
1.155349999999999909e+03
1.200550000000000182e+03
1.147300000000000182e+03
1.160700000000000045e+03
1.170700000000000045e+03
1.174750000000000000e+03
1.173250000000000000e+03
1.148900000000000091e+03
1.188349999999999909e+03
1.212900000000000091e+03
1.183150000000000091e+03
1.187650000000000091e+03
1.212049999999999955e+03
1.215650000000000091e+03
1.206650000000000091e+03
1.188500000000000000e+03
1.207650000000000091e+03
1.192049999999999955e+03
1.213250000000000000e+03
1.224650000000000091e+03
1.239799999999999955e+03
1.242550000000000182e+03
1.231049999999999955e+03
1.264200000000000045e+03
1.248150000000000091e+03
1.258299999999999955e+03
1.255950000000000045e+03
1.268000000000000000e+03
1.235750000000000000e+03
1.253400000000000091e+03
1.243349999999999909e+03
1.278799999999999955e+03
1.263300000000000182e+03
1.231700000000000045e+03
1.266000000000000000e+03
1.270200000000000045e+03
1.279799999999999955e+03
1.299450000000000045e+03
1.272800000000000182e+03
1.325050000000000182e+03
1.300550000000000182e+03
1.327799999999999955e+03
1.243299999999999955e+03
1.315349999999999909e+03
1.290650000000000091e+03
1.361099999999999909e+03
1.287900000000000091e+03
1.332949999999999818e+03
1.282900000000000091e+03
1.340849999999999909e+03
1.307150000000000091e+03
1.314750000000000000e+03
1.331450000000000045e+03
1.345950000000000045e+03
1.344900000000000091e+03
1.319299999999999955e+03
1.335000000000000000e+03
1.318800000000000182e+03
1.363549999999999955e+03
1.324050000000000182e+03
1.388750000000000000e+03
1.332250000000000000e+03
1.399449999999999818e+03
1.355700000000000045e+03
1.327699999999999818e+03
1.405549999999999955e+03
1.370150000000000091e+03
1.385049999999999955e+03
1.404050000000000182e+03
1.407299999999999955e+03
1.417849999999999909e+03
1.391000000000000000e+03
1.407750000000000000e+03
1.376950000000000045e+03
1.398750000000000000e+03
1.393349999999999909e+03
1.364199999999999818e+03
1.384099999999999909e+03
1.421150000000000091e+03
1.437599999999999909e+03
1.435299999999999955e+03
1.411799999999999955e+03
1.422800000000000182e+03
1.411650000000000091e+03
1.452050000000000182e+03
1.447900000000000091e+03
1.435800000000000182e+03
1.436699999999999818e+03
1.434099999999999909e+03
1.463900000000000091e+03
1.446300000000000182e+03
1.393500000000000000e+03
1.441699999999999818e+03
1.470299999999999955e+03
1.431049999999999955e+03
1.450500000000000000e+03
1.443250000000000000e+03
1.423200000000000045e+03
1.464750000000000000e+03
1.414599999999999909e+03
1.408099999999999909e+03
1.344250000000000000e+03
1.376050000000000182e+03
1.376900000000000091e+03
1.343200000000000045e+03
1.318700000000000045e+03
1.316099999999999909e+03
1.262099999999999909e+03
1.222950000000000045e+03
1.194300000000000182e+03
1.159549999999999955e+03
1.142900000000000091e+03
1.144599999999999909e+03
1.128900000000000091e+03
1.083349999999999909e+03
1.092349999999999909e+03
1.085450000000000045e+03
1.162900000000000091e+03
1.193500000000000000e+03
1.185450000000000045e+03
1.247799999999999955e+03
1.252349999999999909e+03
1.325500000000000000e+03
1.309799999999999955e+03
1.358250000000000000e+03
1.387799999999999955e+03
1.414150000000000091e+03
1.446400000000000091e+03
1.462699999999999818e+03
1.485049999999999955e+03
1.495400000000000091e+03
1.506599999999999909e+03
1.500349999999999909e+03
1.513150000000000091e+03
1.527900000000000091e+03
1.537599999999999909e+03
1.545750000000000000e+03
1.556000000000000000e+03
1.569250000000000000e+03
1.575049999999999955e+03
1.569650000000000091e+03
1.593400000000000091e+03
1.581799999999999955e+03
1.597950000000000045e+03
1.569049999999999955e+03
1.561049999999999955e+03
1.594500000000000000e+03
1.631599999999999909e+03
1.601650000000000091e+03
1.630200000000000045e+03
1.642400000000000091e+03
1.620699999999999818e+03
1.573250000000000000e+03
1.604450000000000045e+03
1.607849999999999909e+03
1.631650000000000091e+03
1.606099999999999909e+03
1.651650000000000091e+03
1.673650000000000091e+03
1.627450000000000045e+03
1.673599999999999909e+03
1.696650000000000091e+03
1.668150000000000091e+03
1.661549999999999955e+03
1.665650000000000091e+03
1.698450000000000045e+03
1.684300000000000182e+03
1.694049999999999955e+03
1.702950000000000045e+03
1.691599999999999909e+03
1.733849999999999909e+03
1.676250000000000000e+03
1.714750000000000000e+03
1.695049999999999955e+03
1.727150000000000091e+03
1.694599999999999909e+03
1.723900000000000091e+03
1.660799999999999955e+03
1.708700000000000045e+03
1.688699999999999818e+03
1.723900000000000091e+03
1.733300000000000182e+03
1.716099999999999909e+03
1.718150000000000091e+03
1.703099999999999909e+03
1.706799999999999955e+03
1.698500000000000000e+03
1.730699999999999818e+03
1.698550000000000182e+03
1.746250000000000000e+03
1.754549999999999955e+03
1.706500000000000000e+03
1.748599999999999909e+03
1.724049999999999955e+03
1.754950000000000045e+03
1.757150000000000091e+03
1.777300000000000182e+03
1.756799999999999955e+03
1.804650000000000091e+03
1.772049999999999955e+03
1.772450000000000045e+03
1.786300000000000182e+03
1.760900000000000091e+03
1.797200000000000045e+03
1.801799999999999955e+03
1.790599999999999909e+03
1.807500000000000000e+03
1.802150000000000091e+03
1.817550000000000182e+03
1.821799999999999955e+03
1.816949999999999818e+03
1.849349999999999909e+03
1.883650000000000091e+03
1.795750000000000000e+03
1.842450000000000045e+03
1.868849999999999909e+03
1.858650000000000091e+03
1.832400000000000091e+03
1.860250000000000000e+03
1.850250000000000000e+03
1.864349999999999909e+03
1.871200000000000045e+03
1.877099999999999909e+03
1.883549999999999955e+03
1.886099999999999909e+03
1.900199999999999818e+03
1.886400000000000091e+03
1.901349999999999909e+03
1.878150000000000091e+03
1.903650000000000091e+03
1.857000000000000000e+03
1.889099999999999909e+03
1.875950000000000045e+03
1.884950000000000045e+03
1.896200000000000045e+03
1.905400000000000091e+03
1.887650000000000091e+03
1.884200000000000045e+03
1.864400000000000091e+03
1.909750000000000000e+03
1.939550000000000182e+03
1.914050000000000182e+03
1.905599999999999909e+03
1.885900000000000091e+03
1.911400000000000091e+03
1.920449999999999818e+03
1.923050000000000182e+03
1.916150000000000091e+03
1.929900000000000091e+03
1.916949999999999818e+03
1.928049999999999955e+03
1.951650000000000091e+03
1.927750000000000000e+03
1.944150000000000091e+03
1.948000000000000000e+03
1.970150000000000091e+03
1.984400000000000091e+03
1.943150000000000091e+03
1.977400000000000091e+03
1.957750000000000000e+03
1.955549999999999955e+03
1.924750000000000000e+03
1.955000000000000000e+03
1.939500000000000000e+03
1.938750000000000000e+03
1.979849999999999909e+03
1.975949999999999818e+03
1.970699999999999818e+03
1.979349999999999909e+03
2.034950000000000045e+03
2.018699999999999818e+03
1.983050000000000182e+03
1.911349999999999909e+03
1.992599999999999909e+03
1.982900000000000091e+03
2.026550000000000182e+03
2.011950000000000045e+03
1.999450000000000045e+03
1.971650000000000091e+03
2.025450000000000045e+03
1.991200000000000045e+03
2.026000000000000000e+03
2.052050000000000182e+03
2.052449999999999818e+03
2.043299999999999955e+03
2.030800000000000182e+03
2.048800000000000182e+03
2.108699999999999818e+03
2.020549999999999955e+03
2.042299999999999955e+03
1.988650000000000091e+03
2.079800000000000182e+03
2.053300000000000182e+03
2.084199999999999818e+03
2.045549999999999955e+03
2.030599999999999909e+03
2.040500000000000000e+03
2.063349999999999909e+03
2.070449999999999818e+03
2.047799999999999955e+03
2.041449999999999818e+03
2.060300000000000182e+03
2.074849999999999909e+03
2.028900000000000091e+03
2.034349999999999909e+03
2.088500000000000000e+03
2.083199999999999818e+03
2.086550000000000182e+03
2.089500000000000000e+03
2.073800000000000182e+03
2.080550000000000182e+03
2.099400000000000091e+03
2.116199999999999818e+03
2.131750000000000000e+03
2.125699999999999818e+03
2.107699999999999818e+03
2.106250000000000000e+03
2.112500000000000000e+03
2.106699999999999818e+03
2.125000000000000000e+03
2.099550000000000182e+03
2.117199999999999818e+03
2.125250000000000000e+03
2.105550000000000182e+03
2.132350000000000364e+03
2.120699999999999818e+03
2.125850000000000364e+03
2.160650000000000091e+03
2.089300000000000182e+03
2.123500000000000000e+03
2.094300000000000182e+03
2.112949999999999818e+03
2.124050000000000182e+03
2.177149999999999636e+03
2.128050000000000182e+03
2.085800000000000182e+03
2.160899999999999636e+03
2.130149999999999636e+03
2.118399999999999636e+03
2.098250000000000000e+03
2.189599999999999909e+03
2.132449999999999818e+03
2.153800000000000182e+03
2.118000000000000000e+03
2.120199999999999818e+03
2.087800000000000182e+03
2.121050000000000182e+03
2.130399999999999636e+03
2.162300000000000182e+03
2.100949999999999818e+03
2.114550000000000182e+03
2.126750000000000000e+03
2.106300000000000182e+03
2.102800000000000182e+03
2.107050000000000182e+03
2.134500000000000000e+03
2.102699999999999818e+03
2.148550000000000182e+03
2.124449999999999818e+03
2.123150000000000091e+03
2.174600000000000364e+03
2.188000000000000000e+03
2.232300000000000182e+03
2.206500000000000000e+03
2.260550000000000182e+03
2.234650000000000091e+03
2.243100000000000364e+03
2.243150000000000091e+03
2.277500000000000000e+03
2.235000000000000000e+03
2.255350000000000364e+03
2.277000000000000000e+03
2.259750000000000000e+03
2.240850000000000364e+03
2.263199999999999818e+03
2.235300000000000182e+03
2.259600000000000364e+03
2.243849999999999909e+03
2.290600000000000364e+03
2.301449999999999818e+03
2.271699999999999818e+03
2.272050000000000182e+03
2.305599999999999909e+03
2.291550000000000182e+03
2.296949999999999818e+03
2.317699999999999818e+03
2.235449999999999818e+03
2.327300000000000182e+03
2.288849999999999909e+03
2.312099999999999909e+03
2.325899999999999636e+03
2.349449999999999818e+03
2.352949999999999818e+03
2.310800000000000182e+03
2.368800000000000182e+03
2.326949999999999818e+03
2.333399999999999636e+03
2.356949999999999818e+03
2.342900000000000091e+03
2.344400000000000091e+03
2.320699999999999818e+03
2.361650000000000091e+03
2.316550000000000182e+03
2.371500000000000000e+03
2.361699999999999818e+03
2.370649999999999636e+03
2.342600000000000364e+03
2.342000000000000000e+03
2.369150000000000091e+03
2.331199999999999818e+03
2.389649999999999636e+03
2.439050000000000182e+03
2.396349999999999909e+03
2.404899999999999636e+03
2.374599999999999909e+03
2.429149999999999636e+03
2.399550000000000182e+03
2.427599999999999909e+03
2.440750000000000000e+03
2.442150000000000091e+03
2.437349999999999909e+03
2.417149999999999636e+03
2.376100000000000364e+03
2.424500000000000000e+03
2.413599999999999909e+03
2.446150000000000091e+03
2.420399999999999636e+03
2.461800000000000182e+03
2.407850000000000364e+03
2.419000000000000000e+03
2.436300000000000182e+03
2.438400000000000091e+03
2.458349999999999909e+03
2.409699999999999818e+03
2.418650000000000091e+03
2.450699999999999818e+03
2.440949999999999818e+03
2.494199999999999818e+03
2.457599999999999909e+03
2.453050000000000182e+03
2.466649999999999636e+03
2.485050000000000182e+03
2.455600000000000364e+03
2.436849999999999909e+03
2.452199999999999818e+03
2.494500000000000000e+03
2.420849999999999909e+03
2.480399999999999636e+03
2.476500000000000000e+03
2.461949999999999818e+03
2.468699999999999818e+03
2.454800000000000182e+03
2.421550000000000182e+03
2.500050000000000182e+03
2.428099999999999909e+03
2.438399999999999636e+03
2.486400000000000091e+03
2.487699999999999818e+03
2.478050000000000182e+03
2.462199999999999818e+03
2.497199999999999818e+03
2.459199999999999818e+03
2.474699999999999818e+03
2.496949999999999818e+03
2.516250000000000000e+03
2.483949999999999818e+03
2.504599999999999909e+03
2.529449999999999818e+03
2.481850000000000364e+03
2.519250000000000000e+03
2.527100000000000364e+03
2.545649999999999636e+03
2.486300000000000182e+03
2.567649999999999636e+03
2.551199999999999818e+03
2.547250000000000000e+03
2.490100000000000364e+03
2.533800000000000182e+03
2.528599999999999909e+03
2.566000000000000000e+03
2.503300000000000182e+03
2.560900000000000091e+03
2.524099999999999909e+03
2.533500000000000000e+03
2.503250000000000000e+03
2.562399999999999636e+03
2.532150000000000091e+03
2.582349999999999909e+03
2.546849999999999909e+03
2.650000000000000000e+03
2.618949999999999818e+03
2.582150000000000091e+03
2.642900000000000091e+03
2.582699999999999818e+03
2.624400000000000091e+03
2.628199999999999818e+03
2.554849999999999909e+03
2.587300000000000182e+03
2.614150000000000091e+03
2.581550000000000182e+03
2.622599999999999909e+03
2.590849999999999909e+03
2.609300000000000182e+03
2.618500000000000000e+03
2.590949999999999818e+03
2.610350000000000364e+03
2.626650000000000091e+03
2.607699999999999818e+03
2.617100000000000364e+03
2.632150000000000091e+03
2.604750000000000000e+03
2.640350000000000364e+03
2.683149999999999636e+03
2.628750000000000000e+03
2.583300000000000182e+03
2.711449999999999818e+03
2.673050000000000182e+03
2.610050000000000182e+03
2.689400000000000091e+03
2.615699999999999818e+03
2.650750000000000000e+03
2.717500000000000000e+03
2.692699999999999818e+03
2.672149999999999636e+03
2.670650000000000091e+03
2.663599999999999909e+03
2.660699999999999818e+03
2.650750000000000000e+03
2.695250000000000000e+03
2.669500000000000000e+03
2.731850000000000364e+03
2.681699999999999818e+03
2.706949999999999818e+03
2.737000000000000000e+03
2.725350000000000364e+03
2.719350000000000364e+03
2.714449999999999818e+03
2.702800000000000182e+03
2.695500000000000000e+03
2.786149999999999636e+03
2.722699999999999818e+03
2.775250000000000000e+03
2.752250000000000000e+03
2.739899999999999636e+03
2.726599999999999909e+03
2.790900000000000091e+03
2.747449999999999818e+03
2.771399999999999636e+03
2.723500000000000000e+03
2.770550000000000182e+03
2.716449999999999818e+03
2.774500000000000000e+03
2.757300000000000182e+03
2.808900000000000091e+03
2.782199999999999818e+03
2.762349999999999909e+03
2.765849999999999909e+03
2.793149999999999636e+03
2.751599999999999909e+03
2.733349999999999909e+03
2.798300000000000182e+03
2.800050000000000182e+03
2.800449999999999818e+03
2.782000000000000000e+03
2.749250000000000000e+03
2.792449999999999818e+03
2.817850000000000364e+03
2.914850000000000364e+03
2.791750000000000000e+03
2.854599999999999909e+03
2.841650000000000091e+03
2.787800000000000182e+03
2.796899999999999636e+03
2.804199999999999818e+03
2.814750000000000000e+03
2.777500000000000000e+03
2.808149999999999636e+03
2.875699999999999818e+03
2.800949999999999818e+03
2.816199999999999818e+03
2.834300000000000182e+03
2.852900000000000091e+03
2.824599999999999909e+03
2.899849999999999909e+03
2.862800000000000182e+03
2.781949999999999818e+03
2.831300000000000182e+03
2.885750000000000000e+03
2.870349999999999909e+03
2.864149999999999636e+03
2.884949999999999818e+03
2.850399999999999636e+03
2.932000000000000000e+03
2.882949999999999818e+03
2.924850000000000364e+03
2.879449999999999818e+03
2.798050000000000182e+03
2.885349999999999909e+03
2.856550000000000182e+03
2.863149999999999636e+03
2.912699999999999818e+03
2.874649999999999636e+03
2.938250000000000000e+03
2.875900000000000091e+03
2.896899999999999636e+03
2.871099999999999909e+03
2.889350000000000364e+03
2.948099999999999909e+03
2.931250000000000000e+03
2.900199999999999818e+03
2.910449999999999818e+03
2.967949999999999818e+03
2.943800000000000182e+03
2.938000000000000000e+03
2.988050000000000182e+03
2.960250000000000000e+03
2.966599999999999909e+03
2.912349999999999909e+03
2.969050000000000182e+03
2.973449999999999818e+03
3.014199999999999818e+03
3.035300000000000182e+03
3.017699999999999818e+03
2.967050000000000182e+03
3.015650000000000091e+03
3.031750000000000000e+03
3.041500000000000000e+03
2.987250000000000000e+03
2.989199999999999818e+03
3.071949999999999818e+03
2.971000000000000000e+03
2.969150000000000091e+03
3.014199999999999818e+03
2.980849999999999909e+03
3.012500000000000000e+03
3.042449999999999818e+03
3.021449999999999818e+03
3.019000000000000000e+03
3.081150000000000091e+03
3.036649999999999636e+03
3.077949999999999818e+03
3.130750000000000000e+03
3.095800000000000182e+03
3.056750000000000000e+03
3.100000000000000000e+03
3.069849999999999909e+03
3.056699999999999818e+03
3.127300000000000182e+03
3.037949999999999818e+03
3.061400000000000091e+03
2.999949999999999818e+03
3.094349999999999909e+03
3.116000000000000000e+03
3.092500000000000000e+03
3.025800000000000182e+03
3.095800000000000182e+03
3.077350000000000364e+03
3.066600000000000364e+03
3.145899999999999636e+03
3.154300000000000182e+03
3.179400000000000091e+03
3.069399999999999636e+03
3.173750000000000000e+03
3.084149999999999636e+03
3.073649999999999636e+03
3.084400000000000091e+03
3.099150000000000091e+03
3.139949999999999818e+03
3.079399999999999636e+03
3.154850000000000364e+03
3.165449999999999818e+03
3.081250000000000000e+03
3.064949999999999818e+03
3.102099999999999909e+03
3.133500000000000000e+03
3.163099999999999909e+03
3.176300000000000182e+03
3.190750000000000000e+03
3.182550000000000182e+03
3.142500000000000000e+03
3.153349999999999909e+03
3.164599999999999909e+03
3.184150000000000091e+03
3.185300000000000182e+03
3.207649999999999636e+03
3.219449999999999818e+03
3.209750000000000000e+03
3.278250000000000000e+03
3.222449999999999818e+03
3.290500000000000000e+03
3.218099999999999909e+03
3.300849999999999909e+03
3.250150000000000091e+03
3.276949999999999818e+03
3.203250000000000000e+03
3.295000000000000000e+03
3.256250000000000000e+03
3.320199999999999818e+03
3.355149999999999636e+03
3.318949999999999818e+03
3.345550000000000182e+03
3.297349999999999909e+03
3.475150000000000091e+03
3.343449999999999818e+03
3.351699999999999818e+03
3.392899999999999636e+03
3.303800000000000182e+03
3.357099999999999909e+03
3.352699999999999818e+03
3.377000000000000000e+03
3.386949999999999818e+03
3.371900000000000091e+03
3.386750000000000000e+03
3.418400000000000091e+03
3.457500000000000000e+03
3.362500000000000000e+03
3.355150000000000091e+03
3.373600000000000364e+03
3.462900000000000091e+03
3.399600000000000364e+03
3.337600000000000364e+03
3.388500000000000000e+03
3.388300000000000182e+03
3.411000000000000000e+03
3.423900000000000091e+03
3.449199999999999818e+03
3.394099999999999909e+03
3.470399999999999636e+03
3.402400000000000091e+03
3.445050000000000182e+03
3.455199999999999818e+03
3.414800000000000182e+03
3.452400000000000091e+03
3.485099999999999909e+03
3.440149999999999636e+03
3.437550000000000182e+03
3.442349999999999909e+03
3.459149999999999636e+03
3.491500000000000000e+03
3.408650000000000091e+03
3.410000000000000000e+03
3.399550000000000182e+03
3.424849999999999909e+03
3.420449999999999818e+03
3.442949999999999818e+03
3.435100000000000364e+03
3.458099999999999909e+03
3.416850000000000364e+03
3.461850000000000364e+03
3.505150000000000091e+03
3.488699999999999818e+03
3.457650000000000091e+03
3.467349999999999909e+03
3.463750000000000000e+03
3.570300000000000182e+03
3.456800000000000182e+03
3.444800000000000182e+03
3.446550000000000182e+03
3.447500000000000000e+03
3.452449999999999818e+03
3.444099999999999909e+03
3.462400000000000091e+03
3.420900000000000091e+03
3.424699999999999818e+03
3.484600000000000364e+03
3.451400000000000091e+03
3.432949999999999818e+03
3.475600000000000364e+03
3.470100000000000364e+03
3.472949999999999818e+03
3.432350000000000364e+03
3.425199999999999818e+03
3.516300000000000182e+03
3.498900000000000091e+03
3.459099999999999909e+03
3.464599999999999909e+03
3.509900000000000091e+03
3.500300000000000182e+03
3.511199999999999818e+03
3.571500000000000000e+03
3.471699999999999818e+03
3.525699999999999818e+03
3.511250000000000000e+03
3.468449999999999818e+03
3.544899999999999636e+03
3.536300000000000182e+03
3.538550000000000182e+03
3.474349999999999909e+03
3.509600000000000364e+03
3.508800000000000182e+03
3.543850000000000364e+03
3.543250000000000000e+03
3.527500000000000000e+03
3.514000000000000000e+03
3.555400000000000091e+03
3.537550000000000182e+03
3.519449999999999818e+03
3.573350000000000364e+03
3.542449999999999818e+03
3.563050000000000182e+03
3.538699999999999818e+03
3.529599999999999909e+03
3.555500000000000000e+03
3.556449999999999818e+03
3.618050000000000182e+03
3.592550000000000182e+03
3.572550000000000182e+03
3.635500000000000000e+03
3.540849999999999909e+03
3.577899999999999636e+03
3.593199999999999818e+03
3.657949999999999818e+03
3.644400000000000091e+03
3.650199999999999818e+03
3.664250000000000000e+03
3.668099999999999909e+03
3.664000000000000000e+03
3.719150000000000091e+03
3.741100000000000364e+03
3.663300000000000182e+03
3.692000000000000000e+03
3.699800000000000182e+03
3.679849999999999909e+03
3.672800000000000182e+03
3.711199999999999818e+03
3.679400000000000091e+03
3.654400000000000091e+03
3.681250000000000000e+03
3.718400000000000091e+03
3.706349999999999909e+03
3.694300000000000182e+03
3.704949999999999818e+03
3.726800000000000182e+03
3.712250000000000000e+03
3.763550000000000182e+03
3.730250000000000000e+03
3.748099999999999909e+03
3.654250000000000000e+03
3.706250000000000000e+03
3.717949999999999818e+03
3.747949999999999818e+03
3.693150000000000091e+03
3.735599999999999909e+03
3.760850000000000364e+03
3.706250000000000000e+03
3.778099999999999909e+03
3.818849999999999909e+03
3.773750000000000000e+03
3.766750000000000000e+03
3.786300000000000182e+03
3.796750000000000000e+03
3.780949999999999818e+03
3.759300000000000182e+03
3.828900000000000091e+03
3.776349999999999909e+03
3.870650000000000091e+03
3.816250000000000000e+03
3.809349999999999909e+03
3.757750000000000000e+03
3.816600000000000364e+03
3.907050000000000182e+03
3.902449999999999818e+03
3.861750000000000000e+03
3.856449999999999818e+03
3.875149999999999636e+03
3.919050000000000182e+03
3.837449999999999818e+03
3.875550000000000182e+03
3.929699999999999818e+03
3.902949999999999818e+03
3.889399999999999636e+03
3.929349999999999909e+03
3.914300000000000182e+03
3.873150000000000091e+03
3.941449999999999818e+03
3.918800000000000182e+03
3.976400000000000091e+03
3.890149999999999636e+03
3.925100000000000364e+03
3.906399999999999636e+03
3.969899999999999636e+03
3.988050000000000182e+03
3.961550000000000182e+03
3.895550000000000182e+03
4.017600000000000364e+03
4.018649999999999636e+03
3.977750000000000000e+03
3.934949999999999818e+03
3.992199999999999818e+03
4.037199999999999818e+03
4.036899999999999636e+03
4.000550000000000182e+03
4.066799999999999727e+03
4.013750000000000000e+03
4.051750000000000000e+03
4.089349999999999909e+03
4.118550000000000182e+03
4.063800000000000182e+03
4.077000000000000000e+03
4.062199999999999818e+03
3.997300000000000182e+03
4.062300000000000182e+03
4.068400000000000091e+03
4.108500000000000000e+03
4.060899999999999636e+03
4.124299999999999272e+03
4.076849999999999909e+03
4.124449999999999818e+03
4.080849999999999909e+03
4.156800000000000182e+03
4.063900000000000091e+03
4.015199999999999818e+03
4.134600000000000364e+03
4.158649999999999636e+03
4.159500000000000000e+03
4.149699999999999818e+03
4.129149999999999636e+03
4.118800000000000182e+03
4.140000000000000000e+03
4.171300000000000182e+03
4.178200000000000728e+03
4.209300000000000182e+03
4.236949999999999818e+03
4.165299999999999272e+03
4.125149999999999636e+03
4.111449999999999818e+03
4.161750000000000000e+03
4.157549999999999272e+03
4.174300000000000182e+03
4.211850000000000364e+03
4.155850000000000364e+03
4.223000000000000000e+03
4.191250000000000000e+03
4.165649999999999636e+03
4.203600000000000364e+03
4.292600000000000364e+03
4.179100000000000364e+03
4.230449999999999818e+03
4.194399999999999636e+03
4.235250000000000000e+03
4.250699999999999818e+03
4.254949999999999818e+03
4.190600000000000364e+03
4.260649999999999636e+03
4.279199999999999818e+03
4.254549999999999272e+03
4.200600000000000364e+03
4.222899999999999636e+03
4.236850000000000364e+03
4.286399999999999636e+03
4.267899999999999636e+03
4.226549999999999272e+03
4.218600000000000364e+03
4.330950000000000728e+03
4.260899999999999636e+03
4.271250000000000000e+03
4.365800000000000182e+03
4.251649999999999636e+03
4.262200000000000728e+03
4.248850000000000364e+03
4.272800000000000182e+03
4.217299999999999272e+03
4.255000000000000000e+03
4.298100000000000364e+03
4.211500000000000000e+03
4.314649999999999636e+03
4.321050000000000182e+03
4.234550000000000182e+03
4.282250000000000000e+03
4.261699999999999818e+03
4.304850000000000364e+03
4.291350000000000364e+03
4.344800000000000182e+03
4.368149999999999636e+03
4.273850000000000364e+03
4.337250000000000000e+03
4.386399999999999636e+03
4.332250000000000000e+03
4.350800000000000182e+03
4.350899999999999636e+03
4.329399999999999636e+03
4.278149999999999636e+03
4.317399999999999636e+03
4.309050000000000182e+03
4.322600000000000364e+03
4.354899999999999636e+03
4.336850000000000364e+03
4.298199999999999818e+03
4.359500000000000000e+03
4.392899999999999636e+03
4.380250000000000000e+03
4.418800000000000182e+03
4.334750000000000000e+03
4.413699999999999818e+03
4.412200000000000728e+03
4.324949999999999818e+03
4.389699999999999818e+03
4.389649999999999636e+03
4.412949999999999818e+03
4.368750000000000000e+03
4.398550000000000182e+03
4.352000000000000000e+03
4.384000000000000000e+03
4.442050000000000182e+03
4.345199999999999818e+03
4.380750000000000000e+03
4.444600000000000364e+03
4.424000000000000000e+03
4.397100000000000364e+03
4.378750000000000000e+03
4.374750000000000000e+03
4.366149999999999636e+03
4.322800000000000182e+03
4.395399999999999636e+03
4.369049999999999272e+03
4.323450000000000728e+03
4.412149999999999636e+03
4.376149999999999636e+03
4.400000000000000000e+03
4.300050000000000182e+03
4.340200000000000728e+03
4.402500000000000000e+03
4.329000000000000000e+03
4.407399999999999636e+03
4.404100000000000364e+03
4.388950000000000728e+03
4.421500000000000000e+03
4.387000000000000000e+03
4.355100000000000364e+03
4.345300000000000182e+03
4.438550000000000182e+03
4.400449999999999818e+03
4.433149999999999636e+03
4.385449999999999818e+03
4.298800000000000182e+03
4.386649999999999636e+03
4.399949999999999818e+03
4.443799999999999272e+03
4.382850000000000364e+03
4.397299999999999272e+03
4.451600000000000364e+03
4.407949999999999818e+03
4.410700000000000728e+03
4.397850000000000364e+03
4.389950000000000728e+03
4.389949999999999818e+03
4.400600000000000364e+03
4.370649999999999636e+03
4.397699999999999818e+03
4.391300000000000182e+03
4.377199999999999818e+03
4.411000000000000000e+03
4.436600000000000364e+03
4.436250000000000000e+03
4.442600000000000364e+03
4.359350000000000364e+03
4.395950000000000728e+03
4.398899999999999636e+03
4.455399999999999636e+03
4.435050000000000182e+03
4.384350000000000364e+03
4.326500000000000000e+03
4.349399999999999636e+03
4.427799999999999272e+03
4.421250000000000000e+03
4.390000000000000000e+03
4.386950000000000728e+03
4.339250000000000000e+03
4.439250000000000000e+03
4.321699999999999818e+03
4.399549999999999272e+03
4.368500000000000000e+03
4.328000000000000000e+03
4.360399999999999636e+03
4.373600000000000364e+03
4.359799999999999272e+03
4.346699999999999818e+03
4.368899999999999636e+03
4.426700000000000728e+03
4.392250000000000000e+03
4.336050000000000182e+03
4.386250000000000000e+03
4.293000000000000000e+03
4.349350000000000364e+03
4.316649999999999636e+03
4.314350000000000364e+03
4.317350000000000364e+03
4.327799999999999272e+03
4.370600000000000364e+03
4.350149999999999636e+03
4.319350000000000364e+03
4.310850000000000364e+03
4.369300000000000182e+03
4.271699999999999818e+03
4.356699999999999818e+03
4.273949999999999818e+03
4.314600000000000364e+03
4.368500000000000000e+03
4.306199999999999818e+03
4.353899999999999636e+03
4.264399999999999636e+03
4.339500000000000000e+03
4.306149999999999636e+03
4.287049999999999272e+03
4.314949999999999818e+03
4.287850000000000364e+03
4.275500000000000000e+03
4.324050000000000182e+03
4.318600000000000364e+03
4.324199999999999818e+03
4.311799999999999272e+03
4.310149999999999636e+03
4.359300000000000182e+03
4.290250000000000000e+03
4.393750000000000000e+03
4.374449999999999818e+03
4.285250000000000000e+03
4.340850000000000364e+03
4.385050000000000182e+03
4.278550000000000182e+03
4.366550000000000182e+03
4.290299999999999272e+03
4.304149999999999636e+03
4.304050000000000182e+03
4.410500000000000000e+03
4.379850000000000364e+03
4.335850000000000364e+03
4.324449999999999818e+03
4.310000000000000000e+03
4.305350000000000364e+03
4.338750000000000000e+03
4.286199999999999818e+03
4.313449999999999818e+03
4.262300000000000182e+03
4.357350000000000364e+03
4.343199999999999818e+03
4.302549999999999272e+03
4.261500000000000000e+03
4.277199999999999818e+03
4.293600000000000364e+03
4.322350000000000364e+03
4.314199999999999818e+03
4.306000000000000000e+03
4.318199999999999818e+03
4.309449999999999818e+03
4.239899999999999636e+03
4.186350000000000364e+03
4.329000000000000000e+03
4.272549999999999272e+03
4.324699999999999818e+03
4.310299999999999272e+03
4.312800000000000182e+03
4.335700000000000728e+03
4.339399999999999636e+03
4.330600000000000364e+03
4.209899999999999636e+03
4.272000000000000000e+03
4.354199999999999818e+03
4.273649999999999636e+03
4.305100000000000364e+03
4.300750000000000000e+03
4.270049999999999272e+03
4.302149999999999636e+03
4.263250000000000000e+03
4.255750000000000000e+03
4.324549999999999272e+03
4.249850000000000364e+03
4.219549999999999272e+03
4.299149999999999636e+03
4.212399999999999636e+03
4.262899999999999636e+03
4.273949999999999818e+03
4.177250000000000000e+03
4.264800000000000182e+03
4.210950000000000728e+03
4.187299999999999272e+03
4.324600000000000364e+03
4.225199999999999818e+03
4.194449999999999818e+03
4.270500000000000000e+03
4.223200000000000728e+03
4.146699999999999818e+03
4.241050000000000182e+03
4.202450000000000728e+03
4.185699999999999818e+03
4.234800000000000182e+03
4.149449999999999818e+03
4.182399999999999636e+03
4.227800000000000182e+03
4.150199999999999818e+03
4.184149999999999636e+03
4.195350000000000364e+03
4.160600000000000364e+03
4.167149999999999636e+03
4.153300000000000182e+03
4.223850000000000364e+03
4.124100000000000364e+03
4.232649999999999636e+03
4.195050000000000182e+03
4.191399999999999636e+03
4.169500000000000000e+03
4.152649999999999636e+03
4.128800000000000182e+03
4.147300000000000182e+03
4.161600000000000364e+03
4.117500000000000000e+03
4.139550000000000182e+03
4.140699999999999818e+03
4.143750000000000000e+03
4.143050000000000182e+03
4.150050000000000182e+03
4.145300000000000182e+03
4.164300000000000182e+03
4.121500000000000000e+03
4.108699999999999818e+03
4.043899999999999636e+03
4.110050000000000182e+03
3.989949999999999818e+03
4.078099999999999909e+03
4.060050000000000182e+03
4.053649999999999636e+03
4.108450000000000728e+03
4.045800000000000182e+03
4.134850000000000364e+03
4.076750000000000000e+03
4.049599999999999909e+03
4.080099999999999909e+03
4.033600000000000364e+03
4.081150000000000091e+03
4.045950000000000273e+03
4.006050000000000182e+03
4.028149999999999636e+03
4.080150000000000091e+03
4.023649999999999636e+03
4.052099999999999909e+03
4.008100000000000364e+03
3.892850000000000364e+03
3.960850000000000364e+03
4.010900000000000091e+03
3.942800000000000182e+03
3.926150000000000091e+03
3.937399999999999636e+03
3.933199999999999818e+03
3.900199999999999818e+03
3.865849999999999909e+03
3.962949999999999818e+03
3.947300000000000182e+03
3.926350000000000364e+03
3.870699999999999818e+03
3.907449999999999818e+03
3.903949999999999818e+03
3.915300000000000182e+03
3.943949999999999818e+03
3.896650000000000091e+03
3.820099999999999909e+03
3.896500000000000000e+03
3.878099999999999909e+03
3.851500000000000000e+03
3.829099999999999909e+03
3.797000000000000000e+03
3.762900000000000091e+03
3.875300000000000182e+03
3.755099999999999909e+03
3.851800000000000182e+03
3.844399999999999636e+03
3.732449999999999818e+03
3.746550000000000182e+03
3.766800000000000182e+03
3.776000000000000000e+03
3.771300000000000182e+03
3.743399999999999636e+03
3.793949999999999818e+03
3.769250000000000000e+03
3.777649999999999636e+03
3.813300000000000182e+03
3.795300000000000182e+03
3.720199999999999818e+03
3.743100000000000364e+03
3.798300000000000182e+03
3.715199999999999818e+03
3.774500000000000000e+03
3.744400000000000091e+03
3.680199999999999818e+03
3.737250000000000000e+03
3.705850000000000364e+03
3.624500000000000000e+03
3.708899999999999636e+03
3.716699999999999818e+03
3.714400000000000091e+03
3.672449999999999818e+03
3.698349999999999909e+03
3.650449999999999818e+03
3.594699999999999818e+03
3.652350000000000364e+03
3.668150000000000091e+03
3.646349999999999909e+03
3.583050000000000182e+03
3.587850000000000364e+03
3.604350000000000364e+03
3.575349999999999909e+03
3.557400000000000091e+03
3.599550000000000182e+03
3.568699999999999818e+03
3.595449999999999818e+03
3.588000000000000000e+03
3.539699999999999818e+03
3.576050000000000182e+03
3.538699999999999818e+03
3.508949999999999818e+03
3.533500000000000000e+03
3.469500000000000000e+03
3.489149999999999636e+03
3.448350000000000364e+03
3.491699999999999818e+03
3.451500000000000000e+03
3.476199999999999818e+03
3.439599999999999909e+03
3.432900000000000091e+03
3.371150000000000091e+03
3.402300000000000182e+03
3.369849999999999909e+03
3.384300000000000182e+03
3.377400000000000091e+03
3.327900000000000091e+03
3.405100000000000364e+03
3.370449999999999818e+03
3.375649999999999636e+03
3.396800000000000182e+03
3.331900000000000091e+03
3.345300000000000182e+03
3.361750000000000000e+03
3.297500000000000000e+03
3.339050000000000182e+03
3.277050000000000182e+03
3.263100000000000364e+03
3.310550000000000182e+03
3.257150000000000091e+03
3.222650000000000091e+03
3.235400000000000091e+03
3.222649999999999636e+03
3.238099999999999909e+03
3.273800000000000182e+03
3.228199999999999818e+03
3.200399999999999636e+03
3.221050000000000182e+03
3.230050000000000182e+03
3.188250000000000000e+03
3.144750000000000000e+03
3.171449999999999818e+03
3.155349999999999909e+03
3.176750000000000000e+03
3.115300000000000182e+03
3.127250000000000000e+03
3.070149999999999636e+03
3.160199999999999818e+03
3.109599999999999909e+03
3.138449999999999818e+03
3.087000000000000000e+03
3.073000000000000000e+03
3.103800000000000182e+03
3.061099999999999909e+03
3.016000000000000000e+03
3.037149999999999636e+03
3.064199999999999818e+03
3.069800000000000182e+03
2.957349999999999909e+03
2.945849999999999909e+03
2.973750000000000000e+03
2.949100000000000364e+03
2.919900000000000091e+03
3.000500000000000000e+03
2.946500000000000000e+03
2.893500000000000000e+03
2.927550000000000182e+03
2.936750000000000000e+03
2.950399999999999636e+03
2.927699999999999818e+03
2.883800000000000182e+03
2.860099999999999909e+03
2.849800000000000182e+03
2.935800000000000182e+03
2.846800000000000182e+03
2.863250000000000000e+03
2.871699999999999818e+03
2.838750000000000000e+03
2.772199999999999818e+03
2.796399999999999636e+03
2.787949999999999818e+03
2.833599999999999909e+03
2.799949999999999818e+03
2.761550000000000182e+03
2.794150000000000091e+03
2.743050000000000182e+03
2.719899999999999636e+03
2.765599999999999909e+03
2.712850000000000364e+03
2.719949999999999818e+03
2.780849999999999909e+03
2.737400000000000091e+03
2.767000000000000000e+03
2.688300000000000182e+03
2.697800000000000182e+03
2.714849999999999909e+03
2.691250000000000000e+03
2.684000000000000000e+03
2.690900000000000091e+03
2.669050000000000182e+03
2.641300000000000182e+03
2.643500000000000000e+03
2.651500000000000000e+03
2.677599999999999909e+03
2.628949999999999818e+03
2.640849999999999909e+03
2.555500000000000000e+03
2.639150000000000091e+03
2.557949999999999818e+03
2.592050000000000182e+03
2.590100000000000364e+03
2.556000000000000000e+03
2.511050000000000182e+03
2.556699999999999818e+03
2.530600000000000364e+03
2.509649999999999636e+03
2.545300000000000182e+03
2.516199999999999818e+03
2.492250000000000000e+03
2.540250000000000000e+03
2.440699999999999818e+03
2.474699999999999818e+03
2.446050000000000182e+03
2.438449999999999818e+03
2.450500000000000000e+03
2.463800000000000182e+03
2.422100000000000364e+03
2.434199999999999818e+03
2.381300000000000182e+03
2.362349999999999909e+03
2.439750000000000000e+03
2.392849999999999909e+03
2.365250000000000000e+03
2.342349999999999909e+03
2.351900000000000091e+03
2.309250000000000000e+03
2.305449999999999818e+03
2.300550000000000182e+03
2.281850000000000364e+03
2.309050000000000182e+03
2.258849999999999909e+03
2.283449999999999818e+03
2.259550000000000182e+03
2.277149999999999636e+03
2.218800000000000182e+03
2.245250000000000000e+03
2.241500000000000000e+03
2.231949999999999818e+03
2.172250000000000000e+03
2.142149999999999636e+03
2.171699999999999818e+03
2.184150000000000091e+03
2.167500000000000000e+03
2.103400000000000091e+03
2.126199999999999818e+03
2.101650000000000091e+03
2.138949999999999818e+03
2.112400000000000091e+03
2.082250000000000000e+03
2.083349999999999909e+03
2.097449999999999818e+03
2.080349999999999909e+03
2.052550000000000182e+03
2.067449999999999818e+03
2.082250000000000000e+03
2.084349999999999909e+03
2.083350000000000364e+03
2.039450000000000045e+03
2.090300000000000182e+03
1.985500000000000000e+03
1.995049999999999955e+03
2.018349999999999909e+03
2.053699999999999818e+03
2.002000000000000000e+03
2.009650000000000091e+03
2.025549999999999955e+03
1.978599999999999909e+03
1.988900000000000091e+03
1.944699999999999818e+03
1.926800000000000182e+03
1.918150000000000091e+03
1.858049999999999955e+03
1.890650000000000091e+03
1.937099999999999909e+03
1.885050000000000182e+03
1.864349999999999909e+03
1.787150000000000091e+03
1.808900000000000091e+03
1.809750000000000000e+03
1.815049999999999955e+03
1.774049999999999955e+03
1.775250000000000000e+03
1.746349999999999909e+03
1.726700000000000045e+03
1.707050000000000182e+03
1.637700000000000045e+03
1.619450000000000045e+03
1.613900000000000091e+03
1.501250000000000000e+03
1.447300000000000182e+03
1.385700000000000045e+03
1.320900000000000091e+03
1.228500000000000000e+03
1.212449999999999818e+03
1.174200000000000045e+03
1.110849999999999909e+03
1.094199999999999818e+03
1.074550000000000182e+03
1.103300000000000182e+03
1.103650000000000091e+03
1.154900000000000091e+03
1.177950000000000045e+03
1.190099999999999909e+03
1.266150000000000091e+03
1.316050000000000182e+03
1.340500000000000000e+03
1.376150000000000091e+03
1.398699999999999818e+03
1.432550000000000182e+03
1.463849999999999909e+03
1.443900000000000091e+03
1.471849999999999909e+03
1.483349999999999909e+03
1.490000000000000000e+03
1.502000000000000000e+03
1.529900000000000091e+03
1.470450000000000045e+03
1.529099999999999909e+03
1.475549999999999955e+03
1.459150000000000091e+03
1.456900000000000091e+03
1.456700000000000045e+03
1.471150000000000091e+03
1.476599999999999909e+03
1.470750000000000000e+03
1.423200000000000045e+03
1.466849999999999909e+03
1.444500000000000000e+03
1.431299999999999955e+03
1.429950000000000045e+03
1.383650000000000091e+03
1.441599999999999909e+03
1.436400000000000091e+03
1.379250000000000000e+03
1.389400000000000091e+03
1.380549999999999955e+03
1.375549999999999955e+03
1.370900000000000091e+03
1.327750000000000000e+03
1.324299999999999955e+03
1.313400000000000091e+03
1.307450000000000045e+03
1.313950000000000045e+03
1.336049999999999955e+03
1.315800000000000182e+03
1.262650000000000091e+03
1.275250000000000000e+03
1.279099999999999909e+03
1.272099999999999909e+03
1.280400000000000091e+03
1.207550000000000182e+03
1.239950000000000045e+03
1.197799999999999955e+03
1.228049999999999955e+03
1.190000000000000000e+03
1.190200000000000045e+03
1.152349999999999909e+03
1.168449999999999818e+03
1.167099999999999909e+03
1.148400000000000091e+03
1.162250000000000000e+03
1.155449999999999818e+03
1.159750000000000000e+03
1.110650000000000091e+03
1.095799999999999955e+03
1.103150000000000091e+03
1.076849999999999909e+03
1.099949999999999818e+03
1.105349999999999909e+03
1.093000000000000000e+03
1.091849999999999909e+03
1.081950000000000045e+03
1.032299999999999955e+03
1.034950000000000045e+03
1.028000000000000000e+03
1.041049999999999955e+03
9.974500000000000455e+02
1.023600000000000023e+03
1.007700000000000045e+03
1.006399999999999977e+03
1.026250000000000000e+03
9.895000000000000000e+02
9.687500000000000000e+02
9.564500000000000455e+02
9.985999999999999091e+02
9.360000000000000000e+02
9.465499999999999545e+02
9.477999999999999545e+02
9.626000000000000227e+02
9.309000000000000909e+02
9.300499999999999545e+02
9.375499999999999545e+02
8.847500000000000000e+02
9.098499999999999091e+02
8.947500000000000000e+02
8.959000000000000909e+02
8.944500000000000455e+02
8.896500000000000909e+02
8.447500000000000000e+02
8.782500000000000000e+02
8.591499999999999773e+02
8.699500000000000455e+02
8.545499999999999545e+02
8.814500000000000455e+02
8.321500000000000909e+02
8.510000000000000000e+02
8.254500000000000455e+02
8.170000000000000000e+02
7.805999999999999091e+02
7.901000000000000227e+02
7.899500000000000455e+02
8.031499999999999773e+02
7.624000000000000909e+02
7.599500000000000455e+02
7.850000000000000000e+02
7.691500000000000909e+02
7.462999999999999545e+02
7.345499999999999545e+02
7.186499999999999773e+02
7.227000000000000455e+02
7.101000000000000227e+02
7.292999999999999545e+02
6.880000000000000000e+02
7.126500000000000909e+02
7.219500000000000455e+02
7.013999999999999773e+02
6.820999999999999091e+02
6.739500000000000455e+02
6.623999999999999773e+02
6.919000000000000909e+02
6.796000000000000227e+02
6.512000000000000455e+02
6.269500000000000455e+02
6.644000000000000909e+02
6.278999999999999773e+02
6.473499999999999091e+02
6.109500000000000455e+02
6.213499999999999091e+02
6.210499999999999545e+02
6.157999999999999545e+02
6.035000000000000000e+02
6.095499999999999545e+02
6.056499999999999773e+02
5.845499999999999545e+02
5.865499999999999545e+02
6.181499999999999773e+02
5.770499999999999545e+02
5.686499999999999773e+02
5.492999999999999545e+02
5.391000000000000227e+02
5.598999999999999773e+02
5.712000000000000455e+02
5.500000000000000000e+02
5.409000000000000909e+02
5.435000000000000000e+02
5.286499999999999773e+02
5.162000000000000455e+02
5.207000000000000455e+02
5.263999999999999773e+02
5.060000000000000000e+02
4.949499999999999886e+02
4.901499999999999773e+02
5.015000000000000000e+02
4.902500000000000000e+02
4.768000000000000114e+02
4.830000000000000000e+02
4.634499999999999886e+02
4.662500000000000000e+02
4.666000000000000227e+02
4.545000000000000000e+02
4.500000000000000000e+02
4.463999999999999773e+02
4.624499999999999886e+02
4.236499999999999773e+02
4.325500000000000114e+02
4.342500000000000000e+02
3.977999999999999545e+02
4.280000000000000000e+02
4.371000000000000227e+02
3.777500000000000000e+02
4.161499999999999773e+02
4.100500000000000114e+02
3.859499999999999886e+02
3.750500000000000114e+02
3.923500000000000227e+02
3.872000000000000455e+02
3.705500000000000114e+02
3.471499999999999773e+02
3.662999999999999545e+02
3.558000000000000114e+02
3.536499999999999773e+02
3.830500000000000114e+02
3.536999999999999886e+02
