1.370904231080697173e+04
1.364758310089553743e+04
1.397808064637255848e+04
1.337926067644302202e+04
1.412100226902828581e+04
1.371413363058391406e+04
1.428539477795924176e+04
1.393595405048542125e+04
1.392463051536195235e+04
1.420212333679358926e+04
1.383615406408606214e+04
1.413447743621387417e+04
1.469598973952212691e+04
1.450860618851641266e+04
1.492434303175109017e+04
1.396347317362636386e+04
1.445404523404303654e+04
1.465664441653605536e+04
1.425057648241966126e+04
1.493081394504571836e+04
1.472565546480181183e+04
1.474416167011928155e+04
1.455248207810868917e+04
1.496819983283448710e+04
1.513106920788284697e+04
1.494947836252574234e+04
1.523517961335974906e+04
1.507089448910826468e+04
1.480172672482181406e+04
1.516958793545624030e+04
1.499504819468192181e+04
1.537242532461293740e+04
1.542146446858339004e+04
1.562005640551351098e+04
1.528144070903819011e+04
1.529611630917902403e+04
1.595753434258868583e+04
1.595023664940061644e+04
1.563099331178931607e+04
1.541530596844184947e+04
1.587902123755340108e+04
1.573122530425095829e+04
1.573658237085327710e+04
1.594634401778890788e+04
1.642173069023730204e+04
1.606163291677854795e+04
1.596567924542179753e+04
1.599635973449284756e+04
1.646088671475407682e+04
1.649935204759315457e+04
1.619156895871614142e+04
1.635598714224855212e+04
1.612852594460365981e+04
1.622952142369619469e+04
1.650303992256084166e+04
1.634834007683826712e+04
1.630609595928119052e+04
1.669317180234298939e+04
1.660914694114124723e+04
1.667661514797379277e+04
1.642262788246370474e+04
1.697876673844734250e+04
1.658578280175729742e+04
1.677181884859899947e+04
1.658944770615077505e+04
1.698100942673013924e+04
1.721107884622063648e+04
1.707914250791931045e+04
1.719991877862638285e+04
1.717467853460854531e+04
1.709781590605778911e+04
1.731476701807612699e+04
1.698272608532464437e+04
1.734370189825658599e+04
1.702171071742208733e+04
1.717032939462549984e+04
1.710488665725505052e+04
1.769821404601485119e+04
1.707168697385752967e+04
1.730003622072870348e+04
1.784141598882931066e+04
1.745378522579557102e+04
1.720632413163306774e+04
1.762080341590930038e+04
1.787260272619036186e+04
1.743608935872791335e+04
1.776943505584126615e+04
1.789138396210801147e+04
1.783451095516492569e+04
1.755129646253466126e+04
1.769499056186314192e+04
1.794648766837571384e+04
1.810329757737466934e+04
1.801114296459615434e+04
1.789173944375598512e+04
1.776915203336338891e+04
1.819811324504086951e+04
1.755641124040405339e+04
1.816043924170235914e+04
1.810767741888118326e+04
1.792302437080837990e+04
1.816339968742090423e+04
1.764321644084639775e+04
1.825009479616337921e+04
1.846088504094188829e+04
1.847305015145166180e+04
1.845932856825837735e+04
1.787862592596422473e+04
1.805885706259835570e+04
1.827852908470997500e+04
1.850922092321202581e+04
1.842857941902904713e+04
1.829587982483396991e+04
1.839788919080949199e+04
1.827845268055076667e+04
1.824842642415687442e+04
1.828840135259126691e+04
1.832490506734260271e+04
1.830488178563614201e+04
1.868507786849434342e+04
1.826906982349797909e+04
1.853999508266601697e+04
1.818756490730556106e+04
1.862816386015708122e+04
1.883334436593924693e+04
1.901175796864564109e+04
1.901661339139794291e+04
1.844709821980936977e+04
1.864273413436173360e+04
1.844077817775631047e+04
1.894054482402321446e+04
1.834881837600253129e+04
1.874683450472451659e+04
1.884480840457771774e+04
1.880332575711485333e+04
1.878318689359390919e+04
1.908294472490353292e+04
1.910045019494488588e+04
1.889908665227605161e+04
1.868988271499543043e+04
1.923232748585927402e+04
1.892651397913235269e+04
1.893563016786390290e+04
1.895051182133255134e+04
1.893989851729723523e+04
1.920693509134416672e+04
1.910068094475200633e+04
1.929793491079219166e+04
1.923512203998435871e+04
1.925169855088362237e+04
1.936482456053503483e+04
1.938584166128210200e+04
1.934476027900402914e+04
1.895917411289513984e+04
1.959095061835020169e+04
1.947404725726554898e+04
1.944841566420665185e+04
1.979908030280507955e+04
1.929001236288129076e+04
1.924732255134710431e+04
1.941261580277316170e+04
1.956205307766348778e+04
1.928249579597178672e+04
1.929289535730257558e+04
1.952032347993238000e+04
1.939717122910664693e+04
1.951610574114249175e+04
1.982390098200105058e+04
1.975763157570162730e+04
1.969260156941893365e+04
1.939583653339664306e+04
1.940482164869928602e+04
1.945292835480935537e+04
1.957296885680382911e+04
1.987666464678601187e+04
1.956568595316243955e+04
1.969759788578576263e+04
1.965740868118614162e+04
1.979259511233296871e+04
1.994872480940790047e+04
1.948332493809098742e+04
1.954922792943213062e+04
1.996575642196066838e+04
1.959493332070328324e+04
1.949479146565133487e+04
1.992873849716525001e+04
1.976275167844879979e+04
1.959593392419213342e+04
1.982036216636617974e+04
1.968781863017038268e+04
1.982396441046625841e+04
1.960540082514675669e+04
1.928526536648487672e+04
1.951494806530553251e+04
1.906040961521839563e+04
1.977505778089992236e+04
2.127523335669148582e+04
2.329016677328421792e+04
2.521161227321810293e+04
2.448015989032971629e+04
2.197685114547254852e+04
2.038677644598313418e+04
1.951449711322460280e+04
1.959112133267812897e+04
1.956779402110672891e+04
1.952475397911908658e+04
1.999405813350219614e+04
1.968375998914967204e+04
2.010171076159436052e+04
1.987473620855585978e+04
1.993077875579448300e+04
2.006939321435464080e+04
2.009886987488156956e+04
2.011544353583133852e+04
1.981428121218858723e+04
2.008180451877566520e+04
2.002744457636879088e+04
2.047721164990750549e+04
1.999598170068616309e+04
2.000121902850325569e+04
2.033185857442156703e+04
1.974408159375260584e+04
2.006022196848267413e+04
2.020000920594364288e+04
2.038489750990598623e+04
2.030030677454822580e+04
2.008186532478133449e+04
2.008693550630141544e+04
2.017290073501758525e+04
2.024685898326525785e+04
2.015468631192678004e+04
2.049410934791784166e+04
2.012363883688419082e+04
2.057724501759265331e+04
2.019687295695088324e+04
2.024575093793902852e+04
2.055399813880222064e+04
2.037204983355422519e+04
2.027088620408074348e+04
2.030386627335300363e+04
2.051307842427865762e+04
2.072009381416758697e+04
2.013345463065108925e+04
2.024912677081584116e+04
1.999283533228745364e+04
2.014997712027744274e+04
2.028340310876271542e+04
2.040140577929154460e+04
2.057621964186976038e+04
2.077477779079456741e+04
2.052522843976749209e+04
2.074758763018918035e+04
2.034005941114433881e+04
2.023199162704297487e+04
2.021723573284575468e+04
2.043588042492700697e+04
2.046085419064744565e+04
2.030023201239673290e+04
2.052578121446878504e+04
2.045025293532474097e+04
2.027155147849544301e+04
2.047120288515710126e+04
2.055218818053385985e+04
2.017977509796983941e+04
1.995568839331889467e+04
2.030014964735668400e+04
2.050874830846773693e+04
2.058047170597355216e+04
2.029585451908640243e+04
2.048843905034321870e+04
2.046550679589192805e+04
2.032123167046884191e+04
2.044724560097815993e+04
2.047784760096979517e+04
2.042361338613904081e+04
2.035871074584108646e+04
2.050523812687952523e+04
2.060961176412120767e+04
2.059607836603340184e+04
2.052687965508502020e+04
2.060791649558892459e+04
2.026040266750541196e+04
2.052076325415461542e+04
2.026276820520381079e+04
2.070932881324187838e+04
2.070019225502067275e+04
2.048835983644388398e+04
2.072295081793672580e+04
2.068408496725957957e+04
2.076860596690150123e+04
2.056128253761744418e+04
2.037738095719868943e+04
2.043660162740713349e+04
2.054696877896985461e+04
2.060531084920128706e+04
2.040082684372586300e+04
2.063755575192774268e+04
2.076564662737547769e+04
2.089521580459109100e+04
2.068388735689114401e+04
2.087602919986733468e+04
2.074039904689275863e+04
2.078939223520067026e+04
2.074485532921969934e+04
2.082347572744846184e+04
2.080818309104577565e+04
2.085877163829124402e+04
2.054487618185679821e+04
2.057539364447571643e+04
2.056502412779729639e+04
2.053621318813941980e+04
2.084649891649308483e+04
2.079500507915417620e+04
2.085858521547125929e+04
2.098139335780835972e+04
2.079290040468440566e+04
2.076585834715535020e+04
2.081439529320523798e+04
2.083852526097605005e+04
2.078358825853691815e+04
2.062229917020116409e+04
2.048492280850676616e+04
2.071297752457817478e+04
2.055967449127206783e+04
2.051998509655315502e+04
2.068896915427019121e+04
2.076210513367556632e+04
2.088291808739827684e+04
2.123475422668296596e+04
2.104220720820605129e+04
2.077255003692655373e+04
2.067737189397449038e+04
2.092605590319613111e+04
2.076888867658071104e+04
2.089146610077474543e+04
2.070149678338136437e+04
2.078238017781297822e+04
2.083167133890525292e+04
2.067138760936259496e+04
2.062387290990125621e+04
2.039098247832020206e+04
2.042301993755291187e+04
2.053520075247994100e+04
2.050632142540221321e+04
2.071335567971060664e+04
2.089145972587591314e+04
2.052409409540025081e+04
2.057017639679878266e+04
2.039621508604679548e+04
2.040135582195586176e+04
2.032761877536843167e+04
2.026563122987114912e+04
2.049523706830461742e+04
2.017483223126027224e+04
2.006646899962894167e+04
2.025492923773056464e+04
2.005803970312782621e+04
2.007553626149685806e+04
2.030711335126337144e+04
2.023048732599288996e+04
2.019014021172118737e+04
2.014400220017809261e+04
2.010048360286092793e+04
1.989699266396699750e+04
1.987560615044944279e+04
2.018595528867761823e+04
1.999694251475073179e+04
1.963788082934847262e+04
1.995693584275053945e+04
1.985077161481186340e+04
1.980265002214816559e+04
1.967277794563849238e+04
1.955812715206074427e+04
1.955348344625731261e+04
1.953485848956190603e+04
1.963299001539448363e+04
1.963367446769259186e+04
1.946366736375159962e+04
1.944470073985545605e+04
1.938294283971044933e+04
1.958174399626527884e+04
1.951372880987128883e+04
1.940743852041862556e+04
1.955074187472765334e+04
1.943500839779971284e+04
1.948199508344882270e+04
1.921545540468289255e+04
1.915649174972988840e+04
1.918892650073251571e+04
1.910232361265765576e+04
1.899730371812301019e+04
1.897364563238750270e+04
1.913131120498098971e+04
1.880454400849848025e+04
1.909578814891520233e+04
1.895590201269086538e+04
1.899665793055691029e+04
1.903927097593552026e+04
1.906702226160576902e+04
1.902117034717032584e+04
1.891082887880958515e+04
1.877125075497349462e+04
1.888935468151858367e+04
1.891991368612062433e+04
1.903896415247615369e+04
1.874313676678211777e+04
1.870813335706895305e+04
1.859291031633309467e+04
1.870802613270038637e+04
1.866230735102625113e+04
1.847550910281244433e+04
1.864355221657076982e+04
1.847365901849089278e+04
1.842122691272626253e+04
1.845365010963007808e+04
1.840732056862106401e+04
1.846333856486453806e+04
1.835712119996612455e+04
1.830767764241685654e+04
1.828499695301526663e+04
1.827720439433867432e+04
1.820495820259638640e+04
1.819284325835053824e+04
1.807906142327166526e+04
1.815241171910845151e+04
1.813148274525554734e+04
1.794380372264252946e+04
1.812054462704257821e+04
1.809802728162413405e+04
1.819147086485636100e+04
1.804428072093922310e+04
1.793655207275864086e+04
1.782257691112493194e+04
1.782278179828332577e+04
1.775027666305957609e+04
1.776075371689141684e+04
1.769792731881895816e+04
1.768404680668576111e+04
1.763597876697505853e+04
1.757420781459193677e+04
1.784995422552483433e+04
1.769160688874099651e+04
1.752116603183560801e+04
1.730591271750704254e+04
1.725628128971592741e+04
1.721719274862898965e+04
1.704145289761199092e+04
1.690993181552877286e+04
1.685639846188707088e+04
1.719703266570956112e+04
1.717227176010044423e+04
1.750828460942588208e+04
1.775478507989484569e+04
1.778426415922331580e+04
1.797538749422857290e+04
1.774308038763765217e+04
1.750208634439856905e+04
1.738237754498955837e+04
1.703268785505738560e+04
1.702260235943370935e+04
1.691339432315430895e+04
1.692366162023723155e+04
1.694068543818859325e+04
1.710050778232963785e+04
1.720792971596730058e+04
1.726514125056051125e+04
1.720015741876174798e+04
1.703541763910912414e+04
1.706503845720990648e+04
1.691547007925325670e+04
1.685007281428594433e+04
1.685987141874105146e+04
1.687065974346022995e+04
1.665922368076711064e+04
1.675729756363595516e+04
1.668412078889119584e+04
1.685717812992599283e+04
1.666815179150305994e+04
1.675725705311564161e+04
1.660522774001295329e+04
1.677686706101371601e+04
1.646175077348383638e+04
1.662023407301847328e+04
1.653666626373641702e+04
1.650726077812459334e+04
1.638919384032607195e+04
1.664916766747677684e+04
1.651572734214152297e+04
1.649965035242798331e+04
1.636581383180334524e+04
1.637688219151658632e+04
1.649791213022954616e+04
1.627692265011994641e+04
1.637295959055636195e+04
1.631890059277891123e+04
1.626266427001810735e+04
1.622209834658035288e+04
1.631015039402033653e+04
1.612247731170780571e+04
1.629967601905684751e+04
1.632852160058816480e+04
1.622933018067250487e+04
1.638056822579105756e+04
1.628566641339115995e+04
1.630374003363369047e+04
1.637629349582762916e+04
1.651465245259928633e+04
1.646303093884169721e+04
1.637717559275875101e+04
1.643943436110726543e+04
1.627678531368795120e+04
1.621068695859524632e+04
1.633149875463039825e+04
1.634300260420211816e+04
1.613528659135656198e+04
1.636934252551240752e+04
1.628189138836650272e+04
1.632053845085376997e+04
1.629050102512255762e+04
1.624878543355877264e+04
1.615545081527373986e+04
1.625746558095952423e+04
1.623825318435334520e+04
1.607306672780904955e+04
1.626269373943599930e+04
1.617605624973549493e+04
1.612040137557420712e+04
1.605786068818444801e+04
1.593615348008573346e+04
1.601534074696067182e+04
1.615301605607519741e+04
1.629408965763495326e+04
1.614837697741597003e+04
1.624791238686820361e+04
1.609602347148326226e+04
1.621270172653677764e+04
1.627924083030442853e+04
1.618255848119558686e+04
1.614869915719744313e+04
1.621232163034133737e+04
1.631596016926812808e+04
1.643767680962676968e+04
1.637668070660919147e+04
1.617294259382167547e+04
1.631449178360234873e+04
1.630658218710496658e+04
1.624086513572392323e+04
1.629650077348069863e+04
1.614845614894825121e+04
1.609534962889005874e+04
1.622896374553091300e+04
1.618478069112767662e+04
1.610583444985540518e+04
1.617372742332335110e+04
1.607942779459641679e+04
1.617592195319478924e+04
1.600934547811584525e+04
1.611039250506893404e+04
1.609010471281793798e+04
1.604568675792061185e+04
1.595074237660900872e+04
1.607466546708159512e+04
1.591370087550119388e+04
1.592214683866175801e+04
1.573044538600521264e+04
1.581853346773671365e+04
1.592699049536031453e+04
1.595507675664131420e+04
1.580984777930269593e+04
1.570952373045668173e+04
1.567629387741720166e+04
1.570990913612069198e+04
1.579046609721664208e+04
1.586466168484312766e+04
1.596356069795131043e+04
1.600108998036313278e+04
1.595467438564712575e+04
1.561854792041748624e+04
1.563994852245651600e+04
1.555565491418886631e+04
1.565957451292574842e+04
1.561102649518521139e+04
1.560981258205305130e+04
1.575578434653142722e+04
1.568299666067476937e+04
1.553643700188182811e+04
1.562940085783189534e+04
1.557420941669253989e+04
1.542920545900673278e+04
1.545947134350425404e+04
1.543966388873116193e+04
1.536782689380150805e+04
1.547570742695364606e+04
1.545897891090966732e+04
1.536659928449517793e+04
1.537123267329453483e+04
1.540941520091948587e+04
1.536091088313359251e+04
1.531583325779434381e+04
1.526745273412067763e+04
1.533397946623447206e+04
1.525117130026012092e+04
1.522337881026984178e+04
1.506123498305742578e+04
1.516403549580250001e+04
1.506388034139173214e+04
1.508764614860723850e+04
1.495082873350886257e+04
1.493915640681851619e+04
1.506030511028377259e+04
1.497871911648338028e+04
1.506176661550218341e+04
1.503323238436030806e+04
1.505345697127241328e+04
1.501937408901930030e+04
1.500419080791610031e+04
1.502266967298861164e+04
1.494314248086880252e+04
1.493177050047369448e+04
1.491213453608860436e+04
1.491949205641596745e+04
1.477075412412709557e+04
1.482352440188463697e+04
1.477543146909984353e+04
1.474085856710078951e+04
1.471931101371963268e+04
1.485143761111513049e+04
1.479558661461334304e+04
1.482306130058171584e+04
1.484010852415496993e+04
1.470349846739564782e+04
1.472923634872417279e+04
1.467932799639253790e+04
1.449347359133894679e+04
1.449791584088518721e+04
1.452346092498087273e+04
1.461782929800861530e+04
1.450334376990933015e+04
1.457593888667366809e+04
1.455429297235438207e+04
1.446774386256264006e+04
1.449777059157956683e+04
1.438020865459578999e+04
1.448279033410730699e+04
1.431602196871293563e+04
1.440972400439876037e+04
1.436432222627700139e+04
1.438191994252523909e+04
1.439860182531631108e+04
1.430717711632201826e+04
1.439489519162721444e+04
1.437413418486531737e+04
1.439200471852865667e+04
1.438229465053403874e+04
1.433847672205733761e+04
1.431328882564909145e+04
1.422325397460916429e+04
1.425172926667091451e+04
1.426906869478279987e+04
1.426338322596263970e+04
1.421260534569540505e+04
1.419483264327008510e+04
1.417527588101936635e+04
1.421393226643592789e+04
1.419281202329459848e+04
1.403710225385717968e+04
1.404909165744658640e+04
1.401652056476163489e+04
1.392686565424905348e+04
1.402986664808637397e+04
1.406495400276110740e+04
1.408873807714779650e+04
1.415411111803776112e+04
1.397492426511504163e+04
1.392748799912246795e+04
1.396881414681659589e+04
1.392124506527009908e+04
1.392468754572986836e+04
1.395809535423190209e+04
1.388462255940964860e+04
1.393594905768035096e+04
1.388833359848064902e+04
1.390558444456377219e+04
1.383642642949546462e+04
1.378260084735141027e+04
1.383866343435540330e+04
1.375205831618656703e+04
1.375018538597956467e+04
1.370062424288094735e+04
1.368576106553806858e+04
1.371328868144600892e+04
1.366298078075999001e+04
1.362354861475818325e+04
1.361517068197552908e+04
1.365342400984461528e+04
1.363231468669567766e+04
1.357992972389991519e+04
1.356046329529278228e+04
1.359047486585447587e+04
1.341390443723692988e+04
1.340504296109592906e+04
1.344338174845409594e+04
1.336321205919291424e+04
1.335487410293542962e+04
1.327302117185712996e+04
1.347413731523560273e+04
1.334421395359784037e+04
1.323351247012813656e+04
1.333600926949382483e+04
1.323766095697597484e+04
1.315263417616659171e+04
1.319452478726394656e+04
1.328316143895047571e+04
1.311098487714313160e+04
1.315040531588815065e+04
1.304957403988449187e+04
1.309146703873213664e+04
1.316869551321664039e+04
1.298510419551547420e+04
1.311340030816376566e+04
1.304986248066805820e+04
1.304406325409567944e+04
1.304754856126168852e+04
1.301172291629487881e+04
1.293066127213577238e+04
1.299435046470969428e+04
1.293320731688577871e+04
1.284766523797485206e+04
1.296319385535194488e+04
1.301099089397143325e+04
1.301706912562389334e+04
1.293235937287334309e+04
1.275661935578073098e+04
1.279543558689380552e+04
1.275518694617809706e+04
1.282493372778596131e+04
1.283457711416371058e+04
1.285076367090484746e+04
1.293609768298900781e+04
1.274570982423694477e+04
1.276241346396006338e+04
1.267072530557380014e+04
1.259753357199649690e+04
1.269558392335664212e+04
1.263632997404436173e+04
1.249355571598486313e+04
1.269773235450790889e+04
1.268724933555342614e+04
1.273456228700138126e+04
1.280785238348134953e+04
1.271209880976843851e+04
1.261895510830520834e+04
1.271448237652190983e+04
1.272281599210739114e+04
1.274692858626589077e+04
1.277811171843019110e+04
1.283299500383287705e+04
1.274425870158058387e+04
1.270805155357889089e+04
1.260922965252338145e+04
1.266305527127904679e+04
1.271985981476943380e+04
1.267289053662417791e+04
1.265777497666413001e+04
1.270934875780229049e+04
1.271331718622239714e+04
1.261768700164464281e+04
1.261445542102915715e+04
1.267848638818765357e+04
1.262324539816786455e+04
1.255054381173760885e+04
1.255647675982451256e+04
1.264554275378628518e+04
1.254764166672017200e+04
1.257916116227980274e+04
1.253961910497912140e+04
1.269122469787802402e+04
1.267392948667094242e+04
1.264275928345837383e+04
1.262602849349979988e+04
1.249067515951174937e+04
1.258261819421821019e+04
1.260851259600052254e+04
1.263414787990076184e+04
1.260753978858620212e+04
1.258661006621161505e+04
1.265536548594750820e+04
1.250636075374734173e+04
1.250174471089415783e+04
1.256584560286729538e+04
1.259278924354505943e+04
1.253697046369354030e+04
1.256097387305646589e+04
1.249054705804803598e+04
1.254190149137412300e+04
1.254183783875592781e+04
1.250516808882720034e+04
1.252152096689467544e+04
1.251175218809414764e+04
1.246562358717238749e+04
1.240919093408872868e+04
1.229878765129328167e+04
1.241125124346006669e+04
1.247238948901030381e+04
1.237066044219184550e+04
1.234002065494609815e+04
1.240549902299964560e+04
1.232000468193646884e+04
1.240432499380543413e+04
1.234090682724055478e+04
1.230018758453788905e+04
1.228306812747995900e+04
1.228083884445718468e+04
1.220372585184484160e+04
1.219719219123017683e+04
1.218990767118840085e+04
1.216713698820416721e+04
1.215460976154861964e+04
1.207302769222356437e+04
1.218844626780822546e+04
1.211803966571507590e+04
1.214452525712017996e+04
1.211254225648474676e+04
1.210180414973677216e+04
1.206493808234281460e+04
1.207831325935126370e+04
1.197223352947423155e+04
1.198313134628915759e+04
1.202920383325907642e+04
1.198748231585809845e+04
1.197919213007946200e+04
1.191249250516779648e+04
1.191671402672489785e+04
1.190667986332230248e+04
1.197016429564582540e+04
1.190136919368586859e+04
1.197857435259186786e+04
1.187874234893836183e+04
1.183821187308476874e+04
1.186229493802180878e+04
1.176552778595352902e+04
1.182283523286594937e+04
1.175664965086563461e+04
1.175216302870372419e+04
1.173213813610978832e+04
1.177194417377640275e+04
1.167277654625656396e+04
1.172934580364853900e+04
1.167379164469145144e+04
1.172720288778689610e+04
1.167131095717051357e+04
1.166492426297981910e+04
1.163048822080522950e+04
1.160577935732537662e+04
1.167339419404860746e+04
1.158034861722233654e+04
1.158449829856018187e+04
1.157747303568412462e+04
1.148510160563599675e+04
1.147668008154479867e+04
1.144843919289435871e+04
1.143667858494127177e+04
1.145610732458416533e+04
1.138450276955349545e+04
1.150447192048663783e+04
1.139403446392300430e+04
1.142097088598093251e+04
1.131524838349552010e+04
1.134049508025734758e+04
1.134757087384136503e+04
1.123258640515406842e+04
1.111949120389913878e+04
1.121864657046739376e+04
1.129903664329379353e+04
1.123741103820535136e+04
1.125822937883237319e+04
1.125001222222118486e+04
1.126579059470282482e+04
1.130957302332819745e+04
1.125654861027547486e+04
1.124265478902193900e+04
1.114859722547878664e+04
1.120033175837901945e+04
1.114354788764201294e+04
1.117855892660228164e+04
1.119634991234563495e+04
1.110424276120644026e+04
1.106937630496279962e+04
1.112888559324288690e+04
1.110335254989472924e+04
1.102921630738728345e+04
1.111667512151977280e+04
1.100757332111195865e+04
1.102802937122264120e+04
1.106793377364177650e+04
1.095066219688446836e+04
1.093313320903076965e+04
1.102658437778371081e+04
1.092701633273803236e+04
1.091302516877046401e+04
1.094463643530719128e+04
1.091079704946884158e+04
1.088797592817609075e+04
1.088060041775200807e+04
1.084288185669562699e+04
1.094758324955914759e+04
1.081977949134248593e+04
1.085323473138870395e+04
1.075614703622268280e+04
1.078209600897845303e+04
1.076004888233590646e+04
1.076480048463177081e+04
1.078457074527126497e+04
1.073834032169248530e+04
1.073215905937771822e+04
1.065256332397679034e+04
1.070998841909740804e+04
1.072626877651016730e+04
1.070024680134899427e+04
1.071364167558833469e+04
1.066696643735791804e+04
1.067463597771851346e+04
1.058559517408581632e+04
1.055929750140867691e+04
1.067660531230693414e+04
1.058521297727968886e+04
1.063694010404186156e+04
1.056416606349960421e+04
1.062090901564113483e+04
1.054502201624206100e+04
1.056332883869869511e+04
1.057703343477004455e+04
1.050573512088702228e+04
1.044916442841460048e+04
1.052362688657788385e+04
1.051154153887499342e+04
1.047409756890941753e+04
1.058187429037713810e+04
1.044357747718934843e+04
1.052503951003395377e+04
1.051701579654788111e+04
1.045276571016607522e+04
1.051095501308271196e+04
1.046901119896920318e+04
1.043108609749022071e+04
1.040005514602223593e+04
1.038361863996770262e+04
1.044546367732116414e+04
1.046304616342928784e+04
1.046315767262174995e+04
1.043566419908257194e+04
1.041653671472825954e+04
1.044108973775617415e+04
1.037118298703337859e+04
1.035555488866399173e+04
1.037708750258640066e+04
1.034907319475519762e+04
1.042007759648505453e+04
1.040323675740560066e+04
1.046741124194089934e+04
1.033103489180001270e+04
1.039694178385210944e+04
1.033037347111446797e+04
1.034257474709824237e+04
1.034037302320754679e+04
1.031179904751490903e+04
1.037861576616169987e+04
1.040885166701974413e+04
1.034819987795451743e+04
1.036644193492566046e+04
1.034123675937329790e+04
1.026151211283607699e+04
1.022383548472158327e+04
1.029848983875913655e+04
1.037340106412222121e+04
1.030276251055817556e+04
1.032843055059031212e+04
1.026463399376425150e+04
1.040157199632345510e+04
1.037993113000491758e+04
1.038851254340744708e+04
1.018318216554330138e+04
1.030260292449613917e+04
1.030902648364280503e+04
1.029618220301224392e+04
1.030045614567796656e+04
1.033381382178346757e+04
1.026078597193715723e+04
1.036220675026219942e+04
1.032589826432226982e+04
1.022950226163600200e+04
1.022868312273358970e+04
1.028873170368007777e+04
1.032231864651852084e+04
1.024859135134237113e+04
1.027245274762422378e+04
1.027151426572638047e+04
1.017260075325737125e+04
1.017360792267523175e+04
1.015020667995854092e+04
1.013205184187937266e+04
1.016683944222767241e+04
1.013464004786611986e+04
1.015723582471578266e+04
1.005736134352931003e+04
1.013203369646326610e+04
9.996657023257606852e+03
9.984323610383524283e+03
9.913896500135915630e+03
9.976649741451208683e+03
1.000981310118517467e+04
9.948700548334691121e+03
9.995640313498541218e+03
9.959308022491059091e+03
9.938429345874443243e+03
9.938486126241859893e+03
9.876691965037487535e+03
9.788255885442802537e+03
9.874254612608991010e+03
9.876067551597996498e+03
9.826231573214294258e+03
9.844614003243552361e+03
9.854716987781801436e+03
9.791938091458256167e+03
9.870525826338753177e+03
9.748310194078390850e+03
9.706816282926718486e+03
9.827118461124449823e+03
9.788774449828735669e+03
9.625372109741414533e+03
9.646044661518972134e+03
9.654084925473556723e+03
9.526720530259000952e+03
9.516931907830758064e+03
9.477637658208645007e+03
9.435124043705633085e+03
9.403854163045847599e+03
9.419097158050781218e+03
9.417955290520527342e+03
9.385898630485451577e+03
9.341706692724872482e+03
9.384051465882468619e+03
9.539208760453631839e+03
9.569514637246362327e+03
9.621418746486702730e+03
9.713572393827815176e+03
9.803157570821225818e+03
9.938995146872164696e+03
9.987517996610344198e+03
1.001273463720052132e+04
9.920216996421135264e+03
9.872813077511886149e+03
9.847978099689171358e+03
9.860585843023449343e+03
9.884934750929307484e+03
9.837374890600063736e+03
9.713541903883256964e+03
9.736551780587329631e+03
9.696876400658236889e+03
9.486282815626451338e+03
9.457278929277121279e+03
9.389044909691801877e+03
9.350559056690686702e+03
9.409419950376362976e+03
9.436351280428722021e+03
9.472048345495344620e+03
9.507688863045334074e+03
9.565615104847367547e+03
9.479241179686045143e+03
9.448159079527113136e+03
9.534638966140930279e+03
9.573830675464188971e+03
9.715991869347784814e+03
9.638471798922633752e+03
9.579334266598914837e+03
9.560514595971308154e+03
9.566981433477318205e+03
9.416396458120927491e+03
9.308009001551548863e+03
9.198327647282734688e+03
9.179697972096237208e+03
9.017227597112449075e+03
9.057034442857542672e+03
9.137811111801580410e+03
9.164331674476587068e+03
9.155752928433663328e+03
9.074511027030199330e+03
9.152623902033525155e+03
9.238955191844901492e+03
9.296093654778325799e+03
9.393596214886612870e+03
9.425577070423096302e+03
9.421500029895434636e+03
9.441542825500418985e+03
9.473076158989573742e+03
9.396826809032887468e+03
9.344250663303502733e+03
9.333096579936296621e+03
9.253277697151330358e+03
9.135939275574706699e+03
9.133893129074251192e+03
9.185916311113467600e+03
9.094529789532043651e+03
9.206781774089007740e+03
9.186393216861384644e+03
9.258606638804916656e+03
9.106177243721116611e+03
9.091283556976333784e+03
9.025567205675359219e+03
9.027907042620036009e+03
9.029351352425877849e+03
9.103792205093150187e+03
9.136908480633957879e+03
9.164932622464762972e+03
9.102086262419950799e+03
9.034177543105543009e+03
8.986303776410817591e+03
8.969022981743757555e+03
8.981539088048974008e+03
9.078428161937552431e+03
9.106592512722445463e+03
9.127292766110604134e+03
9.052548124120374268e+03
9.150940654452169838e+03
9.119529122512403774e+03
8.868553122179602724e+03
8.998003224732521630e+03
8.970151215610299914e+03
8.952231474974363664e+03
8.964640784004172019e+03
8.910633959313710875e+03
8.925004149123906245e+03
8.946893133502431738e+03
8.873543556852260735e+03
8.890514560137409717e+03
8.906586854272505661e+03
8.808809775484622151e+03
8.810635417225228593e+03
8.864948926491282691e+03
8.852590379225504876e+03
8.855432422523072091e+03
8.890729587912406714e+03
8.794842942282481090e+03
8.846536402174649993e+03
8.812895998773494284e+03
8.823531467417735257e+03
8.800605347922763031e+03
8.787471613571347916e+03
8.796472223490494798e+03
8.788197530631327027e+03
8.776328669696427824e+03
8.874605230405888506e+03
8.801089420997999696e+03
8.741484957354525250e+03
8.765771384392475738e+03
8.804189265023258486e+03
8.765176240512926597e+03
8.751658843826335215e+03
8.730722967649364364e+03
8.797323904051978388e+03
8.723457780581316911e+03
8.689287913762291282e+03
8.759413328765524057e+03
8.682695601077964966e+03
8.681758014254342925e+03
8.680492445673819020e+03
8.679641958208118012e+03
8.625654773238265989e+03
8.708904370151472904e+03
8.651163657754130327e+03
8.666188137503500911e+03
8.630912029325221738e+03
8.680617721771512151e+03
8.682011360918892024e+03
8.684629706476938736e+03
8.667888130916140653e+03
8.671089699274663872e+03
8.629118762041691298e+03
8.610242470474207948e+03
8.626205590651743478e+03
8.652440426495619249e+03
8.683610261202189577e+03
8.622831673394397512e+03
8.603008210549382056e+03
8.586698216294771555e+03
8.642196126164331872e+03
8.609040013918072873e+03
8.569911591736976334e+03
8.590937739969218455e+03
8.641900386608591361e+03
8.616447393778236801e+03
8.592328398901836408e+03
8.569148689022724284e+03
8.565376273536616281e+03
8.565375781834569352e+03
8.531104281471098147e+03
8.584806389935474726e+03
8.571505075803765067e+03
8.516576872431925949e+03
8.538639244322390368e+03
8.463311272450913748e+03
8.533613066229818287e+03
8.525786098753836995e+03
8.543204191815406375e+03
8.547664400341858709e+03
8.506794397589608707e+03
8.542200914475706668e+03
8.495317211176246929e+03
8.537017209254103363e+03
8.462261030546282200e+03
8.502223653240980639e+03
8.503445102725307152e+03
8.466650307967382105e+03
8.474958114747832951e+03
8.451395893693279504e+03
8.450336824266732947e+03
8.443563785821057536e+03
8.448182513185662174e+03
8.535188514286135614e+03
8.430777941973075940e+03
8.437937043808367889e+03
8.431420273487054146e+03
8.427107160253581242e+03
8.374148398400255246e+03
8.401791630551178969e+03
8.478930622476220378e+03
8.499094219078788228e+03
8.434262518993895355e+03
8.481482658442466345e+03
8.414258795203457339e+03
8.397713459002581658e+03
8.400625867310962349e+03
8.403914108196575398e+03
8.406677307586327515e+03
8.362365531759003716e+03
8.435908628230868999e+03
8.382095232794670665e+03
8.380370028230672688e+03
8.407129681771219111e+03
8.439180640517686697e+03
8.391448809910112686e+03
8.356734914720076631e+03
8.383233849184754945e+03
8.370210739229376486e+03
8.303988005097635323e+03
8.359454054409115997e+03
8.363350442569042571e+03
8.338977859424749113e+03
8.298248006392856041e+03
8.217653010288482619e+03
8.316091278858099031e+03
8.313376038291336954e+03
8.279068944550312153e+03
8.262721839504634772e+03
8.217006279868268393e+03
8.243234755345180020e+03
8.226895922449723003e+03
8.223557852557138176e+03
8.179608444486633744e+03
8.133630360000380279e+03
8.217128607011945860e+03
8.252235020636933768e+03
8.327974856885341069e+03
8.314768995097731022e+03
8.329457064239253668e+03
8.316327993524502745e+03
8.413538245337571425e+03
8.424594403847582726e+03
8.499534469776179321e+03
8.480284017402209429e+03
8.404222790728314067e+03
8.378245888610670590e+03
8.358646475077939613e+03
8.322936068277680533e+03
8.362556729963378530e+03
8.341789314997404290e+03
8.285627430077183817e+03
8.241116145744930691e+03
8.269457964020499276e+03
8.219295157155916968e+03
8.240744866485825696e+03
8.187585493180948106e+03
8.291643340630669627e+03
8.203096847732675087e+03
8.336914732789660775e+03
8.276013226502516773e+03
8.280384904077145620e+03
8.231197989716774828e+03
8.211875400987717512e+03
8.288371402893912091e+03
8.321841459539202333e+03
8.258592398004424467e+03
8.235020799142666874e+03
8.202261744636667572e+03
8.135279731080035162e+03
8.142612295084182733e+03
8.213989173328436664e+03
8.195818113291185000e+03
8.186350035172986281e+03
8.056410192231716792e+03
8.073338878522846244e+03
8.093247693216094376e+03
8.182779401854100797e+03
8.137057176447902748e+03
8.137756579519947991e+03
8.047346365119046823e+03
8.029462268414999016e+03
8.074717429680940768e+03
8.056173484662565897e+03
8.079805745717080754e+03
8.104053024521454972e+03
8.078374144744504520e+03
8.054080438599161425e+03
8.010300134596063799e+03
8.015760621639014971e+03
8.007935982277782387e+03
7.971646970727070766e+03
7.936141798583630589e+03
7.940234083545298745e+03
7.950627755845915999e+03
7.966459964968046734e+03
7.912146295891097907e+03
7.934329331794319842e+03
7.968025710321207953e+03
7.894523316443972362e+03
7.869737797938993936e+03
7.910911195141247845e+03
7.833509471631582528e+03
7.893744342344522920e+03
7.957154929289300526e+03
7.883109220695460863e+03
7.834355046803091682e+03
7.833963549305475681e+03
7.876145033416039951e+03
7.839270493309289122e+03
7.944115316524880654e+03
7.923862423004011362e+03
7.867180316375815892e+03
7.899881138824715890e+03
7.884835273865945055e+03
7.831830278654939320e+03
7.880432354496985681e+03
7.929930200930345563e+03
7.963476815681121479e+03
7.879940694057171640e+03
7.813005492442878676e+03
7.779008923186630454e+03
7.868785014339759982e+03
7.868480144515060601e+03
7.832389058885033592e+03
7.758514438047577642e+03
7.773237659672654445e+03
7.738339361490307056e+03
7.632658216216937035e+03
7.633179185295472053e+03
7.561279547182055467e+03
7.404694239554039996e+03
7.364633917154623305e+03
7.316432329858998855e+03
7.313890559837719593e+03
7.327310862311975143e+03
7.345781802770839022e+03
7.461334456030393994e+03
7.485304837089604007e+03
7.599532264882235722e+03
7.692080775381620697e+03
7.780221665392343311e+03
8.063193699948869835e+03
8.223860656114755329e+03
8.036971715462371321e+03
8.003972833042194907e+03
7.853839605471435789e+03
7.757941784406625629e+03
7.572215894828408636e+03
7.655009134391868429e+03
7.571026119047296561e+03
7.518496045996404973e+03
7.652176284656680764e+03
7.746458574281393339e+03
7.735704012401007276e+03
7.760839150142060134e+03
7.736614618873275504e+03
7.754084570462759984e+03
7.676308327537955847e+03
7.634360711871213425e+03
7.720857552375195155e+03
7.708512392927094879e+03
7.624138011164071941e+03
7.661258154153709256e+03
7.539218509585305583e+03
7.592435340473833094e+03
7.629428208790909594e+03
7.662094939807541778e+03
7.611314054315022076e+03
7.579104567819841577e+03
7.595223559446263607e+03
7.668288131072248689e+03
7.630331001621092582e+03
7.553798345685004278e+03
7.606707807112770752e+03
7.669759554600858792e+03
7.595138402875714746e+03
7.635978263082244666e+03
7.550053940938678352e+03
7.591615639749331422e+03
7.562374417013996208e+03
7.576818721231741620e+03
7.514340987690614384e+03
7.510944450275143936e+03
7.469130843135505529e+03
7.496614833889396323e+03
7.503265760198785756e+03
7.471386598031541325e+03
7.474735620956683306e+03
7.385639349576332279e+03
7.418457345076129059e+03
7.406777477186018587e+03
7.373646399467666015e+03
7.413051244518223029e+03
7.425508674708141371e+03
7.419035379639007260e+03
7.459986661317231665e+03
7.462755477364136823e+03
7.533041516331917592e+03
7.664119911651438088e+03
7.699669527898633532e+03
7.656720371413209250e+03
7.474893315916326173e+03
7.439109025415737051e+03
7.471826876672526851e+03
7.475210176625023450e+03
7.393090945620556340e+03
7.387606293973874926e+03
7.368417124849090214e+03
7.322614426016602010e+03
7.355243120135001845e+03
7.440521860900350475e+03
7.346951882886914063e+03
7.387537971374859808e+03
7.354206492347025232e+03
7.437321592939108086e+03
7.413547932243736795e+03
7.480059741322992522e+03
7.486274671649443007e+03
7.610583019797659290e+03
7.572468329059734970e+03
7.566794856461764539e+03
7.419810731852728168e+03
7.431438595396170058e+03
7.426717047567246482e+03
7.402598008776509232e+03
7.424787140220564652e+03
7.395790359724223890e+03
7.373085287757914557e+03
7.486653975985153011e+03
7.453792708569868410e+03
7.411153845234805885e+03
7.396863210802388494e+03
7.423560999692048426e+03
7.422899528310476853e+03
7.447264411415147151e+03
7.427372993842927826e+03
7.365347418770428703e+03
7.434232204913117130e+03
7.426826631920648651e+03
7.439267312366086117e+03
7.417081878207776754e+03
7.370889259538761507e+03
7.393290593734255708e+03
7.347245046310974431e+03
7.390637171220981145e+03
7.377229276738394219e+03
7.371715005859344274e+03
7.355594248419325595e+03
7.449779937640462776e+03
7.358068576569056859e+03
7.418495060250198549e+03
7.453281849260677518e+03
7.428718384702108779e+03
7.395393467180569132e+03
7.388291718963341737e+03
7.360050253300254553e+03
7.421360478493548726e+03
7.380430919046089912e+03
7.396225525897832085e+03
7.392235113355761314e+03
7.342182048104650676e+03
7.318167967712796781e+03
7.341512851712172960e+03
7.344242559441572666e+03
7.295550266986723727e+03
7.222854088104589209e+03
7.390378098577657511e+03
7.312577564125907884e+03
7.282407384875152275e+03
7.275669197175523550e+03
7.282415020234482654e+03
7.327150948487696041e+03
7.260450929945731332e+03
7.223874691854517550e+03
7.275470659258598062e+03
7.282521022548371548e+03
7.252348226834040361e+03
7.225753701596546307e+03
7.183119124381340043e+03
7.170978145721519468e+03
7.178940103370677207e+03
7.139567103780573234e+03
7.137881200732062098e+03
7.159819196686250507e+03
7.188380055243042079e+03
7.149118150673771197e+03
7.236639755143889488e+03
7.298243222485759361e+03
7.304219666355019399e+03
7.351167200079889881e+03
7.239723223138077628e+03
7.202300968855122846e+03
7.209903313889853052e+03
7.170873863151156911e+03
7.154871402462882543e+03
7.200515085730039573e+03
7.197184015356314376e+03
7.132410336181014827e+03
7.156224157588300841e+03
7.170532983270581099e+03
7.182193510562598931e+03
7.168227829211289645e+03
7.168004867724758697e+03
7.233872782588720838e+03
7.363681902379777966e+03
7.354353136089028339e+03
7.473834230323478550e+03
7.263830987667792215e+03
7.262486260614475214e+03
7.349352020298483694e+03
7.343425145696312939e+03
7.317677762027153221e+03
7.282647082907084950e+03
7.298184952334944683e+03
7.215844064322623126e+03
7.314134059040673492e+03
7.254205900685902634e+03
7.332780982735074758e+03
7.372406408292676133e+03
7.428335279887751312e+03
7.396906872679807748e+03
7.383613086645892508e+03
7.404041168602684593e+03
7.324811429655953361e+03
7.293907197205874581e+03
7.188122195257007661e+03
7.213397497387434669e+03
7.243602575214215904e+03
7.144156739850012855e+03
7.139794188932210091e+03
7.134063498973532660e+03
7.058553950784399603e+03
7.119401888386598330e+03
7.137166461168068054e+03
7.122670260388520546e+03
7.170846066115424946e+03
7.257867837379718367e+03
7.327930850505042145e+03
7.510944812084043406e+03
7.548752941742041003e+03
7.508290311768489119e+03
7.378464271112831739e+03
7.280801444641427224e+03
7.241818920398209229e+03
7.244405436033172919e+03
7.281961520402717724e+03
7.219180545599214383e+03
7.119931171814717345e+03
6.990855083976044625e+03
7.082834050716573074e+03
7.055790226189832538e+03
7.034209404495416493e+03
7.053092020049150960e+03
7.013253216752322260e+03
6.935587066300500737e+03
6.849194983715780836e+03
6.771916647183331406e+03
6.713674210407115424e+03
6.642444120908490731e+03
6.665288672017079989e+03
6.526961127540775124e+03
6.537893925863357254e+03
6.423622768403291957e+03
6.332874444318583301e+03
6.258171036822806855e+03
6.130026830675344172e+03
5.960118006873881313e+03
5.631951871226106050e+03
5.512696482273902802e+03
5.582311961811379661e+03
5.470520217757929458e+03
5.564843873452970911e+03
5.838357617812955141e+03
6.249093186321721987e+03
6.953374201873927632e+03
7.918401210286565401e+03
9.264208864411153627e+03
1.059184447394486597e+04
1.043982166714405321e+04
9.513215797570886934e+03
8.794502344172571611e+03
8.455236953887404525e+03
8.235557055177572693e+03
8.122346921974577526e+03
8.005283451242415140e+03
7.961412427108131851e+03
7.809064857505981308e+03
7.764410987463706078e+03
7.586986289719799061e+03
7.488637176071570138e+03
7.415693883800745425e+03
7.397609211587468053e+03
7.258241748953327260e+03
7.286607235365131601e+03
7.320969548427974587e+03
7.110412564682486845e+03
7.186694230218678968e+03
7.250644470946301226e+03
7.152222746817576990e+03
7.140915226807253930e+03
7.125555231579555766e+03
7.102839817152734213e+03
7.009818545833243661e+03
7.099240968450085347e+03
7.030367716245385964e+03
6.935835090776735342e+03
7.036366272059210132e+03
6.968075896519957496e+03
7.012448712487274861e+03
6.970949446076100685e+03
6.913610806708096788e+03
6.956828804981411849e+03
6.934726984561656536e+03
6.918299937856297220e+03
6.930570634530871757e+03
6.932646520790538489e+03
6.918957127912678516e+03
6.992967387711291849e+03
6.979425193751545521e+03
6.921728677801689628e+03
6.903568704483160218e+03
6.900205059792150678e+03
6.901340448535665018e+03
6.887291534603644322e+03
6.922537604932274917e+03
6.944771121654196577e+03
6.930752837503346200e+03
6.927969789383666466e+03
6.990628030454782674e+03
6.959960584694959834e+03
6.886272588164373701e+03
6.874554721109785532e+03
6.897227830398097467e+03
6.903363358704089478e+03
6.879330764347956574e+03
6.863983660435263118e+03
6.804052247351972255e+03
6.886995009137309353e+03
6.937954477305064756e+03
6.900573324823411895e+03
6.909571400019584871e+03
6.824948602696716989e+03
6.908208880305604907e+03
6.843577846071122622e+03
6.941375674216947118e+03
6.876662357698989581e+03
6.858141021153147449e+03
6.866935901593365998e+03
6.821828510721612474e+03
6.791662745986358459e+03
6.829033732095527739e+03
6.837999009430913247e+03
6.803868501263366852e+03
6.803540598955321002e+03
6.844816462737524489e+03
6.797340571862794604e+03
6.816884132425223470e+03
6.800710652409064096e+03
6.850679003574833587e+03
6.859659211663103633e+03
6.924522273983953710e+03
6.807014303679702607e+03
6.813419550397858984e+03
6.755435509210273267e+03
6.706635530244464462e+03
6.724800088654381398e+03
6.817265356387924840e+03
6.798285010121634514e+03
6.771692547536401435e+03
6.818663914497788937e+03
6.795724272682863557e+03
6.755089601588822916e+03
6.752901223506449242e+03
6.792396624360148962e+03
6.729189431042812430e+03
6.739113292721146536e+03
6.753060663509914775e+03
6.775136553712578461e+03
6.701458806046603058e+03
6.659232826334361562e+03
6.707161287496755904e+03
6.746806459266143975e+03
6.740132323430081669e+03
6.641544393016935828e+03
6.700299551263526155e+03
6.675864003551448150e+03
6.731584880660765521e+03
6.675769757023405873e+03
6.628376037776027260e+03
6.621556023407005341e+03
6.562680180675743031e+03
6.648942860493642002e+03
6.533898539852339127e+03
6.618733224527251878e+03
6.623794294388394519e+03
6.653688398007114301e+03
6.606808889242372970e+03
6.613946913848025360e+03
6.584428559031794066e+03
6.618547713739794744e+03
6.624846871856206235e+03
6.607819435865158994e+03
6.511384257444879040e+03
6.619875372664663701e+03
6.556101847451965114e+03
6.544498652997266618e+03
6.585551972801089505e+03
6.613523162764698100e+03
6.573580278055257622e+03
6.623503434983063016e+03
6.603407607578114039e+03
6.571283373247446434e+03
6.558323149858111719e+03
6.652907973654980196e+03
6.658457799353728660e+03
6.622206401176583313e+03
6.506929058219999206e+03
6.590334471875785312e+03
6.515878236205930079e+03
6.517300957055860636e+03
6.497392544020429341e+03
6.575497258998560028e+03
6.521586019485810539e+03
6.504868631119286874e+03
6.455585069545881197e+03
6.491673492609513232e+03
6.509542259266298970e+03
6.463325413227250465e+03
6.545194619786448129e+03
6.474597360467842009e+03
6.490479603696423510e+03
6.462806885947253249e+03
6.520037375087295914e+03
6.436475254847197903e+03
6.523471191397417897e+03
6.373426307765905221e+03
6.534093173231754008e+03
6.445895473824422879e+03
6.434145264274812689e+03
6.461717654464975567e+03
6.493550045939775373e+03
6.402525474919923909e+03
6.429877440006032884e+03
6.404058238326090759e+03
6.350541647186129012e+03
6.425037594524370434e+03
6.387041819202430815e+03
6.379479313879506662e+03
6.330193798830825472e+03
6.367969969934417350e+03
6.331831410068815785e+03
6.349020550407238261e+03
6.390085550385374518e+03
6.346005110736029565e+03
6.320697432494152963e+03
6.364106986390174825e+03
6.313507937300502817e+03
6.276391275739423691e+03
6.343583800078377863e+03
6.272497120159720907e+03
6.320711099685929184e+03
6.292604189628201311e+03
6.305459328488570463e+03
6.352947044484405524e+03
6.223049471696879664e+03
6.313747127341332089e+03
6.348984259625775849e+03
6.296196566706247722e+03
6.242826663243421535e+03
6.196215437387056227e+03
6.312382628249664776e+03
6.278113251004901940e+03
6.191029382901103418e+03
6.288882408684653456e+03
6.339025449486013713e+03
6.321698845451284797e+03
6.304782743390155701e+03
6.263835072556003070e+03
6.230374731541045549e+03
6.251293044631782323e+03
6.326100935888545791e+03
6.252020973567002329e+03
6.232692730981505520e+03
6.220117602319975049e+03
6.237383790203315584e+03
6.213248787573227673e+03
6.268514945371684917e+03
6.218543637268799102e+03
6.242359671962544780e+03
6.267116325426679396e+03
6.270470750359379963e+03
6.296012354298169157e+03
6.245970254808627942e+03
6.237014157491017613e+03
6.255462553278292035e+03
6.189607784434067071e+03
6.136148399936680107e+03
6.240774204315162933e+03
6.212773164207076661e+03
6.242203711877384194e+03
6.116394358015470061e+03
6.292322318542057474e+03
6.202755890287904549e+03
6.218112672818784631e+03
6.183165572540957328e+03
6.191499972928467287e+03
6.221427906580701347e+03
6.248617207352494916e+03
6.257233485791840394e+03
6.178651176438198490e+03
6.221797263097279028e+03
6.261285547939241042e+03
6.194609911393851689e+03
6.164571831736890999e+03
6.143407540862505812e+03
6.210042368609246296e+03
6.180734369477412656e+03
6.189246561582127470e+03
6.196414283443980821e+03
6.153456556850174820e+03
6.175300614387459973e+03
6.235919278051823312e+03
6.205708970380786923e+03
6.254982885487533167e+03
6.099781475021108236e+03
6.140708856352528528e+03
6.207520342402611277e+03
6.317614999420396998e+03
6.450704028595601812e+03
6.912728781987863840e+03
8.067971508211766377e+03
9.151982400367307491e+03
8.401146507134833882e+03
7.495044196048306731e+03
6.685630112967091918e+03
5.982284230618734910e+03
5.510172917189623149e+03
5.092258250384820712e+03
4.903297842899687566e+03
4.677562117942906298e+03
4.612889969057329836e+03
4.687517406696075341e+03
4.796453077895809656e+03
5.100282067192937575e+03
5.495535323416627762e+03
5.917701487440303936e+03
6.043594798443188665e+03
6.185204879678478392e+03
6.148066866355813545e+03
6.090051889460572056e+03
6.052405329756711581e+03
6.027053704397745605e+03
5.802409703976757555e+03
5.748700970448480803e+03
5.715016132677568748e+03
5.505467711655841413e+03
5.496237211662188201e+03
5.666611445761243885e+03
5.559706791808434900e+03
5.373711047696399874e+03
5.685115744420737428e+03
5.668341353468258603e+03
5.499571042623367248e+03
5.502983533965912102e+03
5.680253162971507663e+03
5.639371889265112259e+03
5.485044521074992190e+03
5.626370367647750754e+03
5.842956140731823325e+03
5.677458708235785707e+03
5.624796702018872566e+03
5.701395040724189130e+03
5.811368881258757028e+03
5.710179359084074349e+03
5.628596307237114161e+03
5.833774886392631743e+03
5.852498551564945046e+03
5.884742180500647009e+03
5.778098164263148647e+03
5.708154340430174670e+03
5.896236002747866223e+03
6.127598009779502718e+03
6.035817150743445382e+03
5.983155510104938912e+03
5.897655094184364316e+03
5.885284243594275722e+03
6.002728141882982527e+03
5.808072977929047738e+03
5.948872507434029103e+03
6.232396941098857496e+03
6.294354132317403128e+03
6.214967301065036736e+03
6.091550822048749978e+03
5.877635786008519062e+03
5.615233415299693661e+03
5.725598508493649206e+03
5.960534919528962746e+03
5.920055453559437410e+03
5.778755445289250929e+03
5.737737324006640847e+03
5.656983654332965671e+03
5.710669917666273250e+03
5.757509182217714624e+03
5.965179600688988103e+03
5.972466428433694091e+03
5.857857432788716324e+03
5.928758576288071708e+03
5.951211012326304626e+03
5.860497046289700847e+03
5.744382041833973744e+03
5.668704932120228477e+03
5.580299128991719954e+03
5.464180637487722379e+03
5.440568572312058677e+03
5.479279837464484444e+03
5.584867596566190514e+03
5.588095367546842681e+03
5.561896992184683768e+03
5.719470478063195515e+03
5.741574186047388139e+03
5.758473561982580577e+03
5.803378781093409998e+03
5.746582171946879498e+03
5.718090872601294905e+03
5.760000072012504461e+03
5.813419670416345070e+03
5.777280955765745603e+03
5.853072903681459138e+03
5.925749092767348884e+03
6.034286697499599541e+03
6.043672808854833420e+03
5.938686652261688323e+03
5.903078950059198178e+03
5.980215210078204109e+03
6.107735027581602480e+03
5.714623796256966671e+03
5.685242293040510049e+03
5.784963589089990819e+03
5.832370023860895344e+03
5.780354364132196679e+03
5.659453235727161882e+03
5.630005088919149784e+03
5.688471694700959233e+03
5.761481581152467697e+03
5.643636660030273561e+03
5.648089758486800747e+03
5.566376480293482018e+03
5.687691278461558795e+03
5.601079383378680177e+03
5.663218489854283689e+03
5.468658462015553596e+03
5.569731896938479622e+03
5.663453842093214007e+03
5.677874895253562499e+03
5.587224021656037621e+03
5.519167318526510826e+03
5.522080017177819173e+03
5.645055310612237008e+03
5.621202778684302757e+03
5.636147882540204591e+03
5.682429475320811434e+03
5.708764329070715576e+03
5.839943506595328472e+03
5.671483396145804363e+03
5.466910135847358106e+03
5.391061503233310759e+03
5.315894151789170792e+03
5.350224320220251684e+03
5.358700891989677984e+03
5.437761748443172110e+03
5.487033547746340446e+03
5.634115763782123395e+03
5.530077662104415140e+03
5.403524062373429842e+03
5.436775506345979011e+03
5.367618959039144102e+03
5.404342136298481819e+03
5.410923576643449451e+03
