1.728066666666666606e+03
1.767058333333333394e+03
1.769575000000000045e+03
1.777041666666666515e+03
1.774000000000000000e+03
1.817524999999999864e+03
1.814125000000000000e+03
1.840550000000000182e+03
1.854533333333333303e+03
1.856466666666666697e+03
1.862575000000000045e+03
1.864541666666666515e+03
1.881558333333333394e+03
1.909566666666666606e+03
1.891524999999999864e+03
1.897050000000000182e+03
1.867100000000000136e+03
1.881041666666666515e+03
1.884550000000000182e+03
1.931041666666666515e+03
1.907516666666666652e+03
1.981525000000000091e+03
1.915108333333333348e+03
1.974558333333333394e+03
1.960025000000000091e+03
1.971591666666666697e+03
1.962516666666666652e+03
1.982441666666666606e+03
2.005099999999999909e+03
2.014024999999999864e+03
2.013041666666666515e+03
2.058633333333333212e+03
2.039616666666666561e+03
2.073074999999999818e+03
2.106574999999999818e+03
2.080508333333333212e+03
2.186533333333333303e+03
2.185483333333333576e+03
2.155041666666666970e+03
2.135600000000000364e+03
2.172050000000000182e+03
2.214591666666666697e+03
2.207074999999999818e+03
2.224008333333333212e+03
2.233041666666666515e+03
2.256574999999999818e+03
2.263608333333333121e+03
2.250500000000000000e+03
2.252525000000000091e+03
2.281024999999999636e+03
2.305466666666666697e+03
2.317491666666666788e+03
2.292525000000000091e+03
2.272508333333333212e+03
2.252574999999999818e+03
2.265016666666666424e+03
2.253066666666666606e+03
2.289508333333333212e+03
2.325533333333333303e+03
2.314525000000000091e+03
2.335041666666666515e+03
2.361533333333333303e+03
2.404016666666666424e+03
2.399025000000000091e+03
2.383524999999999636e+03
2.396016666666666879e+03
2.381016666666666879e+03
2.403991666666666788e+03
2.398533333333333303e+03
2.387008333333333212e+03
2.420066666666666606e+03
2.438525000000000091e+03
2.429050000000000182e+03
2.444074999999999818e+03
2.446566666666666606e+03
2.473033333333333303e+03
2.454016666666666879e+03
2.513066666666666606e+03
2.525058333333333394e+03
2.574566666666666606e+03
2.571500000000000000e+03
2.594550000000000182e+03
2.563508333333333212e+03
2.589500000000000000e+03
2.675525000000000091e+03
2.604558333333333394e+03
2.600541666666666970e+03
2.688050000000000182e+03
2.678466666666666697e+03
2.714016666666666424e+03
2.681533333333333758e+03
2.666983333333333576e+03
2.678508333333333212e+03
2.700524999999999636e+03
2.670050000000000182e+03
2.719083333333333030e+03
2.690966666666666697e+03
2.665066666666666606e+03
2.673550000000000182e+03
2.671058333333333394e+03
2.685583333333333030e+03
2.668583333333333030e+03
2.696058333333333394e+03
2.636550000000000182e+03
2.661016666666666424e+03
2.641000000000000000e+03
2.630974999999999909e+03
2.615550000000000182e+03
2.630050000000000182e+03
2.606525000000000091e+03
2.600574999999999818e+03
2.590491666666666788e+03
2.576416666666666970e+03
2.582066666666666606e+03
2.549050000000000182e+03
2.575558333333333394e+03
2.579100000000000364e+03
2.638033333333333303e+03
2.689025000000000091e+03
2.693041666666666515e+03
2.767024999999999636e+03
2.789591666666666697e+03
2.842558333333333394e+03
2.864625000000000000e+03
2.823441666666666606e+03
2.794050000000000182e+03
2.736091666666666697e+03
2.622474999999999909e+03
2.513508333333333212e+03
2.413508333333333212e+03
2.270591666666666697e+03
2.181524999999999636e+03
2.152616666666666788e+03
2.160533333333333303e+03
2.236558333333333394e+03
2.359500000000000000e+03
2.535050000000000182e+03
2.737541666666666970e+03
2.946550000000000182e+03
3.127641666666666424e+03
3.313441666666666606e+03
3.404041666666666970e+03
3.558425000000000182e+03
3.596541666666666970e+03
3.606025000000000091e+03
3.614000000000000000e+03
3.572000000000000000e+03
3.652516666666666424e+03
3.640033333333332848e+03
3.685100000000000364e+03
3.696058333333333394e+03
3.668474999999999909e+03
3.710574999999999818e+03
3.718025000000000091e+03
3.703091666666667152e+03
3.815016666666666879e+03
3.741599999999999909e+03
3.762983333333333576e+03
3.798541666666666515e+03
3.854500000000000000e+03
3.827991666666666333e+03
3.823975000000000364e+03
3.864016666666666879e+03
3.905474999999999909e+03
3.906066666666666606e+03
3.926008333333333212e+03
3.897091666666666697e+03
3.946550000000000182e+03
3.980041666666666515e+03
4.013608333333333576e+03
3.981591666666667152e+03
4.030016666666666879e+03
4.023574999999999818e+03
4.041533333333333758e+03
3.996000000000000000e+03
4.114008333333333212e+03
4.109058333333333394e+03
4.103024999999999636e+03
4.131024999999999636e+03
4.204466666666667152e+03
4.167508333333333212e+03
4.235466666666667152e+03
4.198491666666666788e+03
4.202016666666666424e+03
4.237108333333333576e+03
4.253950000000000728e+03
4.230566666666666606e+03
4.300608333333333576e+03
4.292558333333333394e+03
4.318566666666666606e+03
4.384541666666666970e+03
4.398483333333333576e+03
4.365075000000000728e+03
4.421033333333333758e+03
4.407024999999999636e+03
4.500033333333332848e+03
4.508933333333333394e+03
4.493500000000000000e+03
4.448983333333333576e+03
4.518516666666666424e+03
4.539533333333333758e+03
4.539500000000000000e+03
4.585024999999999636e+03
4.625458333333333940e+03
4.675066666666666606e+03
4.629991666666666788e+03
4.541149999999999636e+03
4.671458333333333940e+03
4.715058333333333394e+03
4.734024999999999636e+03
4.744008333333333212e+03
4.731574999999999818e+03
4.788558333333333394e+03
4.768550000000000182e+03
4.815983333333333576e+03
4.833541666666666060e+03
4.820050000000000182e+03
4.861100000000000364e+03
4.922066666666666606e+03
4.926550000000000182e+03
4.912466666666667152e+03
4.985041666666666060e+03
4.968083333333333940e+03
5.023483333333333576e+03
5.002991666666666788e+03
5.003558333333333394e+03
5.023100000000000364e+03
5.124508333333333212e+03
5.106558333333333394e+03
5.086508333333333212e+03
5.152491666666666788e+03
5.185574999999999818e+03
5.148500000000000000e+03
5.211074999999999818e+03
5.246083333333333940e+03
5.171066666666667516e+03
5.253024999999999636e+03
5.235508333333333212e+03
5.314050000000000182e+03
5.292466666666666242e+03
5.317000000000000000e+03
5.339975000000000364e+03
5.392933333333333394e+03
5.368533333333332848e+03
5.455458333333333030e+03
5.429158333333332848e+03
5.388475000000000364e+03
5.443033333333332848e+03
5.500549999999999272e+03
5.565533333333332848e+03
5.545100000000000364e+03
5.569524999999999636e+03
5.528591666666667152e+03
5.637550000000000182e+03
5.601524999999999636e+03
5.712049999999999272e+03
5.714066666666666606e+03
5.741591666666667152e+03
5.684966666666667152e+03
5.712008333333333212e+03
5.806583333333333940e+03
5.814033333333332848e+03
5.808500000000000000e+03
5.748533333333332848e+03
5.830083333333333940e+03
5.850566666666667516e+03
5.823008333333333212e+03
5.903483333333333576e+03
5.833041666666666970e+03
5.981574999999999818e+03
6.001533333333332848e+03
5.974541666666666060e+03
5.919533333333332848e+03
6.033583333333333030e+03
6.035500000000000000e+03
6.086558333333333394e+03
6.120975000000000364e+03
6.110516666666666424e+03
6.125024999999999636e+03
6.137558333333333394e+03
6.140508333333333212e+03
6.220024999999999636e+03
6.212575000000000728e+03
6.277058333333333394e+03
6.323508333333333212e+03
6.331550000000000182e+03
6.264533333333332848e+03
6.320033333333332848e+03
6.381041666666666060e+03
6.482458333333333030e+03
6.430983333333333576e+03
6.382475000000000364e+03
6.476066666666666606e+03
6.509941666666666606e+03
6.533524999999999636e+03
6.556008333333333212e+03
6.537524999999999636e+03
6.629024999999999636e+03
6.533000000000000000e+03
6.611524999999999636e+03
6.663508333333333212e+03
6.662041666666666060e+03
6.627108333333333576e+03
6.755049999999999272e+03
6.690508333333333212e+03
6.719008333333333212e+03
6.711033333333332848e+03
6.771524999999999636e+03
6.844049999999999272e+03
6.827074999999999818e+03
6.949666666666666060e+03
6.950541666666666970e+03
6.998066666666666606e+03
6.928058333333332484e+03
6.942966666666666242e+03
6.991050000000000182e+03
6.996033333333332848e+03
7.055000000000000000e+03
7.012033333333332848e+03
7.107549999999999272e+03
7.101074999999999818e+03
7.162050000000000182e+03
7.161508333333333212e+03
7.267508333333333212e+03
7.225550000000000182e+03
7.205050000000000182e+03
7.311558333333334303e+03
7.228024999999999636e+03
7.390016666666666424e+03
7.321566666666665697e+03
7.363574999999999818e+03
7.461483333333333576e+03
7.450058333333332484e+03
7.462608333333333576e+03
7.367541666666666060e+03
7.475575000000000728e+03
7.504491666666666788e+03
7.521066666666667516e+03
7.526549999999999272e+03
7.570083333333333940e+03
7.571050000000000182e+03
7.701008333333333212e+03
7.799008333333333212e+03
7.709041666666666970e+03
7.739541666666666060e+03
7.767574999999999818e+03
7.720533333333332848e+03
7.720949999999998909e+03
7.755091666666667152e+03
7.871525000000000546e+03
7.831508333333333212e+03
7.857008333333333212e+03
7.933549999999999272e+03
8.028558333333333394e+03
7.931583333333333030e+03
8.008041666666666060e+03
7.939491666666666788e+03
7.949041666666666970e+03
7.985558333333333394e+03
8.034533333333332848e+03
8.006516666666666424e+03
8.009524999999999636e+03
8.135016666666666424e+03
8.153466666666667152e+03
8.133466666666667152e+03
8.048050000000000182e+03
8.112524999999999636e+03
8.189008333333333212e+03
8.122483333333333576e+03
8.212466666666667152e+03
8.223533333333332848e+03
8.166016666666666424e+03
8.089983333333333576e+03
8.130049999999999272e+03
8.013000000000000000e+03
7.926033333333332848e+03
8.119050000000000182e+03
8.098091666666667152e+03
7.939000000000000000e+03
8.041125000000000000e+03
7.930033333333333758e+03
7.915041666666666970e+03
7.819516666666666424e+03
7.790016666666666424e+03
7.640541666666666060e+03
7.602591666666667152e+03
7.493083333333333030e+03
7.349533333333332848e+03
7.183449999999999818e+03
7.123991666666666788e+03
6.923516666666666424e+03
6.779091666666667152e+03
6.505050000000000182e+03
6.251008333333333212e+03
6.010483333333333576e+03
5.761516666666666424e+03
5.479566666666666606e+03
5.246058333333333394e+03
5.175058333333333394e+03
5.157075000000000728e+03
5.215983333333333576e+03
5.469416666666666060e+03
5.634991666666666788e+03
5.915550000000000182e+03
6.351058333333333394e+03
6.709083333333333030e+03
6.907050000000000182e+03
7.178041666666666060e+03
7.332966666666667152e+03
7.612108333333333576e+03
7.788049999999999272e+03
8.022533333333332848e+03
8.108425000000000182e+03
8.230983333333333576e+03
8.323933333333332484e+03
8.535558333333332484e+03
8.590024999999999636e+03
8.749983333333333576e+03
8.885516666666666424e+03
9.042041666666666060e+03
9.090533333333332848e+03
9.189033333333332848e+03
9.196508333333333212e+03
9.331941666666667516e+03
9.475983333333333576e+03
9.541041666666666060e+03
9.572524999999999636e+03
9.570591666666667152e+03
9.549008333333333212e+03
9.715000000000000000e+03
9.734091666666667152e+03
9.780058333333334303e+03
9.792583333333332121e+03
9.685558333333334303e+03
9.732541666666666060e+03
9.811558333333334303e+03
9.853541666666667879e+03
9.751516666666666424e+03
9.823024999999999636e+03
9.877033333333332848e+03
9.896525000000001455e+03
9.873049999999999272e+03
1.000105833333333430e+04
1.023853333333333285e+04
1.023157500000000073e+04
1.012905833333333430e+04
1.026907500000000073e+04
1.022658333333333212e+04
1.046156666666666570e+04
1.041154999999999927e+04
1.035752499999999964e+04
1.043804166666666606e+04
1.040509166666666715e+04
1.034703333333333285e+04
1.037198333333333358e+04
1.047694166666666570e+04
1.031300833333333321e+04
1.044450000000000000e+04
1.029604999999999927e+04
1.045304999999999927e+04
1.050754999999999927e+04
1.051205833333333430e+04
1.043302499999999964e+04
1.048201666666666642e+04
1.065852500000000146e+04
1.044009999999999854e+04
1.062055833333333430e+04
1.061510000000000036e+04
1.048204999999999927e+04
1.051597500000000036e+04
1.059400833333333321e+04
1.059450833333333321e+04
1.059904166666666788e+04
1.065250833333333321e+04
1.072707500000000073e+04
1.078699166666666679e+04
1.074706666666666570e+04
1.079201666666666642e+04
1.084550833333333321e+04
1.088593333333333430e+04
1.087399166666666679e+04
1.100706666666666570e+04
1.097304166666666788e+04
1.104604166666666788e+04
1.107850000000000000e+04
1.102502499999999964e+04
1.107307500000000073e+04
1.100554999999999927e+04
1.105501666666666642e+04
1.107358333333333212e+04
1.110454166666666788e+04
1.116352499999999964e+04
1.109607500000000073e+04
1.116650000000000000e+04
1.115455833333333430e+04
1.127600000000000000e+04
1.125904166666666606e+04
1.122149166666666679e+04
1.135857500000000073e+04
1.137905833333333430e+04
1.130206666666666570e+04
1.131004166666666606e+04
1.133508333333333212e+04
1.144058333333333394e+04
1.153000000000000000e+04
1.135001666666666642e+04
1.139254166666666788e+04
1.144305833333333430e+04
1.146356666666666570e+04
1.142503333333333285e+04
1.141903333333333285e+04
1.154502499999999964e+04
1.159702499999999964e+04
1.152700000000000000e+04
1.156599166666666679e+04
1.159207500000000073e+04
1.159613333333333321e+04
1.161648333333333358e+04
1.160956666666666752e+04
1.166952499999999964e+04
1.179250833333333321e+04
1.162801666666666642e+04
1.168004166666666606e+04
1.164304166666666788e+04
1.169955833333333430e+04
1.170051666666666642e+04
1.166408333333333394e+04
1.164156666666666570e+04
1.176057500000000073e+04
1.165700833333333503e+04
1.179002499999999964e+04
1.187498333333333358e+04
1.185699166666666679e+04
1.184659166666666715e+04
1.183805833333333430e+04
1.201400833333333321e+04
1.192102500000000146e+04
1.194353333333333285e+04
1.186700000000000000e+04
1.200756666666666570e+04
1.192602499999999964e+04
1.195448333333333358e+04
1.206954166666666788e+04
1.188809166666666715e+04
1.197904166666666788e+04
1.198558333333333394e+04
1.208408333333333394e+04
1.213154166666666606e+04
1.204555833333333430e+04
1.204207500000000073e+04
1.216853333333333285e+04
1.214905833333333248e+04
1.231649166666666679e+04
1.231260000000000036e+04
1.219209166666666715e+04
1.223756666666666752e+04
1.219851666666666642e+04
1.216848333333333358e+04
1.220709166666666715e+04
1.217955833333333430e+04
1.228657500000000073e+04
1.227052500000000146e+04
1.222496666666666715e+04
1.227145000000000073e+04
1.235250000000000000e+04
1.239500833333333321e+04
1.259707500000000073e+04
1.245204999999999927e+04
1.241654999999999927e+04
1.249154999999999927e+04
1.256051666666666642e+04
1.261900833333333321e+04
1.253159166666666715e+04
1.257402500000000146e+04
1.263554999999999927e+04
1.254050000000000000e+04
1.246895000000000073e+04
1.252200833333333321e+04
1.251801666666666642e+04
1.249250000000000000e+04
1.250205833333333430e+04
1.250099166666666679e+04
1.243313333333333321e+04
1.261049166666666679e+04
1.270863333333333321e+04
1.282105833333333430e+04
1.264106666666666570e+04
1.271405833333333430e+04
1.277208333333333394e+04
1.277761666666666679e+04
1.277659166666666715e+04
1.283200000000000000e+04
1.286904999999999927e+04
1.275300833333333321e+04
1.286255833333333430e+04
1.287653333333333285e+04
1.289696666666666715e+04
1.284503333333333285e+04
1.272703333333333285e+04
1.287054166666666788e+04
1.305108333333333394e+04
1.279153333333333285e+04
1.281900000000000000e+04
1.291600833333333321e+04
1.286811666666666679e+04
1.283704166666666788e+04
1.283700833333333321e+04
1.284355833333333430e+04
1.294153333333333285e+04
1.287447500000000036e+04
1.295902499999999964e+04
1.293746666666666715e+04
1.276550000000000000e+04
1.291546666666666715e+04
1.304707500000000073e+04
1.293259166666666715e+04
1.295209166666666715e+04
1.297759166666666715e+04
1.304446666666666715e+04
1.293298333333333358e+04
1.278952499999999964e+04
1.280548333333333358e+04
1.295445833333333212e+04
1.272805833333333430e+04
1.297357500000000073e+04
1.304704999999999927e+04
1.301708333333333212e+04
1.284953333333333285e+04
1.299746666666666715e+04
1.298650833333333321e+04
1.305198333333333358e+04
1.314454999999999927e+04
1.304849166666666497e+04
1.285209166666666715e+04
1.284954166666666788e+04
1.274696666666666715e+04
1.261504999999999927e+04
1.266700833333333321e+04
1.274850000000000000e+04
1.281803333333333285e+04
1.289950833333333503e+04
1.313557500000000073e+04
1.325760833333333358e+04
1.333851666666666642e+04
1.352900000000000000e+04
1.359454999999999927e+04
1.364850000000000000e+04
1.366400833333333321e+04
1.378852500000000146e+04
1.375101666666666642e+04
1.364502499999999964e+04
1.379158333333333212e+04
1.381208333333333212e+04
1.399947499999999854e+04
1.392900000000000000e+04
1.393195833333333212e+04
1.377855833333333430e+04
1.397245000000000073e+04
1.384354999999999927e+04
1.391801666666666642e+04
1.397505833333333430e+04
1.397651666666666642e+04
1.399599166666666679e+04
1.394503333333333285e+04
1.392109166666666715e+04
1.397201666666666642e+04
1.411500833333333321e+04
1.413149166666666679e+04
1.408953333333333285e+04
1.405107500000000073e+04
1.425604999999999927e+04
1.417214166666666642e+04
1.421684999999999854e+04
1.437414999999999964e+04
1.428007500000000073e+04
1.434049166666666679e+04
1.433304999999999927e+04
1.436654999999999927e+04
1.438199166666666679e+04
1.452656666666666570e+04
1.443907500000000073e+04
1.441048333333333358e+04
1.447856666666666570e+04
1.454603333333333285e+04
1.451752499999999964e+04
1.463000833333333321e+04
1.469708333333333212e+04
1.465453333333333285e+04
1.464552499999999782e+04
1.461601666666666642e+04
1.456250000000000000e+04
1.480302499999999964e+04
1.473253333333333285e+04
1.476902499999999964e+04
1.487500833333333321e+04
1.475005833333333248e+04
1.478098333333333358e+04
1.477250833333333321e+04
1.494306666666666570e+04
1.497810833333333358e+04
1.492454999999999927e+04
1.500356666666666570e+04
1.495552500000000146e+04
1.502755833333333248e+04
1.515851666666666642e+04
1.517557500000000073e+04
1.518795000000000073e+04
1.529654166666666606e+04
1.521201666666666642e+04
1.514603333333333285e+04
1.523804999999999927e+04
1.524498333333333358e+04
1.537000000000000000e+04
1.521054999999999927e+04
1.538495000000000073e+04
1.527356666666666570e+04
1.533251666666666642e+04
1.537405833333333430e+04
1.543453333333333285e+04
1.539948333333333358e+04
1.550195000000000073e+04
1.548248333333333358e+04
1.557913333333333503e+04
1.544153333333333285e+04
1.552058333333333212e+04
1.558902500000000146e+04
1.553551666666666642e+04
1.554749166666666679e+04
1.557454166666666788e+04
1.550858333333333394e+04
1.564007500000000073e+04
1.561952499999999964e+04
1.560904999999999927e+04
1.563004166666666606e+04
1.560400833333333321e+04
1.545802499999999964e+04
1.539053333333333285e+04
1.533549166666666679e+04
1.540207500000000073e+04
1.563099166666666679e+04
1.552700833333333321e+04
1.551100833333333503e+04
1.555354166666666606e+04
1.552605833333333430e+04
1.573304166666666788e+04
1.567154999999999927e+04
1.577255833333333248e+04
1.577048333333333358e+04
1.575902499999999964e+04
1.586352500000000146e+04
1.597452500000000146e+04
1.590946666666666715e+04
1.581609999999999854e+04
1.595103333333333285e+04
1.595306666666666570e+04
1.592900833333333139e+04
1.603958333333333212e+04
1.601095000000000073e+04
1.602050000000000000e+04
1.597451666666666642e+04
1.593054166666666788e+04
1.618400833333333321e+04
1.614802499999999964e+04
1.609060833333333358e+04
1.610253333333333285e+04
1.609852499999999964e+04
1.612500000000000000e+04
1.628099166666666679e+04
1.629651666666666642e+04
1.620104999999999927e+04
1.633903333333333285e+04
1.627352499999999964e+04
1.635850000000000000e+04
1.619856666666666570e+04
1.637505833333333248e+04
1.620749166666666679e+04
1.629351666666666642e+04
1.630199166666666497e+04
1.656656666666666570e+04
1.647356666666666570e+04
1.643949166666666861e+04
1.643152500000000146e+04
1.646300833333333139e+04
1.660700000000000000e+04
1.645047499999999854e+04
1.651454166666666788e+04
1.650004999999999927e+04
1.651707500000000073e+04
1.667800000000000000e+04
1.656104999999999927e+04
1.670699166666666861e+04
1.658401666666666642e+04
1.674151666666666642e+04
1.679604166666666424e+04
1.674804166666666424e+04
1.682800000000000000e+04
1.669200000000000000e+04
1.677502500000000146e+04
1.668750833333333139e+04
1.684700833333333503e+04
1.691202500000000146e+04
1.674391666666666424e+04
1.688203333333333285e+04
1.701554166666666424e+04
1.692197499999999854e+04
1.690303333333333285e+04
1.708002500000000146e+04
1.711800833333333139e+04
1.702246666666666715e+04
1.690254999999999927e+04
1.705604166666666424e+04
1.708806666666666570e+04
1.717800833333333139e+04
1.699504166666666424e+04
1.703652500000000146e+04
1.714807499999999709e+04
1.721151666666666642e+04
1.708153333333333285e+04
1.706105833333333430e+04
1.716956666666666570e+04
1.721254166666666424e+04
1.721046666666666715e+04
1.732202500000000146e+04
1.723261666666666861e+04
1.733453333333333285e+04
1.732395833333333576e+04
1.721052500000000146e+04
1.729554166666666424e+04
1.733256666666666570e+04
1.731934166666666715e+04
1.734990000000000146e+04
1.735590833333333285e+04
1.739594166666666570e+04
1.731999166666666861e+04
1.735391666666666424e+04
1.731549166666666497e+04
1.747589166666666642e+04
1.747445000000000073e+04
1.734097499999999854e+04
1.744939166666666642e+04
1.754144166666666570e+04
1.753743333333333430e+04
1.746905833333333430e+04
1.751546666666666715e+04
1.759584166666666715e+04
1.763049166666666861e+04
1.751841666666666788e+04
1.750854166666666788e+04
1.757549166666666861e+04
1.766256666666666570e+04
1.763550000000000000e+04
1.765051666666666642e+04
1.776101666666666642e+04
1.764552500000000146e+04
1.762396666666666715e+04
1.763898333333333358e+04
1.765853333333333285e+04
1.772445833333333576e+04
1.763350000000000000e+04
1.767659999999999854e+04
1.770303333333333285e+04
1.785404166666666424e+04
1.783053333333333285e+04
1.790304999999999927e+04
1.790248333333333358e+04
1.780601666666666642e+04
1.789747499999999854e+04
1.800896666666666715e+04
1.794649166666666861e+04
1.806454999999999927e+04
1.806554166666666424e+04
1.802605833333333430e+04
1.808802500000000146e+04
1.804599166666666861e+04
1.808298333333333358e+04
1.818850000000000000e+04
1.811399166666666861e+04
1.818805833333333430e+04
1.801157499999999709e+04
1.814892500000000291e+04
1.817447499999999854e+04
1.816509166666666715e+04
1.825644166666666570e+04
1.826253333333333285e+04
1.817702500000000146e+04
1.843804166666666424e+04
1.825998333333333358e+04
1.842098333333333358e+04
1.839051666666666642e+04
1.840705833333333430e+04
1.844751666666666642e+04
1.853854166666666424e+04
1.843153333333333285e+04
1.856157499999999709e+04
1.846457499999999709e+04
1.880871666666666715e+04
1.857850000000000000e+04
1.854550833333333139e+04
1.854354166666666424e+04
1.863359999999999854e+04
1.859255833333333430e+04
1.871300833333333139e+04
1.877999166666666861e+04
1.870203333333333285e+04
1.870404999999999927e+04
1.873703333333333285e+04
1.879400833333333139e+04
1.882910833333333358e+04
1.883554166666666424e+04
1.877350000000000000e+04
1.864495833333333576e+04
1.883703333333333285e+04
1.892445833333333212e+04
1.858250000000000000e+04
1.864602500000000146e+04
1.854853333333333285e+04
1.881455833333333430e+04
1.879500000000000000e+04
1.895299166666666861e+04
1.899149166666666497e+04
1.916950000000000000e+04
1.914044166666666570e+04
1.924752500000000146e+04
1.926049166666666861e+04
1.938745833333333576e+04
1.927954999999999927e+04
1.934954166666666424e+04
1.930300000000000000e+04
1.929055833333333430e+04
1.945295000000000073e+04
1.936404999999999927e+04
1.928307500000000073e+04
1.913956666666666570e+04
1.907299166666666861e+04
1.913805833333333430e+04
1.914250000000000000e+04
1.925400000000000000e+04
1.929454999999999927e+04
1.942254999999999927e+04
1.935605833333333430e+04
1.926601666666666642e+04
1.951206666666666570e+04
1.952804999999999927e+04
1.961456666666666570e+04
1.938198333333333358e+04
1.956504166666666424e+04
1.957652500000000146e+04
1.951752500000000146e+04
1.960006666666666570e+04
1.948210833333333358e+04
1.942107499999999709e+04
1.939406666666666570e+04
1.943905833333333430e+04
1.937249166666666861e+04
1.927054166666666424e+04
1.917549166666666861e+04
1.927101666666666642e+04
1.915900000000000000e+04
1.931351666666666642e+04
1.932404999999999927e+04
1.940004166666666424e+04
1.940900833333333139e+04
1.959258333333333212e+04
1.966305833333333430e+04
1.981509999999999854e+04
1.999552500000000146e+04
2.005146666666666715e+04
2.010902500000000146e+04
2.025057499999999709e+04
2.031854166666666424e+04
2.023104166666666424e+04
2.033349166666666861e+04
2.063055833333333430e+04
2.035951666666666642e+04
2.058305833333333430e+04
2.059700000000000000e+04
2.061506666666666570e+04
2.064554166666666424e+04
2.070353333333333285e+04
2.048799166666666861e+04
2.061359999999999854e+04
2.074855833333333430e+04
2.069503333333333285e+04
2.083054999999999927e+04
2.086002500000000146e+04
2.088155833333333430e+04
2.087405833333333430e+04
2.089205833333333430e+04
2.075796666666666715e+04
2.094550000000000000e+04
2.092809999999999854e+04
2.099608333333333212e+04
2.097202500000000146e+04
2.109409999999999854e+04
2.113400833333333139e+04
2.114752500000000146e+04
2.112703333333333285e+04
2.106598333333333358e+04
2.109247499999999854e+04
2.109297499999999854e+04
2.120563333333333139e+04
2.124931666666666570e+04
2.128006666666666570e+04
2.137154166666666424e+04
2.126508333333333576e+04
2.129551666666666642e+04
2.118650000000000000e+04
2.143306666666666570e+04
2.146855833333333430e+04
2.134353333333333285e+04
2.140397499999999854e+04
2.137304999999999927e+04
2.138048333333333358e+04
2.129504999999999927e+04
2.135558333333333576e+04
2.110647499999999854e+04
2.145654166666666424e+04
2.148047499999999854e+04
2.141512500000000000e+04
2.134304999999999927e+04
2.134402500000000146e+04
2.134002500000000146e+04
2.144206666666666570e+04
2.144246666666666715e+04
2.125303333333333285e+04
2.122956666666666570e+04
2.140008333333333576e+04
2.132744166666666570e+04
2.140054999999999927e+04
2.142253333333333285e+04
2.137255833333333430e+04
2.118558333333333212e+04
2.124351666666666642e+04
2.135160833333333358e+04
2.142097499999999854e+04
2.144104999999999927e+04
2.131950833333333139e+04
2.151204999999999927e+04
2.132650833333333139e+04
2.125948333333333358e+04
2.117349166666666861e+04
2.132762500000000000e+04
2.112947499999999854e+04
2.126850000000000000e+04
2.135501666666666642e+04
2.146495833333333576e+04
2.147258333333333212e+04
2.133603333333333285e+04
2.143800000000000000e+04
2.124366666666666788e+04
2.117354166666666424e+04
2.119200000000000000e+04
2.133801666666666642e+04
2.129001666666666642e+04
2.148096666666666715e+04
2.140252500000000146e+04
2.155300000000000000e+04
2.151805833333333430e+04
2.137400833333333139e+04
2.160007499999999709e+04
2.152500833333333139e+04
2.145150000000000000e+04
2.157354999999999927e+04
2.156595000000000073e+04
2.153209999999999854e+04
2.167059166666666715e+04
2.153506666666666570e+04
2.160143333333333430e+04
2.168407500000000073e+04
2.166600833333333139e+04
2.164198333333333358e+04
2.172403333333333285e+04
2.175154999999999927e+04
2.158397499999999854e+04
2.166309166666666715e+04
2.181550000000000000e+04
2.178097499999999854e+04
2.198059999999999854e+04
2.174751666666666642e+04
2.180696666666666715e+04
2.180605833333333430e+04
2.173009999999999854e+04
2.186308333333333576e+04
2.209303333333333285e+04
2.211900833333333139e+04
2.200350833333333139e+04
2.206954999999999927e+04
2.209550000000000000e+04
2.204359166666666715e+04
2.200607499999999709e+04
2.205798333333333358e+04
2.230107499999999709e+04
2.210953333333333285e+04
2.233007499999999709e+04
2.230106666666666570e+04
2.225356666666666570e+04
2.243900833333333139e+04
2.236004166666666424e+04
2.240759999999999854e+04
2.260850000000000000e+04
2.228252500000000146e+04
2.243804999999999927e+04
2.249455000000000291e+04
2.246350000000000000e+04
2.248696666666666715e+04
2.251997499999999854e+04
2.244596666666666715e+04
2.254753333333333285e+04
2.257498333333333358e+04
2.257006666666666570e+04
2.258809999999999854e+04
2.278602500000000146e+04
2.283205833333333430e+04
2.272758333333333212e+04
2.262257499999999709e+04
2.260904999999999927e+04
2.265554999999999927e+04
2.270459166666666715e+04
2.275654166666666424e+04
2.273151666666666642e+04
2.275154166666666424e+04
2.284904166666666424e+04
2.283157500000000073e+04
2.293157499999999709e+04
2.273452500000000146e+04
2.276551666666666642e+04
2.285955833333333430e+04
2.289504166666666424e+04
2.290251666666666642e+04
2.291305833333333430e+04
2.302304166666666424e+04
2.297004166666666424e+04
2.327496666666666715e+04
2.300345833333333576e+04
2.303049166666666861e+04
2.310504999999999927e+04
2.327056666666666570e+04
2.320205833333333430e+04
2.313102500000000146e+04
2.331854166666666424e+04
2.336097499999999854e+04
2.318454166666666424e+04
2.337151666666666642e+04
2.343850833333333139e+04
2.342107499999999709e+04
2.351954166666666424e+04
2.342182500000000073e+04
2.357302500000000146e+04
2.346900833333333139e+04
2.355907500000000073e+04
2.335759166666666715e+04
2.348403333333333285e+04
2.350707499999999709e+04
2.344098333333333358e+04
2.360855833333333430e+04
2.376154999999999927e+04
2.369002500000000146e+04
2.393499166666666861e+04
2.372554999999999927e+04
2.387148333333333358e+04
2.389352500000000146e+04
2.391093333333333430e+04
2.387406666666666570e+04
2.402548333333333358e+04
2.408850833333333139e+04
2.386600833333333139e+04
2.383800833333333139e+04
2.406401666666666642e+04
2.424060833333333358e+04
2.405904166666666424e+04
2.399949166666666861e+04
2.422653333333333285e+04
2.424795000000000073e+04
2.414048333333333358e+04
2.429550833333333139e+04
2.430304999999999927e+04
2.419004166666666424e+04
2.434504166666666788e+04
2.429447499999999854e+04
2.433850833333333139e+04
2.431913333333333503e+04
2.433750000000000000e+04
2.442853333333333285e+04
2.421854999999999927e+04
2.439954999999999927e+04
2.446248333333333358e+04
2.435158333333333212e+04
2.438915000000000146e+04
2.460004999999999927e+04
2.438305833333333430e+04
2.466849166666666861e+04
2.446655833333333430e+04
2.447454999999999927e+04
2.464756666666666570e+04
2.439803333333333285e+04
2.434451666666666642e+04
2.471352500000000146e+04
2.472350000000000000e+04
2.460561666666666861e+04
2.470510833333333358e+04
2.462254999999999927e+04
2.458650000000000000e+04
2.455296666666666715e+04
2.469403333333333285e+04
2.476604999999999927e+04
2.471899166666666861e+04
2.461254999999999927e+04
2.463452500000000146e+04
2.456257499999999709e+04
2.474695833333333576e+04
2.481210833333333358e+04
2.476807500000000073e+04
2.476606666666666570e+04
2.469662500000000000e+04
2.472809999999999854e+04
2.471401666666666642e+04
2.451907500000000073e+04
2.470505833333333430e+04
2.468850000000000000e+04
2.475947499999999854e+04
2.465649166666666861e+04
2.443507499999999709e+04
2.463004166666666424e+04
2.438801666666666642e+04
2.472698333333333358e+04
2.449759166666666715e+04
2.445148333333333358e+04
2.461802500000000146e+04
2.454903333333333285e+04
2.449251666666666642e+04
2.442647499999999854e+04
2.443805833333333430e+04
2.461802500000000146e+04
2.449700000000000000e+04
2.442650000000000000e+04
2.442200833333333139e+04
2.445899166666666861e+04
2.436502500000000146e+04
2.447398333333333358e+04
2.448604999999999927e+04
2.462601666666666642e+04
2.441054166666666424e+04
2.435304999999999927e+04
2.433152500000000146e+04
2.437350833333333139e+04
2.425496666666666715e+04
2.423500000000000000e+04
2.438652500000000146e+04
2.431808333333333212e+04
2.425750833333333139e+04
2.420310833333333358e+04
2.399756666666666570e+04
2.424700833333333139e+04
2.437754166666666424e+04
2.425103333333333285e+04
2.434157499999999709e+04
2.440006666666666570e+04
2.435303333333333285e+04
2.457298333333333358e+04
2.441050833333333139e+04
2.440163333333333139e+04
2.440504999999999927e+04
2.430204166666666424e+04
2.446799166666666861e+04
2.426702500000000146e+04
2.441056666666666570e+04
2.461230833333333430e+04
2.456753333333333285e+04
2.453906666666666570e+04
2.433458333333333212e+04
2.454015000000000146e+04
2.456253333333333285e+04
2.454252500000000146e+04
2.455856666666666570e+04
2.460702500000000146e+04
2.447702500000000146e+04
2.458954166666666424e+04
2.467601666666666642e+04
2.439309166666666715e+04
2.453907499999999709e+04
2.449204999999999927e+04
2.432306666666666570e+04
2.436501666666666642e+04
2.431102500000000146e+04
2.449702500000000146e+04
2.449502500000000146e+04
2.434204166666666424e+04
2.442803333333333285e+04
2.441909166666666715e+04
2.416655833333333430e+04
2.432304166666666424e+04
2.453900833333333139e+04
2.428554999999999927e+04
2.430399166666666861e+04
2.426662500000000000e+04
2.446894166666666570e+04
2.435605833333333430e+04
2.427105833333333430e+04
2.437106666666666570e+04
2.447250000000000000e+04
2.438204166666666424e+04
2.428852500000000146e+04
2.427459999999999854e+04
2.439508333333333212e+04
2.432448333333333358e+04
2.429204166666666424e+04
2.427048333333333358e+04
2.437211666666666861e+04
2.427550833333333139e+04
2.418149166666666861e+04
2.420506666666666570e+04
2.434860833333333358e+04
2.431845833333333576e+04
2.441504999999999927e+04
2.430954166666666424e+04
2.436699166666666861e+04
2.456008333333333212e+04
2.438903333333333285e+04
2.445801666666666642e+04
2.429502500000000146e+04
2.426754999999999927e+04
2.448602500000000146e+04
2.437706666666666570e+04
2.431496666666666715e+04
2.445504999999999927e+04
2.445450833333333139e+04
2.454195833333333576e+04
2.434950000000000000e+04
2.431659999999999854e+04
2.434858333333333212e+04
2.426404166666666424e+04
2.432354166666666424e+04
2.436855833333333430e+04
2.445354999999999927e+04
2.445601666666666642e+04
2.436156666666666570e+04
2.465704999999999927e+04
2.447100000000000000e+04
2.447493333333333430e+04
2.439056666666666570e+04
2.443559166666666715e+04
2.458955833333333430e+04
2.444032499999999709e+04
2.455404999999999927e+04
2.450254166666666424e+04
2.444602500000000146e+04
2.458004999999999927e+04
2.437750000000000000e+04
2.462551666666666642e+04
2.450248333333333358e+04
2.437457500000000073e+04
2.448150833333333139e+04
2.445102500000000146e+04
2.462948333333333358e+04
2.448705833333333430e+04
2.464500000000000000e+04
2.461646666666666715e+04
2.460352500000000146e+04
2.454700833333333139e+04
2.449046666666666715e+04
2.461050000000000000e+04
2.440408333333333576e+04
2.443755833333333430e+04
2.439744166666666570e+04
2.447259999999999854e+04
2.453504999999999927e+04
2.456007499999999709e+04
2.442504999999999927e+04
2.450602500000000146e+04
2.448801666666666642e+04
2.453295833333333576e+04
2.441551666666666642e+04
2.442497499999999854e+04
2.437855833333333430e+04
2.440400000000000000e+04
2.425900833333333139e+04
2.452953333333333285e+04
2.437502500000000146e+04
2.445106666666666570e+04
2.447099166666666861e+04
2.460053333333333285e+04
2.443600833333333139e+04
2.439698333333333358e+04
2.432206666666666570e+04
2.435900000000000000e+04
2.440502500000000146e+04
2.446650833333333139e+04
2.452857499999999709e+04
2.423198333333333358e+04
2.440458333333333212e+04
2.435600000000000000e+04
2.428051666666666642e+04
2.447053333333333285e+04
2.425603333333333285e+04
2.454352500000000146e+04
2.456054999999999927e+04
2.450103333333333285e+04
2.443254166666666424e+04
2.457657499999999709e+04
2.443495833333333576e+04
2.452455833333333430e+04
2.463200833333333139e+04
2.441650833333333139e+04
2.456609166666666715e+04
2.446954999999999927e+04
2.433302500000000146e+04
2.436350833333333139e+04
2.440841666666666788e+04
2.428755833333333430e+04
2.441555833333333430e+04
2.443399166666666861e+04
2.425100000000000000e+04
2.437655833333333430e+04
2.445154166666666424e+04
2.439153333333333285e+04
2.434207500000000073e+04
2.436254999999999927e+04
2.425655833333333430e+04
2.436703333333333285e+04
2.432650833333333139e+04
2.434558333333333212e+04
2.423303333333333285e+04
2.413751666666666642e+04
2.416447499999999854e+04
2.422953333333333285e+04
2.422041666666666788e+04
2.413303333333333285e+04
2.411807499999999709e+04
2.400098333333333358e+04
2.418155833333333430e+04
2.422558333333333212e+04
2.406750833333333139e+04
2.400953333333333285e+04
2.413154999999999927e+04
2.419802500000000146e+04
2.429204999999999927e+04
2.405504166666666424e+04
2.416300000000000000e+04
2.419948333333333358e+04
2.420753333333333285e+04
2.402704999999999927e+04
2.409910833333333358e+04
2.400607499999999709e+04
2.408654166666666424e+04
2.389553333333333285e+04
2.392954999999999927e+04
2.392248333333333358e+04
2.371652500000000146e+04
2.381845000000000073e+04
2.376297499999999854e+04
2.371100833333333139e+04
2.373605833333333430e+04
2.356604166666666424e+04
2.343200000000000000e+04
2.340604999999999927e+04
2.341961666666666861e+04
2.332105833333333430e+04
2.338906666666666570e+04
2.316500833333333139e+04
2.317154999999999927e+04
2.312803333333333285e+04
2.302152500000000146e+04
2.293198333333333358e+04
2.282012500000000000e+04
2.283398333333333358e+04
2.288354166666666424e+04
2.290000000000000000e+04
2.277854166666666424e+04
2.274259166666666715e+04
2.257556666666666570e+04
2.266647499999999854e+04
2.269602500000000146e+04
2.274800000000000000e+04
2.263608333333333576e+04
2.267759166666666715e+04
2.273058333333333576e+04
2.268102500000000146e+04
2.267805833333333430e+04
2.257148333333333358e+04
2.268949166666666861e+04
2.252295000000000073e+04
2.264300000000000000e+04
2.232898333333333358e+04
2.240150833333333139e+04
2.247801666666666642e+04
2.222247499999999854e+04
2.225449166666666861e+04
2.222552500000000146e+04
2.205358333333333212e+04
2.210602500000000146e+04
2.206953333333333285e+04
2.212245000000000073e+04
2.190151666666666642e+04
2.180004166666666424e+04
2.202101666666666642e+04
2.186545000000000073e+04
2.176854166666666424e+04
2.162950833333333139e+04
2.170345833333333576e+04
2.168401666666666642e+04
2.177854999999999927e+04
2.166055833333333430e+04
2.174385833333333358e+04
2.167595833333333576e+04
2.157450833333333139e+04
2.156554166666666424e+04
2.163547499999999854e+04
2.153446666666666715e+04
2.172304999999999927e+04
2.162742500000000291e+04
2.160656666666666570e+04
2.139755833333333430e+04
2.137459166666666715e+04
2.144899166666666861e+04
2.143102500000000146e+04
2.128849166666666861e+04
2.150754166666666424e+04
2.127753333333333285e+04
2.131954166666666424e+04
2.117802500000000146e+04
2.111846666666666715e+04
2.100900000000000000e+04
2.106103333333333285e+04
2.102059999999999854e+04
2.104607499999999709e+04
2.091103333333333285e+04
2.087405833333333430e+04
2.098658333333333212e+04
2.080604166666666424e+04
2.077147499999999854e+04
2.081652500000000146e+04
2.083105833333333430e+04
2.064204999999999927e+04
2.061351666666666642e+04
2.054451666666666642e+04
2.062854166666666424e+04
2.054006666666666570e+04
2.048307499999999709e+04
2.040154166666666424e+04
2.046903333333333285e+04
2.039652500000000146e+04
2.045252500000000146e+04
2.059102500000000146e+04
2.046600833333333139e+04
2.018660833333333358e+04
2.018503333333333285e+04
2.002407499999999709e+04
2.000798333333333358e+04
1.985251666666666642e+04
1.991198333333333358e+04
1.996246666666666715e+04
2.002857499999999709e+04
2.006656666666666570e+04
2.012951666666666642e+04
2.021300000000000000e+04
2.047954999999999927e+04
2.054604999999999927e+04
2.025054166666666424e+04
2.023659166666666715e+04
2.028004999999999927e+04
2.024006666666666570e+04
2.021598333333333358e+04
2.013600000000000000e+04
2.035455833333333430e+04
2.013206666666666570e+04
2.014305833333333430e+04
2.019255833333333430e+04
2.020151666666666642e+04
2.010052500000000146e+04
1.997252500000000146e+04
1.984000000000000000e+04
1.989848333333333358e+04
1.980361666666666497e+04
1.984254166666666424e+04
1.995352500000000146e+04
1.990995000000000073e+04
1.977352500000000146e+04
1.975354166666666424e+04
1.966754999999999927e+04
1.973756666666666570e+04
1.980905833333333430e+04
1.965499166666666861e+04
1.962300833333333139e+04
1.973765833333333285e+04
1.956054166666666424e+04
1.958251666666666642e+04
1.952150000000000000e+04
1.952448333333333358e+04
1.944149166666666861e+04
1.937153333333333285e+04
1.936804166666666424e+04
1.924200000000000000e+04
1.934400833333333139e+04
1.935151666666666642e+04
1.923254999999999927e+04
1.915399166666666861e+04
1.922348333333333358e+04
1.907604999999999927e+04
1.910903333333333285e+04
1.910354999999999927e+04
1.905546666666666715e+04
1.890501666666666642e+04
1.886456666666666570e+04
1.882051666666666642e+04
1.876105833333333430e+04
1.881061666666666861e+04
1.878855833333333430e+04
1.868754999999999927e+04
1.876308333333333576e+04
1.869853333333333285e+04
1.850501666666666642e+04
1.869052500000000146e+04
1.869804166666666424e+04
1.857150833333333139e+04
1.862596666666666715e+04
1.862656666666666570e+04
1.852996666666666715e+04
1.843106666666666570e+04
1.846161666666666861e+04
1.834444166666666570e+04
1.850709166666666715e+04
1.838954166666666424e+04
1.825057499999999709e+04
1.824901666666666642e+04
1.824104999999999927e+04
1.818953333333333285e+04
1.831908333333333212e+04
1.831805833333333430e+04
1.839001666666666642e+04
1.805153333333333285e+04
1.828551666666666642e+04
1.833000833333333139e+04
1.812309999999999854e+04
1.798656666666666570e+04
1.799934166666666715e+04
1.807455833333333430e+04
1.789901666666666642e+04
1.785650000000000000e+04
1.785004166666666424e+04
1.763899166666666497e+04
1.756684999999999854e+04
1.754556666666666570e+04
1.761503333333333285e+04
1.755506666666666570e+04
1.763200833333333139e+04
1.767154166666666424e+04
1.748653333333333285e+04
1.746449166666666861e+04
1.730999166666666861e+04
1.725354999999999927e+04
1.724950833333333139e+04
1.725355833333333430e+04
1.719657500000000073e+04
1.713900000000000000e+04
1.710957500000000073e+04
1.705851666666666642e+04
1.708947499999999854e+04
1.703703333333333285e+04
1.709254999999999927e+04
1.708099166666666861e+04
1.694903333333333285e+04
1.686604166666666424e+04
1.701701666666666642e+04
1.679958333333333212e+04
1.680450000000000000e+04
1.659098333333333358e+04
1.635704999999999927e+04
1.639196666666666715e+04
1.648399166666666861e+04
1.623758333333333394e+04
1.618750833333333321e+04
1.613846666666666715e+04
1.615848333333333358e+04
1.607753333333333285e+04
1.598905833333333430e+04
1.606308333333333212e+04
1.604452499999999964e+04
1.604801666666666642e+04
1.598203333333333285e+04
1.601004999999999927e+04
1.575360833333333358e+04
1.569849166666666497e+04
1.581658333333333212e+04
1.573507500000000073e+04
1.559955833333333430e+04
1.563602499999999964e+04
1.550402499999999782e+04
1.547302499999999964e+04
1.544605833333333248e+04
1.531200833333333321e+04
1.533658333333333212e+04
1.530403333333333285e+04
1.520852499999999964e+04
1.512852499999999964e+04
1.508255833333333248e+04
1.494901666666666642e+04
1.508404999999999927e+04
1.486304999999999927e+04
1.490949166666666679e+04
1.489955833333333248e+04
1.477155833333333248e+04
1.455400833333333321e+04
1.453706666666666570e+04
1.453197500000000036e+04
1.444954999999999927e+04
1.430897500000000036e+04
1.435001666666666642e+04
1.422800833333333321e+04
1.422805833333333430e+04
1.411654166666666788e+04
1.402200833333333321e+04
1.397953333333333285e+04
1.402650000000000000e+04
1.380006666666666570e+04
1.381351666666666642e+04
1.358008333333333212e+04
1.367905833333333430e+04
1.360252499999999964e+04
1.344151666666666642e+04
1.340903333333333285e+04
1.327450833333333321e+04
1.327656666666666570e+04
1.321704166666666606e+04
1.316707500000000073e+04
1.313603333333333285e+04
1.302651666666666642e+04
1.302607500000000073e+04
1.299599166666666679e+04
1.280500833333333321e+04
1.283709999999999854e+04
1.280897500000000036e+04
1.263550000000000000e+04
1.257155833333333430e+04
1.243357500000000073e+04
1.255049166666666497e+04
1.246753333333333285e+04
1.229300833333333321e+04
1.225596666666666715e+04
1.223254999999999927e+04
1.201156666666666570e+04
1.207150000000000000e+04
1.196560000000000036e+04
1.191902500000000146e+04
1.185509166666666715e+04
1.166245833333333212e+04
1.172300000000000000e+04
1.156053333333333285e+04
1.154452499999999964e+04
1.146199166666666679e+04
1.139850000000000000e+04
1.138659166666666715e+04
1.125100833333333321e+04
1.121803333333333285e+04
1.122303333333333285e+04
1.123798333333333358e+04
1.122000833333333503e+04
1.113948333333333358e+04
1.102004999999999927e+04
1.102605833333333430e+04
1.097452500000000146e+04
1.077956666666666570e+04
1.077096666666666715e+04
1.064500833333333321e+04
1.062598333333333358e+04
1.048954166666666788e+04
1.053955833333333430e+04
1.040602500000000146e+04
1.039800833333333321e+04
1.021949166666666497e+04
1.000603333333333285e+04
1.000750000000000000e+04
9.912016666666666424e+03
9.816049999999999272e+03
9.659558333333334303e+03
9.456524999999999636e+03
9.373558333333334303e+03
9.391500000000000000e+03
9.152533333333332848e+03
9.022549999999999272e+03
9.000566666666667516e+03
8.753541666666667879e+03
8.604058333333334303e+03
8.449075000000000728e+03
8.220433333333332484e+03
8.010024999999999636e+03
7.723549999999999272e+03
7.442049999999999272e+03
7.136541666666666060e+03
6.905041666666666060e+03
6.555558333333333394e+03
6.257516666666666424e+03
5.819033333333332848e+03
5.466433333333333394e+03
5.079041666666666970e+03
4.615066666666666606e+03
4.286600000000000364e+03
4.071500000000000000e+03
3.986525000000000091e+03
3.965949999999999818e+03
3.966525000000000091e+03
4.060033333333333303e+03
4.206033333333332848e+03
4.467049999999999272e+03
4.857500000000000000e+03
5.153558333333333394e+03
5.494075000000000728e+03
5.794533333333332848e+03
5.996966666666666242e+03
6.190491666666666788e+03
6.283533333333332848e+03
6.532475000000000364e+03
6.648458333333333030e+03
6.756541666666666970e+03
6.847016666666666424e+03
6.934524999999999636e+03
6.921091666666667152e+03
7.053958333333333940e+03
7.184525000000000546e+03
7.195533333333332848e+03
7.125016666666666424e+03
7.174516666666666424e+03
7.254475000000000364e+03
7.228458333333333940e+03
7.200516666666666424e+03
7.153483333333333576e+03
7.151008333333333212e+03
7.094008333333333212e+03
7.134508333333333212e+03
7.119600000000000364e+03
7.094024999999999636e+03
7.111050000000000182e+03
7.026016666666666424e+03
6.985541666666666060e+03
6.953591666666667152e+03
6.916024999999999636e+03
6.924508333333333212e+03
6.893058333333333394e+03
6.787083333333333030e+03
6.743000000000000000e+03
6.831983333333333576e+03
6.672500000000000000e+03
6.664500000000000000e+03
6.637016666666666424e+03
6.510016666666666424e+03
6.551050000000000182e+03
6.499975000000000364e+03
6.435966666666667152e+03
6.473500000000000000e+03
6.398941666666666606e+03
6.285508333333333212e+03
6.273024999999999636e+03
6.247050000000000182e+03
6.105441666666666606e+03
6.107100000000000364e+03
6.052475000000000364e+03
6.064050000000000182e+03
6.073949999999999818e+03
5.932458333333333030e+03
5.901541666666666060e+03
5.891541666666666970e+03
5.804033333333332848e+03
5.802941666666666606e+03
5.683016666666666424e+03
5.676008333333333212e+03
5.649958333333333940e+03
5.505475000000000364e+03
5.579016666666666424e+03
5.444975000000000364e+03
5.448516666666666424e+03
5.374549999999999272e+03
5.384533333333332848e+03
5.329483333333333576e+03
5.257041666666666060e+03
5.248991666666666788e+03
5.166958333333333940e+03
5.191408333333332848e+03
5.112475000000000364e+03
5.086083333333333940e+03
5.030541666666666970e+03
5.007508333333333212e+03
4.964558333333333394e+03
4.934050000000000182e+03
4.879600000000000364e+03
4.927991666666666788e+03
4.850500000000000000e+03
4.812066666666666606e+03
4.802941666666666606e+03
4.756016666666666424e+03
4.628516666666666424e+03
4.635500000000000000e+03
4.635975000000000364e+03
4.642008333333333212e+03
4.660541666666666060e+03
4.540958333333333030e+03
4.432500000000000000e+03
4.482591666666667152e+03
4.376024999999999636e+03
4.378466666666667152e+03
4.326483333333333576e+03
4.268975000000000364e+03
4.255049999999999272e+03
4.171975000000000364e+03
4.224100000000000364e+03
4.186983333333333576e+03
4.114500000000000000e+03
4.036108333333333576e+03
4.008958333333333030e+03
3.988991666666666333e+03
3.961491666666666788e+03
3.941066666666666606e+03
3.924975000000000364e+03
3.855533333333333303e+03
3.865000000000000000e+03
3.771424999999999727e+03
3.699483333333333121e+03
3.701000000000000000e+03
3.705550000000000182e+03
3.599541666666666515e+03
3.607483333333333121e+03
3.620008333333333212e+03
3.578791666666666970e+03
3.519016666666666879e+03
3.453916666666666970e+03
3.444949999999999818e+03
3.399533333333333303e+03
3.418541666666666970e+03
3.392024999999999636e+03
3.334933333333333394e+03
3.271558333333333394e+03
3.282058333333333394e+03
3.212066666666666606e+03
3.225458333333333030e+03
3.134541666666666515e+03
3.143525000000000091e+03
3.096058333333333394e+03
3.106941666666666606e+03
3.081466666666666242e+03
3.019500000000000000e+03
2.995008333333333212e+03
3.007483333333333121e+03
2.916091666666666697e+03
2.895474999999999909e+03
2.908050000000000182e+03
2.863541666666666515e+03
2.820966666666666697e+03
2.824508333333333212e+03
2.780516666666666879e+03
2.753458333333333030e+03
2.738533333333333303e+03
2.691433333333333394e+03
2.650958333333333485e+03
2.653974999999999909e+03
2.625533333333333303e+03
2.546016666666666424e+03
2.515525000000000091e+03
2.476066666666666606e+03
2.465500000000000000e+03
2.451433333333333394e+03
2.404491666666666788e+03
2.423983333333333576e+03
2.407483333333333576e+03
2.310991666666666788e+03
2.298016666666666879e+03
2.328491666666666788e+03
2.277983333333333576e+03
2.244516666666666424e+03
2.198974999999999909e+03
2.195000000000000000e+03
2.133983333333333121e+03
2.136516666666666424e+03
2.123449999999999818e+03
2.071058333333333394e+03
2.106441666666666606e+03
2.046058333333333394e+03
1.991025000000000091e+03
2.002466666666666697e+03
1.959916666666666742e+03
1.944425000000000182e+03
1.864025000000000091e+03
1.866008333333333212e+03
1.885508333333333212e+03
1.818058333333333394e+03
1.824458333333333258e+03
1.785474999999999909e+03
1.766583333333333485e+03
1.718516666666666424e+03
1.673058333333333394e+03
1.693433333333333394e+03
1.688508333333333212e+03
1.683583333333333258e+03
1.636566666666666606e+03
1.604983333333333121e+03
1.611491666666666561e+03
