7.051364407529468735e+03
7.050147135257086120e+03
7.048929862984702595e+03
7.047712590712319980e+03
7.046495318439937364e+03
7.045278046167553839e+03
7.044060773895171224e+03
7.042843501622787699e+03
7.041626229350405083e+03
7.040408957078022468e+03
7.039191684805638943e+03
7.037974412533256327e+03
7.036757140260872802e+03
7.035539867988490187e+03
7.034322595716107571e+03
7.033105323443724046e+03
7.031888051171341431e+03
7.030670778898957906e+03
7.029453506626575290e+03
7.028236234354192675e+03
7.027018962081809150e+03
7.025801689809426534e+03
7.024584417537043009e+03
7.023367145264660394e+03
7.022149872992277778e+03
7.020932600719894253e+03
7.019715328447511638e+03
7.018498056175128113e+03
7.017280783902745497e+03
7.016063511630362882e+03
7.014846239357979357e+03
7.013628967085596742e+03
7.012411694813213217e+03
7.011194422540830601e+03
7.009977150268447986e+03
7.008759877996064461e+03
7.007542605723681845e+03
7.006325333451298320e+03
7.005108061178915705e+03
7.003890788906533089e+03
7.002673516634149564e+03
7.001456244361766949e+03
7.000238972089383424e+03
6.999021699817000808e+03
6.997804427544618193e+03
6.996587155272234668e+03
6.995369882999852052e+03
6.994152610727468527e+03
6.992935338455085912e+03
6.991718066182703296e+03
6.990500793910319771e+03
6.989283521637937156e+03
6.988066249365553631e+03
6.986848977093171015e+03
6.985631704820788400e+03
6.984414432548404875e+03
6.983197160276022259e+03
6.981979888003638735e+03
6.980762615731256119e+03
6.979545343458873504e+03
6.978328071186489979e+03
6.977110798914107363e+03
6.975893526641723838e+03
6.974676254369341223e+03
6.973458982096958607e+03
6.972241709824575082e+03
6.971024437552192467e+03
6.969807165279808942e+03
6.968589893007426326e+03
6.967372620735043711e+03
6.966155348462660186e+03
6.964938076190277570e+03
6.963720803917894045e+03
6.962503531645511430e+03
6.961286259373128814e+03
6.960068987100745289e+03
6.958851714828362674e+03
6.957634442555979149e+03
6.956417170283596533e+03
6.955199898011213918e+03
6.953982625738830393e+03
6.952765353466447777e+03
6.951548081194064252e+03
6.950330808921681637e+03
6.949113536649299022e+03
6.947896264376915497e+03
6.946678992104532881e+03
6.945461719832149356e+03
6.944244447559766741e+03
6.943027175287384125e+03
6.941809903015000600e+03
6.940592630742617985e+03
6.939375358470234460e+03
6.938158086197851844e+03
6.936940813925469229e+03
6.935723541653085704e+03
6.934506269380703088e+03
6.933288997108319563e+03
6.932071724835936948e+03
6.930854452563554332e+03
6.929637180291170807e+03
6.928419908018788192e+03
6.927202635746404667e+03
6.925985363474022051e+03
6.924768091201639436e+03
6.923550818929255911e+03
6.922333546656873295e+03
6.921116274384489770e+03
6.919899002112107155e+03
6.918681729839724539e+03
6.917464457567341015e+03
6.916247185294958399e+03
6.915029913022574874e+03
6.913812640750192259e+03
6.912595368477809643e+03
6.911378096205426118e+03
6.910160823933043503e+03
6.908943551660659978e+03
6.907726279388277362e+03
6.906509007115894747e+03
6.905291734843511222e+03
6.904074462571128606e+03
6.902857190298745081e+03
6.901639918026362466e+03
6.900422645753979850e+03
6.899205373481596325e+03
6.897988101209213710e+03
6.896770828936830185e+03
6.895553556664447569e+03
6.894336284392064954e+03
6.893119012119681429e+03
6.891901739847298813e+03
6.890684467574915288e+03
6.889467195302532673e+03
6.888249923030150057e+03
6.887032650757766532e+03
6.885815378485383917e+03
6.884598106213000392e+03
6.883380833940617777e+03
6.882163561668235161e+03
6.880946289395851636e+03
6.879729017123469021e+03
6.878511744851085496e+03
6.877294472578702880e+03
6.876077200306320265e+03
6.874859928033936740e+03
6.873642655761554124e+03
6.872425383489170599e+03
6.871208111216787984e+03
6.869990838944405368e+03
6.868773566672021843e+03
6.867556294399639228e+03
6.866339022127255703e+03
6.865121749854873087e+03
6.863904477582490472e+03
6.862687205310106947e+03
6.861469933037724331e+03
6.860252660765340806e+03
6.859035388492958191e+03
6.857818116220575575e+03
6.856600843948192050e+03
6.855383571675809435e+03
6.854166299403425910e+03
6.852949027131043295e+03
6.851731754858660679e+03
6.850514482586277154e+03
6.849297210313894539e+03
6.848079938041511014e+03
6.846862665769128398e+03
6.845645393496745783e+03
6.844428121224362258e+03
6.843210848951979642e+03
6.841993576679596117e+03
6.840776304407213502e+03
6.839559032134830886e+03
6.838341759862447361e+03
6.837124487590064746e+03
6.835907215317681221e+03
6.834689943045298605e+03
6.833472670772915990e+03
6.832255398500532465e+03
6.831038126228149849e+03
6.829820853955766324e+03
6.828603581683383709e+03
6.827386309411001093e+03
6.826169037138617568e+03
6.824951764866234953e+03
6.823734492593851428e+03
6.822517220321468812e+03
6.821299948049086197e+03
6.820082675776702672e+03
6.818865403504320057e+03
6.817648131231936532e+03
6.816430858959553916e+03
6.815213586687171301e+03
6.813996314414787776e+03
6.812779042142405160e+03
6.811561769870021635e+03
6.810344497597639020e+03
6.809127225325256404e+03
6.807909953052872879e+03
6.806692680780490264e+03
6.805475408508106739e+03
6.804258136235724123e+03
6.803040863963340598e+03
6.801823591690957983e+03
6.800606319418575367e+03
6.799389047146191842e+03
6.798171774873809227e+03
6.796954502601425702e+03
6.795737230329043086e+03
6.794519958056660471e+03
6.793302685784276946e+03
6.792085413511894330e+03
6.790868141239510805e+03
6.789650868967128190e+03
6.788433596694745574e+03
6.787216324422362050e+03
6.785999052149979434e+03
6.784781779877595909e+03
6.783564507605213294e+03
6.782347235332830678e+03
6.781129963060447153e+03
6.779912690788064538e+03
6.778695418515681013e+03
6.777478146243298397e+03
6.776260873970915782e+03
6.775043601698532257e+03
6.773826329426149641e+03
6.772609057153766116e+03
6.771391784881383501e+03
6.770174512609000885e+03
6.768957240336617360e+03
6.767739968064234745e+03
6.766522695791851220e+03
6.765305423519468604e+03
6.764088151247085989e+03
6.762870878974702464e+03
6.761653606702319848e+03
6.760436334429936323e+03
6.759219062157553708e+03
6.758001789885171092e+03
6.756784517612787567e+03
6.755567245340404952e+03
6.754349973068021427e+03
6.753132700795638812e+03
6.751915428523256196e+03
6.750698156250872671e+03
6.749480883978490056e+03
6.748263611706106531e+03
6.747046339433723915e+03
6.745829067161341300e+03
6.744611794888957775e+03
6.743394522616575159e+03
6.742177250344191634e+03
6.740959978071809019e+03
6.739742705799426403e+03
6.738525433527042878e+03
6.737308161254660263e+03
6.736090888982276738e+03
6.734873616709894122e+03
6.733656344437511507e+03
6.732439072165127982e+03
6.731221799892745366e+03
6.730004527620361841e+03
6.728787255347979226e+03
6.727569983075596610e+03
6.726352710803213085e+03
6.725135438530830470e+03
6.723918166258446945e+03
6.722700893986064330e+03
6.721483621713681714e+03
6.720266349441298189e+03
6.719049077168915574e+03
6.717831804896532049e+03
6.716614532624149433e+03
6.715397260351766818e+03
6.714179988079383293e+03
6.712962715807000677e+03
6.711745443534617152e+03
6.710528171262234537e+03
6.709310898989851921e+03
6.708093626717468396e+03
6.706876354445085781e+03
6.705659082172702256e+03
6.704441809900319640e+03
6.703224537627937025e+03
6.702007265355553500e+03
6.700789993083170884e+03
6.699572720810787359e+03
6.698355448538404744e+03
6.697138176266022128e+03
6.695920903993638603e+03
6.694703631721255988e+03
6.693486359448872463e+03
6.692269087176489847e+03
6.691051814904107232e+03
6.689834542631723707e+03
6.688617270359341092e+03
6.687399998086957567e+03
6.686182725814574951e+03
6.684965453542192336e+03
6.683748181269808811e+03
6.682530908997426195e+03
6.681313636725042670e+03
6.680096364452660055e+03
6.678879092180277439e+03
6.677661819907893914e+03
6.676444547635511299e+03
6.675227275363127774e+03
6.674010003090745158e+03
6.672792730818362543e+03
6.671575458545979018e+03
6.670358186273596402e+03
6.669140914001212877e+03
6.667923641728830262e+03
6.666706369456447646e+03
6.665489097184064121e+03
6.664271824911681506e+03
6.663054552639297981e+03
6.661837280366915365e+03
6.660620008094532750e+03
6.659402735822149225e+03
6.658185463549766610e+03
6.656968191277383085e+03
6.655750919005000469e+03
6.654533646732617854e+03
6.653316374460234329e+03
6.652099102187851713e+03
6.650881829915468188e+03
6.649664557643085573e+03
6.648447285370702957e+03
6.647230013098319432e+03
6.646012740825936817e+03
6.644795468553553292e+03
6.643578196281170676e+03
6.642360924008788061e+03
6.641143651736404536e+03
6.639926379464021920e+03
6.638709107191638395e+03
6.637491834919255780e+03
6.636274562646873164e+03
6.635057290374489639e+03
6.633840018102107024e+03
6.632622745829723499e+03
6.631405473557340883e+03
6.630188201284958268e+03
6.628970929012574743e+03
6.627753656740192127e+03
6.626536384467808602e+03
6.625319112195425987e+03
6.624101839923043372e+03
6.622884567650659847e+03
6.621667295378277231e+03
6.620450023105893706e+03
6.619232750833511091e+03
6.618015478561128475e+03
6.616798206288744950e+03
6.615580934016362335e+03
6.614363661743978810e+03
6.613146389471596194e+03
6.611929117199213579e+03
6.610711844926830054e+03
6.609494572654447438e+03
6.608277300382063913e+03
6.607060028109681298e+03
6.605842755837298682e+03
6.604625483564915157e+03
6.603408211292532542e+03
6.602190939020149017e+03
6.600973666747766401e+03
6.599756394475383786e+03
6.598539122203000261e+03
6.597321849930617645e+03
6.596104577658234120e+03
6.594887305385851505e+03
6.593670033113468889e+03
6.592452760841085365e+03
6.591235488568702749e+03
6.590018216296319224e+03
6.588800944023936609e+03
6.587583671751553993e+03
6.586366399479170468e+03
6.585149127206787853e+03
6.583931854934404328e+03
6.582714582662021712e+03
6.581497310389639097e+03
6.580280038117255572e+03
6.579062765844872956e+03
6.577845493572489431e+03
6.576628221300106816e+03
6.575410949027724200e+03
6.574193676755340675e+03
6.572976404482958060e+03
6.571759132210574535e+03
6.570541859938191919e+03
6.569324587665809304e+03
6.568107315393425779e+03
6.566890043121043163e+03
6.565672770848659638e+03
6.564455498576277023e+03
6.563238226303894407e+03
6.562020954031510882e+03
6.560803681759128267e+03
6.559586409486744742e+03
6.558369137214362127e+03
6.557151864941979511e+03
6.555934592669595986e+03
6.554717320397213371e+03
6.553500048124829846e+03
6.552282775852447230e+03
6.551065503580064615e+03
6.549848231307681090e+03
6.548630959035298474e+03
6.547413686762914949e+03
6.546196414490532334e+03
6.544979142218149718e+03
6.543761869945766193e+03
6.542544597673383578e+03
6.541327325401000053e+03
6.540110053128617437e+03
6.538892780856234822e+03
6.537675508583851297e+03
6.536458236311468681e+03
6.535240964039085156e+03
6.534023691766702541e+03
6.532806419494319925e+03
6.531589147221936400e+03
6.530371874949553785e+03
6.529154602677170260e+03
6.527937330404787645e+03
6.526720058132405029e+03
6.525502785860021504e+03
6.524285513587638889e+03
6.523068241315255364e+03
6.521850969042872748e+03
6.520633696770490133e+03
6.519416424498106608e+03
6.518199152225723992e+03
6.516981879953340467e+03
6.515764607680957852e+03
6.514547335408575236e+03
6.513330063136191711e+03
6.512112790863809096e+03
6.510895518591425571e+03
6.509678246319042955e+03
6.508460974046660340e+03
6.507243701774276815e+03
6.506026429501894199e+03
6.504809157229510674e+03
6.503591884957128059e+03
6.502374612684745443e+03
6.501157340412361918e+03
6.499940068139979303e+03
6.498722795867595778e+03
6.497505523595213162e+03
6.496288251322830547e+03
6.495070979050447022e+03
6.493853706778064407e+03
6.492636434505680882e+03
6.491419162233298266e+03
6.490201889960915651e+03
6.488984617688532126e+03
6.487767345416149510e+03
6.486550073143765985e+03
6.485332800871383370e+03
6.484115528599000754e+03
6.482898256326617229e+03
6.481680984054234614e+03
6.480463711781851089e+03
6.479246439509468473e+03
6.478029167237085858e+03
6.476811894964702333e+03
6.475594622692319717e+03
6.474377350419936192e+03
6.473160078147553577e+03
6.471942805875170961e+03
6.470725533602787436e+03
6.469508261330404821e+03
6.468290989058021296e+03
6.467073716785638680e+03
6.465856444513256065e+03
6.464639172240872540e+03
6.463421899968489925e+03
6.462204627696106400e+03
6.460987355423723784e+03
6.459770083151341169e+03
6.458552810878957644e+03
6.457335538606575028e+03
6.456118266334191503e+03
6.454900994061808888e+03
6.453683721789426272e+03
6.452466449517042747e+03
6.451249177244660132e+03
6.450031904972276607e+03
6.448814632699893991e+03
6.447597360427511376e+03
6.446380088155127851e+03
6.445162815882745235e+03
6.443945543610361710e+03
6.442728271337979095e+03
6.441510999065596479e+03
6.440293726793212954e+03
6.439076454520830339e+03
6.437859182248446814e+03
6.436641909976064198e+03
6.435424637703681583e+03
6.434207365431298058e+03
6.432990093158915442e+03
6.431772820886531917e+03
6.430555548614149302e+03
6.429338276341766687e+03
6.428121004069383162e+03
6.426903731797000546e+03
6.425686459524617021e+03
6.424469187252234406e+03
6.423251914979851790e+03
6.422034642707468265e+03
6.420817370435085650e+03
6.419600098162702125e+03
6.418382825890319509e+03
6.417165553617936894e+03
6.415948281345553369e+03
6.414731009073170753e+03
6.413513736800787228e+03
6.412296464528404613e+03
6.411079192256021997e+03
6.409861919983638472e+03
6.408644647711255857e+03
6.407427375438872332e+03
6.406210103166489716e+03
6.404992830894107101e+03
6.403775558621723576e+03
6.402558286349340960e+03
6.401341014076957435e+03
6.400123741804574820e+03
6.398906469532192204e+03
6.397689197259808680e+03
6.396471924987426064e+03
6.395254652715042539e+03
6.394037380442659924e+03
6.392820108170277308e+03
6.391602835897893783e+03
6.390385563625511168e+03
6.389168291353127643e+03
6.387951019080745027e+03
6.386733746808362412e+03
6.385516474535978887e+03
6.384299202263596271e+03
6.383081929991212746e+03
6.381864657718830131e+03
6.380647385446447515e+03
6.379430113174063990e+03
6.378212840901681375e+03
6.376995568629297850e+03
6.375778296356915234e+03
6.374561024084532619e+03
6.373343751812149094e+03
6.372126479539766478e+03
6.370909207267382953e+03
6.369691934995000338e+03
6.368474662722617722e+03
6.367257390450234197e+03
6.366040118177851582e+03
6.364822845905468057e+03
6.363605573633085442e+03
6.362388301360702826e+03
6.361171029088319301e+03
6.359953756815936686e+03
6.358736484543553161e+03
6.357519212271170545e+03
6.356301939998787930e+03
6.355084667726404405e+03
6.353867395454021789e+03
6.352650123181638264e+03
6.351432850909255649e+03
6.350215578636873033e+03
6.348998306364489508e+03
6.347781034092106893e+03
6.346563761819723368e+03
6.345346489547340752e+03
6.344129217274958137e+03
6.342911945002574612e+03
6.341694672730191996e+03
6.340477400457808471e+03
6.339260128185425856e+03
6.338042855913043240e+03
6.336825583640659715e+03
6.335608311368277100e+03
6.334391039095893575e+03
6.333173766823510960e+03
6.331956494551128344e+03
6.330739222278744819e+03
6.329521950006362204e+03
6.328304677733978679e+03
6.327087405461596063e+03
6.325870133189213448e+03
6.324652860916829923e+03
6.323435588644447307e+03
6.322218316372063782e+03
6.321001044099681167e+03
6.319783771827298551e+03
6.318566499554915026e+03
6.317349227282532411e+03
6.316131955010148886e+03
6.314914682737766270e+03
6.313697410465383655e+03
6.312480138193000130e+03
6.311262865920617514e+03
6.310045593648233989e+03
6.308828321375851374e+03
6.307611049103468758e+03
6.306393776831085233e+03
6.305176504558702618e+03
6.303959232286319093e+03
6.302741960013936477e+03
6.301524687741553862e+03
6.300307415469170337e+03
6.299090143196787722e+03
6.297872870924404197e+03
6.296655598652021581e+03
6.295438326379638966e+03
6.294221054107255441e+03
6.293003781834872825e+03
6.291786509562489300e+03
6.290569237290106685e+03
6.289351965017724069e+03
6.288134692745340544e+03
6.286917420472957929e+03
6.285700148200574404e+03
6.284482875928191788e+03
6.283265603655809173e+03
6.282048331383425648e+03
6.280831059111043032e+03
6.279613786838659507e+03
6.278396514566276892e+03
6.277179242293894276e+03
6.275961970021510751e+03
6.274744697749128136e+03
6.273527425476744611e+03
6.272310153204361995e+03
6.271092880931979380e+03
6.269875608659595855e+03
6.268658336387213240e+03
6.267441064114829715e+03
6.266223791842447099e+03
6.265006519570064484e+03
6.263789247297680959e+03
6.262571975025298343e+03
6.261354702752914818e+03
6.260137430480532203e+03
6.258920158208149587e+03
6.257702885935766062e+03
6.256485613663383447e+03
6.255268341390999922e+03
6.254051069118617306e+03
6.252833796846234691e+03
6.251616524573851166e+03
6.250399252301468550e+03
6.249181980029085025e+03
6.247964707756702410e+03
6.246747435484319794e+03
6.245530163211936269e+03
6.244312890939553654e+03
6.243095618667170129e+03
6.241878346394787513e+03
6.240661074122404898e+03
6.239443801850021373e+03
6.238226529577638757e+03
6.237009257305255232e+03
6.235791985032872617e+03
6.234574712760490002e+03
6.233357440488106477e+03
6.232140168215723861e+03
6.230922895943340336e+03
6.229705623670957721e+03
6.228488351398575105e+03
6.227271079126191580e+03
6.226053806853808965e+03
6.224836534581425440e+03
6.223619262309042824e+03
6.222401990036660209e+03
6.221184717764276684e+03
6.219967445491894068e+03
6.218750173219510543e+03
6.217532900947127928e+03
6.216315628674745312e+03
6.215098356402361787e+03
6.213881084129979172e+03
6.212663811857595647e+03
6.211446539585213031e+03
6.210229267312830416e+03
6.209011995040446891e+03
6.207794722768064275e+03
6.206577450495680750e+03
6.205360178223298135e+03
6.204142905950915519e+03
6.202925633678531995e+03
6.201708361406149379e+03
6.200491089133765854e+03
6.199273816861383239e+03
6.198056544589000623e+03
6.196839272316617098e+03
6.195622000044234483e+03
6.194404727771850958e+03
6.193187455499468342e+03
6.191970183227085727e+03
6.190752910954702202e+03
6.189535638682319586e+03
6.188318366409936061e+03
6.187101094137553446e+03
6.185883821865170830e+03
6.184666549592787305e+03
6.183449277320404690e+03
6.182232005048021165e+03
6.181014732775638549e+03
6.179797460503255934e+03
6.178580188230872409e+03
6.177362915958489793e+03
6.176145643686106268e+03
6.174928371413723653e+03
6.173711099141341037e+03
6.172493826868957512e+03
6.171276554596574897e+03
6.170059282324191372e+03
6.168842010051808757e+03
6.167624737779426141e+03
6.166407465507042616e+03
6.165190193234660001e+03
6.163972920962276476e+03
6.162755648689893860e+03
6.161538376417511245e+03
6.160321104145127720e+03
6.159103831872745104e+03
6.157886559600361579e+03
6.156669287327978964e+03
6.155452015055596348e+03
6.154234742783212823e+03
6.153017470510830208e+03
6.151800198238446683e+03
6.150582925966064067e+03
6.149365653693681452e+03
6.148148381421297927e+03
6.146931109148915311e+03
6.145713836876531786e+03
6.144496564604149171e+03
6.143279292331766555e+03
6.142062020059383030e+03
6.140844747787000415e+03
6.139627475514616890e+03
6.138410203242234275e+03
6.137192930969851659e+03
6.135975658697468134e+03
6.134758386425085519e+03
6.133541114152701994e+03
6.132323841880319378e+03
6.131106569607936763e+03
6.129889297335553238e+03
6.128672025063170622e+03
6.127454752790787097e+03
6.126237480518404482e+03
6.125020208246021866e+03
6.123802935973638341e+03
6.122585663701255726e+03
6.121368391428872201e+03
6.120151119156489585e+03
6.118933846884106970e+03
6.117716574611723445e+03
6.116499302339340829e+03
6.115282030066957304e+03
6.114064757794574689e+03
6.112847485522192073e+03
6.111630213249808548e+03
6.110412940977425933e+03
6.109195668705042408e+03
6.107978396432659792e+03
6.106761124160277177e+03
6.105543851887893652e+03
6.104326579615511037e+03
6.103109307343127512e+03
6.101892035070744896e+03
6.100674762798362281e+03
6.099457490525978756e+03
6.098240218253596140e+03
6.097022945981212615e+03
6.095805673708830000e+03
6.094588401436447384e+03
6.093371129164063859e+03
6.092153856891681244e+03
6.090936584619297719e+03
6.089719312346915103e+03
6.088502040074532488e+03
6.087284767802148963e+03
6.086067495529766347e+03
6.084850223257382822e+03
6.083632950985000207e+03
6.082415678712617591e+03
6.081198406440234066e+03
6.079981134167851451e+03
6.078763861895467926e+03
6.077546589623085310e+03
6.076329317350702695e+03
6.075112045078319170e+03
6.073894772805936555e+03
6.072677500533553030e+03
6.071460228261170414e+03
6.070242955988787799e+03
6.069025683716404274e+03
6.067808411444021658e+03
6.066591139171638133e+03
6.065373866899255518e+03
6.064156594626872902e+03
6.062939322354489377e+03
6.061722050082106762e+03
6.060504777809723237e+03
6.059287505537340621e+03
6.058070233264958006e+03
6.056852960992574481e+03
6.055635688720191865e+03
6.054418416447808340e+03
6.053201144175425725e+03
6.051983871903043109e+03
6.050766599630659584e+03
6.049549327358276969e+03
6.048332055085893444e+03
6.047114782813510828e+03
6.045897510541128213e+03
6.044680238268744688e+03
6.043462965996362072e+03
6.042245693723978547e+03
6.041028421451595932e+03
6.039811149179213317e+03
6.038593876906829792e+03
6.037376604634447176e+03
6.036159332362063651e+03
6.034942060089681036e+03
6.033724787817298420e+03
6.032507515544914895e+03
6.031290243272532280e+03
6.030072971000148755e+03
6.028855698727766139e+03
6.027638426455383524e+03
6.026421154182999999e+03
6.025203881910617383e+03
6.023986609638233858e+03
6.022769337365851243e+03
6.021552065093468627e+03
6.020334792821085102e+03
6.019117520548702487e+03
6.017900248276318962e+03
6.016682976003936346e+03
6.015465703731553731e+03
6.014248431459170206e+03
6.013031159186787590e+03
6.011813886914404065e+03
6.010596614642021450e+03
6.009379342369638834e+03
6.008162070097255310e+03
6.006944797824872694e+03
6.005727525552489169e+03
6.004510253280106554e+03
6.003292981007723938e+03
6.002075708735340413e+03
6.000858436462957798e+03
5.999641164190574273e+03
5.998423891918191657e+03
5.997206619645809042e+03
5.995989347373425517e+03
5.994772075101042901e+03
5.993554802828659376e+03
5.992337530556276761e+03
5.991120258283894145e+03
5.989902986011510620e+03
5.988685713739128005e+03
5.987468441466744480e+03
5.986251169194361864e+03
5.985033896921979249e+03
5.983816624649595724e+03
5.982599352377213108e+03
5.981382080104829583e+03
5.980164807832446968e+03
5.978947535560064352e+03
5.977730263287680827e+03
5.976512991015298212e+03
5.975295718742914687e+03
5.974078446470532072e+03
5.972861174198149456e+03
5.971643901925765931e+03
5.970426629653383316e+03
5.969209357380999791e+03
5.967992085108617175e+03
5.966774812836234560e+03
5.965557540563851035e+03
5.964340268291468419e+03
5.963122996019084894e+03
5.961905723746702279e+03
5.960688451474319663e+03
5.959471179201936138e+03
5.958253906929553523e+03
5.957036634657169998e+03
5.955819362384787382e+03
5.954602090112404767e+03
5.953384817840021242e+03
5.952167545567638626e+03
5.950950273295255101e+03
5.949733001022872486e+03
5.948515728750489870e+03
5.947298456478106345e+03
5.946081184205723730e+03
5.944863911933340205e+03
5.943646639660957590e+03
5.942429367388574974e+03
5.941212095116191449e+03
5.939994822843808834e+03
5.938777550571425309e+03
5.937560278299042693e+03
5.936343006026660078e+03
5.935125733754276553e+03
5.933908461481893937e+03
5.932691189209510412e+03
5.931473916937127797e+03
5.930256644664745181e+03
5.929039372392361656e+03
5.927822100119979041e+03
5.926604827847595516e+03
5.925387555575212900e+03
5.924170283302830285e+03
5.922953011030446760e+03
5.921735738758064144e+03
5.920518466485680619e+03
5.919301194213298004e+03
5.918083921940915388e+03
5.916866649668531863e+03
5.915649377396149248e+03
5.914432105123765723e+03
5.913214832851383107e+03
5.911997560579000492e+03
5.910780288306616967e+03
5.909563016034234352e+03
5.908345743761850827e+03
5.907128471489468211e+03
5.905911199217085596e+03
5.904693926944702071e+03
5.903476654672319455e+03
5.902259382399935930e+03
5.901042110127553315e+03
5.899824837855170699e+03
5.898607565582787174e+03
5.897390293310404559e+03
5.896173021038021034e+03
5.894955748765638418e+03
5.893738476493255803e+03
5.892521204220872278e+03
5.891303931948488753e+03
5.890086659676106137e+03
5.888869387403723522e+03
5.887652115131340906e+03
5.886434842858957381e+03
5.885217570586573856e+03
5.884000298314191241e+03
5.882783026041808625e+03
5.881565753769426010e+03
5.880348481497042485e+03
5.879131209224658960e+03
5.877913936952276345e+03
5.876696664679893729e+03
5.875479392407511114e+03
5.874262120135127589e+03
5.873044847862744064e+03
5.871827575590361448e+03
5.870610303317978833e+03
5.869393031045596217e+03
5.868175758773212692e+03
5.866958486500829167e+03
5.865741214228446552e+03
5.864523941956063936e+03
5.863306669683681321e+03
5.862089397411297796e+03
5.860872125138914271e+03
5.859654852866531655e+03
5.858437580594149040e+03
5.857220308321766424e+03
5.856003036049382899e+03
5.854785763776999374e+03
5.853568491504616759e+03
5.852351219232234143e+03
5.851133946959851528e+03
5.849916674687468003e+03
5.848699402415084478e+03
5.847482130142701862e+03
5.846264857870319247e+03
5.845047585597936632e+03
5.843830313325553107e+03
5.842613041053169582e+03
5.841395768780786966e+03
5.840178496508404351e+03
5.838961224236021735e+03
5.837743951963638210e+03
5.836526679691254685e+03
5.835309407418872070e+03
5.834092135146489454e+03
5.832874862874106839e+03
5.831657590601723314e+03
5.830440318329339789e+03
5.829223046056957173e+03
5.828005773784574558e+03
5.826788501512191942e+03
5.825571229239808417e+03
5.824353956967424892e+03
5.823136684695042277e+03
5.821919412422659661e+03
5.820702140150277046e+03
5.819484867877893521e+03
5.818267595605509996e+03
5.817050323333127380e+03
5.815833051060744765e+03
5.814615778788362149e+03
5.813398506515978625e+03
5.812181234243595100e+03
5.810963961971212484e+03
5.809746689698829869e+03
5.808529417426447253e+03
5.807312145154063728e+03
5.806094872881680203e+03
5.804877600609297588e+03
5.803660328336914972e+03
5.802443056064532357e+03
5.801225783792148832e+03
5.800008511519765307e+03
5.798791239247382691e+03
5.797573966975000076e+03
5.796356694702617460e+03
5.795139422430233935e+03
5.793922150157850410e+03
5.792704877885467795e+03
5.791487605613085179e+03
5.790270333340702564e+03
5.789053061068319039e+03
5.787835788795935514e+03
5.786618516523552898e+03
5.785401244251170283e+03
5.784183971978787667e+03
5.782966699706404142e+03
5.781749427434020618e+03
5.780532155161638002e+03
5.779314882889255387e+03
5.778097610616872771e+03
5.776880338344489246e+03
5.775663066072105721e+03
5.774445793799723106e+03
5.773228521527340490e+03
5.772011249254957875e+03
5.770793976982574350e+03
5.769576704710190825e+03
5.768359432437808209e+03
5.767142160165425594e+03
5.765924887893042978e+03
5.764707615620659453e+03
5.763490343348275928e+03
5.762273071075893313e+03
5.761055798803510697e+03
5.759838526531128082e+03
5.758621254258744557e+03
5.757403981986361032e+03
5.756186709713978416e+03
5.754969437441595801e+03
5.753752165169213185e+03
5.752534892896829660e+03
5.751317620624446135e+03
5.750100348352063520e+03
5.748883076079680905e+03
5.747665803807298289e+03
5.746448531534914764e+03
5.745231259262531239e+03
5.744013986990148624e+03
5.742796714717766008e+03
5.741579442445383393e+03
5.740362170172999868e+03
5.739144897900616343e+03
5.737927625628233727e+03
5.736710353355851112e+03
5.735493081083468496e+03
5.734275808811084971e+03
5.733058536538701446e+03
5.731841264266318831e+03
5.730623991993936215e+03
5.729406719721552690e+03
5.728189447449170075e+03
5.726972175176786550e+03
5.725754902904403934e+03
5.724537630632021319e+03
5.723320358359637794e+03
5.722103086087255178e+03
5.720885813814871653e+03
5.719668541542489038e+03
5.718451269270106422e+03
5.717233996997722898e+03
5.716016724725340282e+03
5.714799452452956757e+03
5.713582180180574142e+03
5.712364907908191526e+03
5.711147635635808001e+03
5.709930363363425386e+03
5.708713091091041861e+03
5.707495818818659245e+03
5.706278546546276630e+03
5.705061274273893105e+03
5.703844002001510489e+03
5.702626729729126964e+03
5.701409457456744349e+03
5.700192185184361733e+03
5.698974912911978208e+03
5.697757640639595593e+03
5.696540368367212068e+03
5.695323096094829452e+03
5.694105823822446837e+03
5.692888551550063312e+03
5.691671279277680696e+03
5.690454007005297171e+03
5.689236734732914556e+03
5.688019462460531940e+03
5.686802190188148415e+03
5.685584917915765800e+03
5.684367645643382275e+03
5.683150373370999660e+03
5.681933101098617044e+03
5.680715828826233519e+03
5.679498556553850904e+03
5.678281284281467379e+03
5.677064012009084763e+03
5.675846739736702148e+03
5.674629467464318623e+03
5.673412195191936007e+03
5.672194922919552482e+03
5.670977650647169867e+03
5.669760378374787251e+03
5.668543106102403726e+03
5.667325833830021111e+03
5.666108561557637586e+03
5.664891289285254970e+03
5.663674017012872355e+03
5.662456744740488830e+03
5.661239472468106214e+03
5.660022200195722689e+03
5.658804927923340074e+03
5.657587655650957458e+03
5.656370383378573933e+03
5.655153111106191318e+03
5.653935838833807793e+03
5.652718566561425177e+03
5.651501294289042562e+03
5.650284022016659037e+03
5.649066749744276422e+03
5.647849477471892897e+03
5.646632205199510281e+03
5.645414932927127666e+03
5.644197660654744141e+03
5.642980388382361525e+03
5.641763116109978000e+03
5.640545843837595385e+03
5.639328571565212769e+03
5.638111299292829244e+03
5.636894027020446629e+03
5.635676754748063104e+03
5.634459482475680488e+03
5.633242210203297873e+03
5.632024937930914348e+03
5.630807665658531732e+03
5.629590393386148207e+03
5.628373121113765592e+03
5.627155848841382976e+03
5.625938576568999451e+03
5.624721304296616836e+03
5.623504032024233311e+03
5.622286759751850695e+03
5.621069487479468080e+03
5.619852215207084555e+03
5.618634942934701940e+03
5.617417670662318415e+03
5.616200398389935799e+03
5.614983126117553184e+03
5.613765853845169659e+03
5.612548581572787043e+03
5.611331309300403518e+03
5.610114037028020903e+03
5.608896764755638287e+03
5.607679492483254762e+03
5.606462220210872147e+03
5.605244947938488622e+03
5.604027675666106006e+03
5.602810403393723391e+03
5.601593131121339866e+03
5.600375858848957250e+03
5.599158586576573725e+03
5.597941314304191110e+03
5.596724042031808494e+03
5.595506769759424969e+03
5.594289497487042354e+03
5.593072225214658829e+03
5.591854952942276213e+03
5.590637680669893598e+03
5.589420408397510073e+03
5.588203136125127457e+03
5.586985863852743933e+03
5.585768591580361317e+03
5.584551319307978702e+03
5.583334047035595177e+03
5.582116774763212561e+03
5.580899502490829036e+03
5.579682230218446421e+03
5.578464957946063805e+03
5.577247685673680280e+03
5.576030413401297665e+03
5.574813141128914140e+03
5.573595868856531524e+03
5.572378596584148909e+03
5.571161324311765384e+03
5.569944052039382768e+03
5.568726779766999243e+03
5.567509507494616628e+03
5.566292235222234012e+03
5.565074962949850487e+03
5.563857690677467872e+03
5.562640418405084347e+03
5.561423146132701731e+03
5.560205873860319116e+03
5.558988601587935591e+03
5.557771329315552975e+03
5.556554057043169450e+03
5.555336784770786835e+03
5.554119512498404220e+03
5.552902240226020695e+03
5.551684967953638079e+03
5.550467695681254554e+03
5.549250423408871939e+03
5.548033151136489323e+03
5.546815878864105798e+03
5.545598606591723183e+03
5.544381334319339658e+03
5.543164062046957042e+03
5.541946789774574427e+03
5.540729517502190902e+03
5.539512245229808286e+03
5.538294972957424761e+03
5.537077700685042146e+03
5.535860428412659530e+03
5.534643156140276005e+03
5.533425883867893390e+03
5.532208611595509865e+03
5.530991339323127249e+03
5.529774067050744634e+03
5.528556794778361109e+03
5.527339522505978493e+03
5.526122250233594968e+03
5.524904977961212353e+03
5.523687705688829737e+03
5.522470433416446213e+03
5.521253161144063597e+03
5.520035888871680072e+03
5.518818616599297457e+03
5.517601344326914841e+03
5.516384072054531316e+03
5.515166799782148701e+03
5.513949527509765176e+03
5.512732255237382560e+03
5.511514982964999945e+03
5.510297710692616420e+03
5.509080438420233804e+03
5.507863166147850279e+03
5.506645893875467664e+03
5.505428621603085048e+03
5.504211349330701523e+03
5.502994077058318908e+03
5.501776804785935383e+03
5.500559532513552767e+03
5.499342260241170152e+03
5.498124987968786627e+03
5.496907715696404011e+03
5.495690443424020486e+03
5.494473171151637871e+03
5.493255898879255255e+03
5.492038626606871730e+03
5.490821354334489115e+03
5.489604082062105590e+03
5.488386809789722975e+03
5.487169537517340359e+03
5.485952265244956834e+03
5.484734992972574219e+03
5.483517720700190694e+03
5.482300448427808078e+03
5.481083176155425463e+03
5.479865903883041938e+03
5.478648631610659322e+03
5.477431359338275797e+03
5.476214087065893182e+03
5.474996814793510566e+03
5.473779542521127041e+03
5.472562270248744426e+03
5.471344997976360901e+03
5.470127725703978285e+03
5.468910453431595670e+03
5.467693181159212145e+03
5.466475908886829529e+03
5.465258636614446004e+03
5.464041364342063389e+03
5.462824092069680773e+03
5.461606819797297248e+03
5.460389547524914633e+03
5.459172275252531108e+03
5.457955002980148492e+03
5.456737730707765877e+03
5.455520458435382352e+03
5.454303186162999737e+03
5.453085913890616212e+03
5.451868641618233596e+03
5.450651369345850981e+03
5.449434097073467456e+03
5.448216824801084840e+03
5.446999552528701315e+03
5.445782280256318700e+03
5.444565007983936084e+03
5.443347735711552559e+03
5.442130463439169944e+03
5.440913191166786419e+03
5.439695918894403803e+03
5.438478646622021188e+03
5.437261374349637663e+03
5.436044102077255047e+03
5.434826829804871522e+03
5.433609557532488907e+03
5.432392285260106291e+03
5.431175012987722766e+03
5.429957740715340151e+03
5.428740468442956626e+03
5.427523196170574010e+03
5.426305923898191395e+03
5.425088651625807870e+03
5.423871379353425255e+03
5.422654107081041730e+03
5.421436834808659114e+03
5.420219562536276499e+03
5.419002290263892974e+03
5.417785017991510358e+03
5.416567745719126833e+03
5.415350473446744218e+03
5.414133201174361602e+03
5.412915928901978077e+03
5.411698656629595462e+03
5.410481384357211937e+03
5.409264112084829321e+03
5.408046839812446706e+03
5.406829567540063181e+03
5.405612295267680565e+03
5.404395022995297040e+03
5.403177750722914425e+03
5.401960478450531809e+03
5.400743206178148284e+03
5.399525933905765669e+03
5.398308661633382144e+03
5.397091389360999528e+03
5.395874117088616913e+03
5.394656844816233388e+03
5.393439572543850772e+03
5.392222300271467248e+03
5.391005027999084632e+03
5.389787755726702017e+03
5.388570483454318492e+03
5.387353211181935876e+03
5.386135938909552351e+03
5.384918666637169736e+03
5.383701394364787120e+03
5.382484122092403595e+03
5.381266849820020980e+03
5.380049577547637455e+03
5.378832305275254839e+03
5.377615033002872224e+03
5.376397760730488699e+03
5.375180488458106083e+03
5.373963216185722558e+03
5.372745943913339943e+03
5.371528671640957327e+03
5.370311399368573802e+03
5.369094127096191187e+03
5.367876854823807662e+03
5.366659582551425046e+03
5.365442310279042431e+03
5.364225038006658906e+03
5.363007765734276290e+03
5.361790493461892765e+03
5.360573221189510150e+03
5.359355948917127535e+03
5.358138676644744010e+03
5.356921404372361394e+03
5.355704132099977869e+03
5.354486859827595254e+03
5.353269587555212638e+03
5.352052315282829113e+03
5.350835043010446498e+03
5.349617770738062973e+03
5.348400498465680357e+03
5.347183226193297742e+03
5.345965953920914217e+03
5.344748681648531601e+03
5.343531409376148076e+03
5.342314137103765461e+03
5.341096864831382845e+03
5.339879592558999320e+03
5.338662320286616705e+03
5.337445048014233180e+03
5.336227775741850564e+03
5.335010503469467949e+03
5.333793231197084424e+03
5.332575958924701808e+03
5.331358686652318283e+03
5.330141414379935668e+03
5.328924142107553052e+03
5.327706869835169528e+03
5.326489597562786912e+03
5.325272325290403387e+03
5.324055053018020772e+03
5.322837780745638156e+03
5.321620508473254631e+03
5.320403236200872016e+03
5.319185963928488491e+03
5.317968691656105875e+03
5.316751419383723260e+03
5.315534147111339735e+03
5.314316874838957119e+03
5.313099602566573594e+03
5.311882330294190979e+03
5.310665058021808363e+03
5.309447785749424838e+03
5.308230513477042223e+03
5.307013241204658698e+03
5.305795968932276082e+03
5.304578696659893467e+03
5.303361424387509942e+03
5.302144152115127326e+03
5.300926879842743801e+03
5.299709607570361186e+03
5.298492335297978570e+03
5.297275063025595045e+03
5.296057790753212430e+03
5.294840518480828905e+03
5.293623246208446290e+03
5.292405973936063674e+03
5.291188701663680149e+03
5.289971429391297534e+03
5.288754157118914009e+03
5.287536884846531393e+03
5.286319612574148778e+03
5.285102340301765253e+03
5.283885068029382637e+03
5.282667795756999112e+03
5.281450523484616497e+03
5.280233251212233881e+03
5.279015978939850356e+03
5.277798706667467741e+03
5.276581434395084216e+03
5.275364162122701600e+03
5.274146889850318985e+03
5.272929617577935460e+03
5.271712345305552844e+03
5.270495073033169319e+03
5.269277800760786704e+03
5.268060528488404088e+03
5.266843256216020563e+03
5.265625983943637948e+03
5.264408711671254423e+03
5.263191439398871807e+03
5.261974167126489192e+03
5.260756894854105667e+03
5.259539622581723052e+03
5.258322350309339527e+03
5.257105078036956911e+03
5.255887805764574296e+03
5.254670533492190771e+03
5.253453261219808155e+03
5.252235988947424630e+03
5.251018716675042015e+03
5.249801444402659399e+03
5.248584172130275874e+03
5.247366899857893259e+03
5.246149627585509734e+03
5.244932355313127118e+03
5.243715083040744503e+03
5.242497810768360978e+03
5.241280538495978362e+03
5.240063266223594837e+03
5.238845993951212222e+03
5.237628721678829606e+03
5.236411449406446081e+03
5.235194177134063466e+03
5.233976904861679941e+03
5.232759632589297325e+03
5.231542360316914710e+03
5.230325088044531185e+03
5.229107815772148570e+03
5.227890543499765045e+03
5.226673271227382429e+03
5.225455998954999814e+03
5.224238726682616289e+03
5.223021454410233673e+03
5.221804182137850148e+03
5.220586909865467533e+03
5.219369637593084917e+03
5.218152365320701392e+03
5.216935093048318777e+03
5.215717820775935252e+03
5.214500548503552636e+03
5.213283276231170021e+03
5.212066003958786496e+03
5.210848731686403880e+03
5.209631459414020355e+03
5.208414187141637740e+03
5.207196914869255124e+03
5.205979642596871599e+03
5.204762370324488984e+03
5.203545098052105459e+03
5.202327825779722843e+03
5.201110553507340228e+03
5.199893281234956703e+03
5.198676008962574087e+03
5.197458736690190563e+03
5.196241464417807947e+03
5.195024192145425332e+03
5.193806919873041807e+03
5.192589647600659191e+03
5.191372375328275666e+03
5.190155103055893051e+03
5.188937830783510435e+03
5.187720558511126910e+03
5.186503286238744295e+03
5.185286013966360770e+03
5.184068741693978154e+03
5.182851469421595539e+03
5.181634197149212014e+03
5.180416924876829398e+03
5.179199652604445873e+03
5.177982380332063258e+03
5.176765108059680642e+03
5.175547835787297117e+03
5.174330563514914502e+03
5.173113291242530977e+03
5.171896018970148361e+03
5.170678746697765746e+03
5.169461474425382221e+03
5.168244202152999605e+03
5.167026929880616080e+03
5.165809657608233465e+03
5.164592385335850850e+03
5.163375113063467325e+03
5.162157840791084709e+03
5.160940568518701184e+03
5.159723296246318569e+03
5.158506023973935953e+03
5.157288751701552428e+03
5.156071479429169813e+03
5.154854207156786288e+03
5.153636934884403672e+03
5.152419662612021057e+03
5.151202390339637532e+03
5.149985118067254916e+03
5.148767845794871391e+03
5.147550573522488776e+03
5.146333301250106160e+03
5.145116028977722635e+03
5.143898756705340020e+03
5.142681484432956495e+03
5.141464212160573879e+03
5.140246939888191264e+03
5.139029667615807739e+03
5.137812395343425123e+03
5.136595123071041598e+03
5.135377850798658983e+03
5.134160578526276367e+03
5.132943306253892843e+03
5.131726033981510227e+03
5.130508761709126702e+03
5.129291489436744087e+03
5.128074217164361471e+03
5.126856944891977946e+03
5.125639672619595331e+03
5.124422400347211806e+03
5.123205128074829190e+03
5.121987855802446575e+03
5.120770583530063050e+03
5.119553311257680434e+03
5.118336038985296909e+03
5.117118766712914294e+03
5.115901494440531678e+03
5.114684222168148153e+03
5.113466949895765538e+03
5.112249677623382013e+03
5.111032405350999397e+03
5.109815133078616782e+03
5.108597860806233257e+03
5.107380588533850641e+03
5.106163316261467116e+03
5.104946043989084501e+03
5.103728771716701885e+03
5.102511499444318360e+03
5.101294227171935745e+03
5.100076954899552220e+03
5.098859682627169605e+03
5.097642410354786989e+03
5.096425138082403464e+03
5.095207865810020849e+03
5.093990593537637324e+03
5.092773321265254708e+03
5.091556048992872093e+03
5.090338776720488568e+03
5.089121504448105952e+03
5.087904232175722427e+03
5.086686959903339812e+03
5.085469687630957196e+03
5.084252415358573671e+03
5.083035143086191056e+03
5.081817870813807531e+03
5.080600598541424915e+03
5.079383326269042300e+03
5.078166053996658775e+03
5.076948781724276159e+03
5.075731509451892634e+03
5.074514237179510019e+03
5.073296964907127403e+03
5.072079692634743878e+03
5.070862420362361263e+03
5.069645148089977738e+03
5.068427875817595122e+03
5.067210603545212507e+03
5.065993331272828982e+03
5.064776059000446367e+03
5.063558786728062842e+03
5.062341514455680226e+03
5.061124242183297611e+03
5.059906969910914086e+03
5.058689697638531470e+03
5.057472425366147945e+03
5.056255153093765330e+03
5.055037880821382714e+03
5.053820608548999189e+03
5.052603336276616574e+03
5.051386064004233049e+03
5.050168791731850433e+03
5.048951519459467818e+03
5.047734247187084293e+03
5.046516974914701677e+03
5.045299702642318152e+03
5.044082430369935537e+03
5.042865158097552921e+03
5.041647885825169396e+03
5.040430613552786781e+03
5.039213341280403256e+03
5.037996069008020640e+03
5.036778796735638025e+03
5.035561524463254500e+03
5.034344252190871885e+03
5.033126979918488360e+03
5.031909707646105744e+03
5.030692435373723129e+03
5.029475163101339604e+03
5.028257890828956988e+03
5.027040618556573463e+03
5.025823346284190848e+03
5.024606074011808232e+03
5.023388801739424707e+03
5.022171529467042092e+03
5.020954257194658567e+03
5.019736984922275951e+03
5.018519712649893336e+03
5.017302440377509811e+03
5.016085168105127195e+03
5.014867895832743670e+03
5.013650623560361055e+03
5.012433351287978439e+03
5.011216079015594914e+03
5.009998806743211389e+03
5.008781534470828774e+03
5.007564262198446158e+03
5.006346989926063543e+03
5.005129717653680018e+03
5.003912445381296493e+03
5.002695173108913878e+03
5.001477900836531262e+03
5.000260628564148647e+03
4.999043356291765122e+03
4.997826084019381597e+03
4.996608811746998981e+03
4.995391539474616366e+03
4.994174267202233750e+03
4.992956994929850225e+03
4.991739722657466700e+03
4.990522450385084085e+03
4.989305178112701469e+03
4.988087905840318854e+03
4.986870633567935329e+03
4.985653361295551804e+03
4.984436089023169188e+03
4.983218816750786573e+03
4.982001544478403957e+03
4.980784272206020432e+03
4.979566999933636907e+03
4.978349727661254292e+03
4.977132455388871676e+03
4.975915183116489061e+03
4.974697910844105536e+03
4.973480638571722011e+03
4.972263366299339395e+03
4.971046094026956780e+03
4.969828821754574165e+03
4.968611549482190640e+03
4.967394277209807115e+03
4.966177004937424499e+03
4.964959732665041884e+03
4.963742460392659268e+03
4.962525188120275743e+03
4.961307915847892218e+03
4.960090643575509603e+03
4.958873371303126987e+03
4.957656099030744372e+03
4.956438826758360847e+03
4.955221554485977322e+03
4.954004282213594706e+03
4.952787009941212091e+03
4.951569737668829475e+03
4.950352465396445950e+03
4.949135193124062425e+03
4.947917920851679810e+03
4.946700648579297194e+03
4.945483376306914579e+03
4.944266104034531054e+03
4.943048831762147529e+03
4.941831559489764913e+03
4.940614287217382298e+03
4.939397014944999682e+03
4.938179742672616158e+03
4.936962470400232633e+03
4.935745198127850017e+03
4.934527925855467402e+03
4.933310653583084786e+03
4.932093381310701261e+03
4.930876109038317736e+03
4.929658836765935121e+03
4.928441564493552505e+03
4.927224292221169890e+03
4.926007019948786365e+03
4.924789747676402840e+03
4.923572475404020224e+03
4.922355203131637609e+03
4.921137930859254993e+03
4.919920658586871468e+03
4.918703386314487943e+03
4.917486114042105328e+03
4.916268841769722712e+03
4.915051569497340097e+03
4.913834297224956572e+03
4.912617024952573047e+03
4.911399752680190431e+03
4.910182480407807816e+03
4.908965208135425200e+03
4.907747935863041675e+03
4.906530663590658150e+03
4.905313391318275535e+03
4.904096119045892920e+03
4.902878846773510304e+03
4.901661574501126779e+03
4.900444302228743254e+03
4.899227029956360639e+03
4.898009757683978023e+03
4.896792485411595408e+03
4.895575213139211883e+03
4.894357940866828358e+03
4.893140668594445742e+03
4.891923396322063127e+03
4.890706124049680511e+03
4.889488851777296986e+03
4.888271579504913461e+03
4.887054307232530846e+03
4.885837034960148230e+03
4.884619762687765615e+03
4.883402490415382090e+03
4.882185218142998565e+03
4.880967945870615949e+03
4.879750673598233334e+03
4.878533401325850718e+03
4.877316129053467193e+03
4.876098856781083668e+03
4.874881584508701053e+03
4.873664312236318437e+03
4.872447039963935822e+03
4.871229767691552297e+03
4.870012495419168772e+03
4.868795223146786157e+03
4.867577950874403541e+03
4.866360678602020926e+03
4.865143406329637401e+03
4.863926134057253876e+03
4.862708861784871260e+03
4.861491589512488645e+03
4.860274317240106029e+03
4.859057044967722504e+03
4.857839772695338979e+03
4.856622500422956364e+03
4.855405228150573748e+03
4.854187955878191133e+03
4.852970683605807608e+03
4.851753411333424083e+03
4.850536139061041467e+03
4.849318866788658852e+03
4.848101594516276236e+03
4.846884322243892711e+03
4.845667049971509186e+03
4.844449777699126571e+03
4.843232505426743955e+03
4.842015233154361340e+03
4.840797960881977815e+03
4.839580688609594290e+03
4.838363416337211675e+03
4.837146144064829059e+03
4.835928871792446444e+03
4.834711599520062919e+03
4.833494327247679394e+03
4.832277054975296778e+03
4.831059782702914163e+03
4.829842510430531547e+03
4.828625238158148022e+03
4.827407965885764497e+03
4.826190693613381882e+03
4.824973421340999266e+03
4.823756149068616651e+03
4.822538876796233126e+03
4.821321604523849601e+03
4.820104332251466985e+03
4.818887059979084370e+03
4.817669787706701754e+03
4.816452515434318229e+03
4.815235243161934704e+03
4.814017970889552089e+03
4.812800698617169473e+03
4.811583426344786858e+03
4.810366154072403333e+03
4.809148881800019808e+03
4.807931609527637193e+03
4.806714337255254577e+03
4.805497064982871962e+03
4.804279792710488437e+03
4.803062520438104912e+03
4.801845248165722296e+03
4.800627975893339681e+03
4.799410703620957065e+03
4.798193431348573540e+03
4.796976159076190015e+03
4.795758886803807400e+03
4.794541614531424784e+03
4.793324342259042169e+03
4.792107069986658644e+03
4.790889797714275119e+03
4.789672525441892503e+03
4.788455253169509888e+03
4.787237980897127272e+03
4.786020708624743747e+03
4.784803436352360222e+03
4.783586164079977607e+03
4.782368891807594991e+03
4.781151619535212376e+03
4.779934347262828851e+03
4.778717074990445326e+03
4.777499802718062710e+03
4.776282530445680095e+03
4.775065258173297480e+03
4.773847985900913955e+03
4.772630713628530430e+03
4.771413441356147814e+03
4.770196169083765199e+03
4.768978896811382583e+03
4.767761624538999058e+03
4.766544352266615533e+03
4.765327079994232918e+03
4.764109807721850302e+03
4.762892535449467687e+03
4.761675263177084162e+03
4.760457990904700637e+03
4.759240718632318021e+03
4.758023446359935406e+03
4.756806174087552790e+03
4.755588901815169265e+03
4.754371629542785740e+03
4.753154357270403125e+03
4.751937084998020509e+03
4.750719812725637894e+03
4.749502540453254369e+03
4.748285268180870844e+03
4.747067995908488228e+03
4.745850723636105613e+03
4.744633451363722997e+03
4.743416179091339473e+03
4.742198906818955948e+03
4.740981634546573332e+03
4.739764362274190717e+03
4.738547090001808101e+03
4.737329817729424576e+03
4.736112545457041051e+03
4.734895273184658436e+03
4.733678000912275820e+03
4.732460728639893205e+03
4.731243456367509680e+03
4.730026184095126155e+03
4.728808911822743539e+03
4.727591639550360924e+03
4.726374367277978308e+03
4.725157095005594783e+03
4.723939822733211258e+03
4.722722550460828643e+03
4.721505278188446027e+03
4.720288005916063412e+03
4.719070733643679887e+03
4.717853461371296362e+03
4.716636189098913746e+03
4.715418916826531131e+03
4.714201644554148515e+03
4.712984372281764990e+03
4.711767100009381465e+03
4.710549827736998850e+03
4.709332555464616235e+03
4.708115283192233619e+03
4.706898010919850094e+03
4.705680738647466569e+03
4.704463466375083954e+03
4.703246194102701338e+03
4.702028921830318723e+03
4.700811649557935198e+03
4.699594377285551673e+03
4.698377105013169057e+03
4.697159832740786442e+03
4.695942560468403826e+03
4.694725288196020301e+03
4.693508015923636776e+03
4.692290743651254161e+03
4.691073471378871545e+03
4.689856199106488930e+03
4.688638926834105405e+03
4.687421654561721880e+03
4.686204382289339264e+03
4.684987110016956649e+03
4.683769837744574033e+03
4.682552565472190508e+03
4.681335293199806983e+03
4.680118020927424368e+03
4.678900748655041752e+03
4.677683476382659137e+03
4.676466204110275612e+03
4.675248931837892087e+03
4.674031659565509472e+03
4.672814387293126856e+03
4.671597115020744241e+03
4.670379842748360716e+03
4.669162570475977191e+03
4.667945298203594575e+03
4.666728025931211960e+03
4.665510753658829344e+03
4.664293481386445819e+03
4.663076209114062294e+03
4.661858936841679679e+03
4.660641664569297063e+03
4.659424392296914448e+03
4.658207120024530923e+03
4.656989847752147398e+03
4.655772575479764782e+03
4.654555303207382167e+03
4.653338030934999551e+03
4.652120758662616026e+03
4.650903486390232501e+03
4.649686214117849886e+03
4.648468941845467270e+03
4.647251669573084655e+03
4.646034397300701130e+03
4.644817125028317605e+03
4.643599852755934990e+03
4.642382580483552374e+03
4.641165308211169759e+03
4.639948035938786234e+03
4.638730763666402709e+03
4.637513491394020093e+03
4.636296219121637478e+03
4.635078946849254862e+03
4.633861674576871337e+03
4.632644402304487812e+03
4.631427130032105197e+03
4.630209857759722581e+03
4.628992585487339966e+03
4.627775313214956441e+03
4.626558040942572916e+03
