4.379566666666666606e+03
4.508058333333333394e+03
4.503575000000000728e+03
4.488541666666666970e+03
4.512500000000000000e+03
4.537524999999999636e+03
4.501625000000000000e+03
4.542800000000000182e+03
4.564533333333332848e+03
4.706716666666667152e+03
4.659575000000000728e+03
4.740041666666666060e+03
4.761058333333333394e+03
4.760066666666667516e+03
4.789274999999999636e+03
4.800800000000000182e+03
4.779100000000000364e+03
4.733541666666666970e+03
4.763050000000000182e+03
4.794541666666666060e+03
4.817516666666666424e+03
4.898774999999999636e+03
4.913358333333333576e+03
5.008558333333333394e+03
4.981024999999999636e+03
5.038091666666667152e+03
5.148016666666666424e+03
5.108941666666666606e+03
5.121100000000000364e+03
5.145274999999999636e+03
5.075041666666666970e+03
5.193883333333333212e+03
5.156866666666666788e+03
5.241575000000000728e+03
5.322325000000000728e+03
5.300008333333333212e+03
5.278783333333332848e+03
5.324733333333333576e+03
5.247041666666666970e+03
5.298350000000000364e+03
5.331300000000000182e+03
5.328091666666667152e+03
5.465575000000000728e+03
5.533258333333333212e+03
5.575791666666666970e+03
5.645074999999999818e+03
5.741358333333333576e+03
5.734750000000000000e+03
5.806024999999999636e+03
5.899524999999999636e+03
5.853466666666667152e+03
5.867741666666666788e+03
5.807024999999999636e+03
5.819758333333333212e+03
5.765574999999999818e+03
5.753016666666666424e+03
5.717066666666666606e+03
5.846258333333333212e+03
5.869283333333332848e+03
5.860524999999999636e+03
5.820041666666666970e+03
5.821533333333332848e+03
5.934016666666666424e+03
5.955524999999999636e+03
5.979274999999999636e+03
6.048516666666666424e+03
5.925266666666666424e+03
5.973491666666666788e+03
5.956033333333332848e+03
5.979008333333333212e+03
6.036066666666666606e+03
6.037774999999999636e+03
6.083300000000000182e+03
6.127824999999999818e+03
6.143566666666666606e+03
6.280783333333332848e+03
6.241766666666666424e+03
6.311066666666666606e+03
6.367308333333333394e+03
6.454316666666666606e+03
6.366250000000000000e+03
6.450050000000000182e+03
6.411258333333333212e+03
6.452250000000000000e+03
6.548524999999999636e+03
6.495558333333333394e+03
6.559291666666666060e+03
6.658049999999999272e+03
6.638216666666667152e+03
6.781266666666666424e+03
6.689533333333332848e+03
6.668233333333333576e+03
6.691008333333333212e+03
6.697274999999999636e+03
6.602300000000000182e+03
6.579833333333333940e+03
6.651716666666667152e+03
6.609066666666666606e+03
6.566050000000000182e+03
6.622558333333333394e+03
6.648583333333333940e+03
6.675083333333333940e+03
6.718808333333333394e+03
6.607800000000000182e+03
6.647016666666666424e+03
6.605500000000000000e+03
6.676975000000000364e+03
6.509800000000000182e+03
6.557050000000000182e+03
6.587524999999999636e+03
6.540825000000000728e+03
6.425491666666666788e+03
6.472416666666666970e+03
6.450566666666666606e+03
6.349300000000000182e+03
6.516808333333333394e+03
6.465100000000000364e+03
6.583783333333332848e+03
6.608524999999999636e+03
6.729291666666666060e+03
6.806274999999999636e+03
6.872341666666667152e+03
7.003558333333333394e+03
6.948125000000000000e+03
6.894191666666666606e+03
6.866800000000000182e+03
6.751091666666667152e+03
6.434725000000000364e+03
6.147258333333333212e+03
5.845758333333333212e+03
5.533091666666667152e+03
5.518024999999999636e+03
5.287116666666666788e+03
5.263533333333332848e+03
5.452058333333333394e+03
5.728250000000000000e+03
6.087800000000000182e+03
6.636791666666666060e+03
7.113550000000000182e+03
7.605141666666666424e+03
7.969191666666665697e+03
8.205791666666666060e+03
8.453924999999999272e+03
8.554291666666666060e+03
8.538274999999999636e+03
8.476750000000000000e+03
8.511000000000000000e+03
8.702266666666666424e+03
8.780533333333332848e+03
8.843100000000000364e+03
9.009058333333334303e+03
8.904725000000000364e+03
8.987825000000000728e+03
9.128275000000001455e+03
9.048841666666667152e+03
9.100016666666666424e+03
9.007600000000000364e+03
8.989233333333333576e+03
8.967291666666667879e+03
9.080750000000000000e+03
9.103241666666666788e+03
8.998225000000000364e+03
9.247516666666666424e+03
9.313725000000000364e+03
9.415066666666665697e+03
9.544508333333333212e+03
9.542591666666667152e+03
9.612799999999999272e+03
9.790291666666667879e+03
9.690608333333333576e+03
9.833341666666667152e+03
9.690016666666666424e+03
9.778325000000000728e+03
9.800783333333332848e+03
9.862250000000000000e+03
9.988758333333333212e+03
9.968058333333334303e+03
9.965274999999999636e+03
9.983274999999999636e+03
1.011896666666666715e+04
9.969258333333333212e+03
1.014271666666666715e+04
1.010949166666666679e+04
1.013251666666666642e+04
1.009335833333333358e+04
1.020845000000000073e+04
1.014331666666666570e+04
1.030610833333333358e+04
1.030730833333333430e+04
1.037781666666666570e+04
1.041529166666666606e+04
1.041698333333333358e+04
1.055757500000000073e+04
1.054678333333333285e+04
1.051977500000000146e+04
1.073953333333333285e+04
1.060368333333333430e+04
1.077100000000000000e+04
1.077423333333333358e+04
1.072751666666666642e+04
1.083853333333333285e+04
1.094050000000000000e+04
1.096502499999999964e+04
1.110945833333333212e+04
1.098156666666666570e+04
1.083974166666666679e+04
1.090264999999999964e+04
1.091395833333333212e+04
1.111380833333333430e+04
1.111277499999999964e+04
1.115175833333333321e+04
1.129107500000000073e+04
1.134580833333333430e+04
1.134029999999999927e+04
1.144973333333333358e+04
1.142204166666666606e+04
1.147379999999999927e+04
1.139860000000000036e+04
1.138506666666666570e+04
1.138029999999999927e+04
1.137871666666666715e+04
1.139529166666666788e+04
1.138008333333333394e+04
1.151723333333333358e+04
1.151899166666666679e+04
1.158205833333333430e+04
1.187860000000000036e+04
1.205875833333333321e+04
1.211105833333333430e+04
1.211200833333333321e+04
1.211049166666666497e+04
1.218282500000000073e+04
1.221175000000000000e+04
1.213582500000000073e+04
1.212508333333333394e+04
1.220806666666666570e+04
1.204577499999999964e+04
1.207525833333333321e+04
1.210854999999999927e+04
1.215521666666666715e+04
1.214850000000000000e+04
1.219597500000000036e+04
1.224968333333333430e+04
1.233928333333333285e+04
1.243770833333333394e+04
1.240565833333333285e+04
1.242472500000000036e+04
1.251453333333333285e+04
1.263979999999999927e+04
1.275778333333333285e+04
1.292659999999999854e+04
1.301252500000000146e+04
1.304334166666666715e+04
1.302079999999999927e+04
1.315427499999999964e+04
1.337929999999999927e+04
1.324181666666666752e+04
1.333884166666666715e+04
1.334396666666666715e+04
1.340375833333333321e+04
1.334958333333333212e+04
1.330553333333333285e+04
1.329875000000000000e+04
1.326153333333333285e+04
1.331458333333333212e+04
1.334131666666666570e+04
1.316025833333333321e+04
1.315223333333333358e+04
1.313454166666666606e+04
1.332782500000000073e+04
1.341878333333333285e+04
1.350304166666666788e+04
1.347053333333333285e+04
1.371633333333333394e+04
1.388250000000000000e+04
1.386330833333333430e+04
1.400222499999999854e+04
1.390251666666666642e+04
1.394352499999999964e+04
1.392005833333333430e+04
1.402175833333333321e+04
1.416102499999999964e+04
1.422082500000000073e+04
1.430755833333333430e+04
1.422750833333333321e+04
1.431004999999999927e+04
1.419153333333333285e+04
1.459253333333333285e+04
1.457329166666666788e+04
1.480370833333333212e+04
1.488173333333333358e+04
1.487147500000000036e+04
1.494356666666666570e+04
1.493644166666666570e+04
1.499427499999999964e+04
1.502350833333333139e+04
1.502452499999999964e+04
1.495927499999999964e+04
1.459000000000000000e+04
1.486252499999999964e+04
1.478225833333333321e+04
1.473579166666666788e+04
1.493635833333333358e+04
1.511304999999999927e+04
1.513325833333333321e+04
1.534525833333333321e+04
1.538053333333333285e+04
1.523877499999999964e+04
1.531854999999999927e+04
1.524607500000000073e+04
1.519491666666666788e+04
1.535179166666666606e+04
1.532631666666666570e+04
1.530130833333333430e+04
1.554721666666666715e+04
1.581479999999999927e+04
1.579878333333333285e+04
1.605250000000000000e+04
1.614403333333333285e+04
1.629904999999999927e+04
1.629307500000000073e+04
1.631354999999999927e+04
1.637900833333333321e+04
1.649925833333333139e+04
1.623729999999999927e+04
1.610329999999999927e+04
1.616705833333333248e+04
1.621202500000000146e+04
1.626801666666666642e+04
1.632256666666666570e+04
1.633082500000000073e+04
1.648198333333333358e+04
1.645505833333333430e+04
1.664185833333333358e+04
1.660079166666666788e+04
1.672307499999999709e+04
1.678599166666666861e+04
1.663656666666666570e+04
1.652604999999999927e+04
1.674133333333333576e+04
1.675929999999999927e+04
1.682675833333333139e+04
1.708350833333333139e+04
1.704854166666666788e+04
1.717404166666666424e+04
1.737032500000000073e+04
1.721478333333333285e+04
1.747870000000000073e+04
1.756784166666666715e+04
1.781377500000000146e+04
1.793275833333333139e+04
1.798550833333333503e+04
1.804379999999999927e+04
1.802755833333333430e+04
1.794158333333333212e+04
1.811454166666666424e+04
1.782124166666666861e+04
1.773954166666666424e+04
1.761480833333333430e+04
1.764428333333333285e+04
1.765051666666666642e+04
1.770877500000000146e+04
1.795576666666666642e+04
1.807421666666666715e+04
1.808271666666666715e+04
1.840779999999999927e+04
1.838177500000000146e+04
1.856275833333333139e+04
1.846073333333333358e+04
1.834621666666666715e+04
1.824853333333333285e+04
1.825251666666666642e+04
1.808098333333333358e+04
1.818029999999999927e+04
1.835350000000000000e+04
1.845478333333333285e+04
1.874204999999999927e+04
1.907684166666666715e+04
1.914125000000000000e+04
1.913162500000000000e+04
1.921028333333333285e+04
1.906354166666666424e+04
1.912001666666666642e+04
1.924701666666666642e+04
1.914704166666666424e+04
1.919034166666666715e+04
1.915058333333333576e+04
1.899053333333333285e+04
1.889395000000000073e+04
1.909449166666666861e+04
1.907601666666666642e+04
1.901709166666666715e+04
1.887079999999999927e+04
1.863475833333333139e+04
1.882173333333333358e+04
1.855476666666666642e+04
1.825806666666666570e+04
1.792730833333333430e+04
1.731880833333333430e+04
1.712332500000000073e+04
1.731498333333333358e+04
1.770691666666666788e+04
1.813299166666666861e+04
1.882029999999999927e+04
1.971055833333333430e+04
1.988033333333333212e+04
1.969904999999999927e+04
1.993929166666666424e+04
2.001246666666666715e+04
2.017410833333332994e+04
2.054329999999999927e+04
2.053403333333333285e+04
2.053092499999999927e+04
2.064798333333333358e+04
2.081518333333333430e+04
2.100080833333333430e+04
2.100577500000000146e+04
2.128348333333333358e+04
2.136576666666666642e+04
2.167304166666666424e+04
2.154103333333333285e+04
2.153220833333333576e+04
2.148025833333333139e+04
2.167519166666666570e+04
2.162473333333333358e+04
2.184971666666666715e+04
2.172949166666666861e+04
2.170384166666666715e+04
2.176725833333333139e+04
2.215225000000000000e+04
2.219576666666666642e+04
2.236052500000000146e+04
2.221353333333333285e+04
2.222006666666666570e+04
2.220704166666666424e+04
2.218870833333333212e+04
2.210382499999999709e+04
2.202272499999999854e+04
2.208077500000000146e+04
2.214676666666666642e+04
2.208601666666666642e+04
2.231780000000000291e+04
2.261080833333333430e+04
2.293528333333333285e+04
2.305882499999999709e+04
2.270330833333333430e+04
2.281257499999999709e+04
2.252058333333333576e+04
2.260906666666666570e+04
2.203730000000000291e+04
2.176977500000000146e+04
2.140354166666666424e+04
2.101034166666666715e+04
2.055778333333333285e+04
2.074323333333333358e+04
2.078094166666666570e+04
2.106525833333333139e+04
2.135027500000000146e+04
2.168554999999999927e+04
2.200004999999999927e+04
2.241004999999999927e+04
2.264280833333333430e+04
2.290602500000000146e+04
2.287551666666666642e+04
2.307702500000000146e+04
2.266784999999999854e+04
2.296755833333333430e+04
2.291909999999999854e+04
2.290030000000000291e+04
2.292622499999999854e+04
2.278325833333333139e+04
2.293875833333333139e+04
2.297529166666666424e+04
2.331200833333333139e+04
2.313157499999999709e+04
2.328599166666666861e+04
2.318681666666666570e+04
2.324076666666666642e+04
2.319050833333333139e+04
2.326593333333333430e+04
2.324399166666666861e+04
2.323381666666666570e+04
2.340229166666666424e+04
2.342279166666666424e+04
2.352650000000000000e+04
2.346652500000000146e+04
2.365632499999999709e+04
2.347229999999999927e+04
2.360551666666666642e+04
2.359008333333333576e+04
2.334404166666666424e+04
2.335977500000000146e+04
2.323832499999999709e+04
2.325150000000000000e+04
2.332655833333333430e+04
2.376625000000000000e+04
2.390879166666666424e+04
2.384424166666666861e+04
2.413732500000000073e+04
2.446680833333333430e+04
2.463706666666666570e+04
2.441079166666666424e+04
2.428183333333333576e+04
2.442133333333333212e+04
2.421375000000000000e+04
2.404876666666666642e+04
2.392529166666666424e+04
2.384230833333333430e+04
2.389756666666666570e+04
2.401928333333333285e+04
2.417153333333333285e+04
2.445827500000000146e+04
2.435277500000000146e+04
2.433775000000000000e+04
2.421024166666666861e+04
2.436007499999999709e+04
2.430138333333333139e+04
2.425448333333333358e+04
2.408081666666666570e+04
2.414677500000000146e+04
2.422650833333333139e+04
2.419151666666666642e+04
2.390729166666666424e+04
2.412054166666666424e+04
2.423855833333333430e+04
2.434976666666666642e+04
2.422308333333333212e+04
2.428356666666666570e+04
2.432607499999999709e+04
2.442650833333333139e+04
2.451627500000000146e+04
2.453098333333333358e+04
2.463574166666666861e+04
2.444084166666666715e+04
2.466355833333333430e+04
2.465725833333333139e+04
2.432902500000000146e+04
2.435578333333333285e+04
2.413400000000000000e+04
2.433681666666666570e+04
2.433677500000000146e+04
2.449398333333333358e+04
2.475054166666666424e+04
2.485734166666666715e+04
2.482804166666666424e+04
2.513508333333333212e+04
2.530358333333333212e+04
2.546604166666666424e+04
2.529805833333333430e+04
2.544207499999999709e+04
2.543278333333333285e+04
2.543605833333333430e+04
2.559124166666666861e+04
2.571459999999999854e+04
2.546684166666666715e+04
2.563356666666666570e+04
2.543001666666666642e+04
2.562448333333333358e+04
2.578134166666666715e+04
2.573430833333333430e+04
2.572832499999999709e+04
2.567727500000000146e+04
2.535446666666666715e+04
2.503395000000000073e+04
2.496525000000000000e+04
2.454300833333333139e+04
2.455407499999999709e+04
2.421104999999999927e+04
2.408129999999999927e+04
2.417704999999999927e+04
2.431501666666666642e+04
2.467750833333333139e+04
2.464734166666666715e+04
2.501302500000000146e+04
2.533829999999999927e+04
2.556525000000000000e+04
2.555470000000000073e+04
2.571175833333333139e+04
2.573951666666666642e+04
2.578275000000000000e+04
2.588930833333333430e+04
2.571424166666666861e+04
2.551588333333333139e+04
2.565499166666666861e+04
2.550988333333333139e+04
2.540330833333333430e+04
2.496206666666666570e+04
2.501355833333333430e+04
2.513408333333333212e+04
2.517186666666666861e+04
2.508784166666666715e+04
2.527950000000000000e+04
2.529404999999999927e+04
2.537125833333333139e+04
2.558580833333333430e+04
2.557403333333333285e+04
2.554971666666666715e+04
2.570403333333333285e+04
2.547528333333333285e+04
2.514604166666666424e+04
2.523933333333333212e+04
2.491903333333333285e+04
2.465700000000000000e+04
2.480975833333333139e+04
2.438461666666666861e+04
2.411779166666666424e+04
2.415750833333333139e+04
2.451855833333333430e+04
2.465353333333333285e+04
2.475322499999999854e+04
2.495977500000000146e+04
2.510421666666666715e+04
2.502975000000000000e+04
2.515646666666666715e+04
2.514332499999999709e+04
2.483659166666666715e+04
2.484484166666666715e+04
2.465409166666666715e+04
2.441346666666666715e+04
2.418873333333333358e+04
2.414527500000000146e+04
2.415473333333333358e+04
2.445820833333333576e+04
2.436080833333333430e+04
2.480407499999999709e+04
2.501604999999999927e+04
2.512908333333333212e+04
2.534978333333333285e+04
2.582471666666666715e+04
2.559800833333333139e+04
2.562223333333333358e+04
2.549279999999999927e+04
2.554724166666666861e+04
2.503284166666666715e+04
2.482104166666666424e+04
2.447021666666666715e+04
2.402754999999999927e+04
2.410425833333333139e+04
2.455875000000000000e+04
2.448578333333333285e+04
2.466300833333333139e+04
2.505807499999999709e+04
2.535785833333333358e+04
2.548476666666666642e+04
2.550800000000000000e+04
2.573554999999999927e+04
2.584425000000000000e+04
2.561575833333333139e+04
2.566477500000000146e+04
2.547026666666666642e+04
2.514777500000000146e+04
2.512308333333333212e+04
2.470458333333333212e+04
2.444447499999999854e+04
2.421675000000000000e+04
2.413645833333333576e+04
2.389230833333333430e+04
2.407095000000000073e+04
2.421180000000000291e+04
2.459976666666666642e+04
2.513405833333333430e+04
2.537976666666666642e+04
2.548674166666666861e+04
2.552878333333333285e+04
2.548809166666666715e+04
2.545476666666666642e+04
2.551500833333333139e+04
2.540374166666666861e+04
2.544403333333333285e+04
2.550882499999999709e+04
2.590229999999999927e+04
2.611864166666666642e+04
2.621334999999999854e+04
2.628840000000000146e+04
2.641432499999999709e+04
2.651574166666666861e+04
2.627679999999999927e+04
2.626204999999999927e+04
2.627024166666666861e+04
2.656481666666666570e+04
2.641232499999999709e+04
2.628048333333333358e+04
2.661356666666666570e+04
2.683303333333333285e+04
2.677352500000000146e+04
2.662525833333333139e+04
2.644183333333333212e+04
2.624453333333333285e+04
2.623327500000000146e+04
2.594576666666666642e+04
2.609375000000000000e+04
2.661527500000000146e+04
2.667553333333333285e+04
2.695202500000000146e+04
2.741075833333333139e+04
2.758955833333333430e+04
2.821173333333333358e+04
2.845926666666666642e+04
2.839952500000000146e+04
2.838334166666666715e+04
2.834479999999999927e+04
2.846874166666666861e+04
2.838104166666666424e+04
2.815879999999999927e+04
2.839927500000000146e+04
2.806226666666666642e+04
2.801549166666666861e+04
2.803129166666666424e+04
2.806724166666666861e+04
2.795256666666666570e+04
2.775352500000000146e+04
2.747572499999999854e+04
2.747675000000000000e+04
2.755128333333333285e+04
2.785743333333333430e+04
2.806211666666666497e+04
2.853099166666666861e+04
2.877749166666666861e+04
2.894404166666666424e+04
2.905823333333332994e+04
2.903795000000000073e+04
2.894798333333333358e+04
2.871788333333333139e+04
2.842478333333333285e+04
2.817283333333333212e+04
2.818102500000000146e+04
2.800351666666666642e+04
2.788374166666666861e+04
2.769504166666666424e+04
2.740783333333333576e+04
2.709557499999999709e+04
2.690302500000000146e+04
2.696329999999999927e+04
2.667379166666666424e+04
2.685400833333333139e+04
2.712002500000000146e+04
2.708353333333333285e+04
2.755324166666666861e+04
2.775132499999999709e+04
2.838424166666666861e+04
2.837475833333333139e+04
2.851675833333333139e+04
2.858379166666666424e+04
2.857655833333333430e+04
2.880554166666666424e+04
2.852229999999999927e+04
2.885180833333333430e+04
2.885973333333333358e+04
2.859277500000000146e+04
2.886002500000000146e+04
2.861752500000000146e+04
2.819471666666666715e+04
2.804084999999999854e+04
2.776153333333333285e+04
2.767106666666666570e+04
2.761725833333333139e+04
2.758108333333333212e+04
2.780570000000000073e+04
2.783775000000000000e+04
2.798851666666666642e+04
2.820479166666666424e+04
2.879325833333333139e+04
2.901727500000000146e+04
2.868410833333333358e+04
2.843553333333333285e+04
2.840777500000000146e+04
2.847825000000000000e+04
2.855899166666666861e+04
2.843076666666666642e+04
2.857529999999999927e+04
2.875403333333333285e+04
2.866677500000000146e+04
2.910475000000000000e+04
2.921256666666666570e+04
2.938530833333333430e+04
2.955699166666666861e+04
2.961026666666666642e+04
2.976099166666666861e+04
2.954356666666666570e+04
2.942781666666666570e+04
2.926299166666666861e+04
2.910252500000000146e+04
2.899600833333333139e+04
2.907950000000000000e+04
2.897222499999999854e+04
2.916079166666666424e+04
2.925779999999999927e+04
2.930757499999999709e+04
2.925125000000000000e+04
2.936554999999999927e+04
2.940949166666666861e+04
2.930851666666666642e+04
2.922151666666666642e+04
2.928154166666666424e+04
2.906554166666666424e+04
2.927100000000000000e+04
2.915350000000000000e+04
2.906677500000000146e+04
2.903925833333333139e+04
2.938075833333333139e+04
2.944302500000000146e+04
2.956641666666666424e+04
2.971753333333333285e+04
3.008304166666666424e+04
3.015022499999999854e+04
3.022953333333333285e+04
3.091577500000000146e+04
3.104975833333333139e+04
3.104371666666666715e+04
3.094279999999999927e+04
3.113854166666666424e+04
3.086731666666666570e+04
3.094500833333333139e+04
3.042729166666666424e+04
3.030202500000000146e+04
3.034607499999999709e+04
3.011601666666666642e+04
3.002603333333333285e+04
2.996105833333333430e+04
3.031431666666666570e+04
3.035979166666666424e+04
3.072121666666666715e+04
3.076927500000000146e+04
3.081636666666666861e+04
3.098528333333333285e+04
3.085845833333333576e+04
3.100327500000000146e+04
3.125804166666666424e+04
3.141931666666666570e+04
3.138134166666666715e+04
3.142415000000000146e+04
3.137440833333333285e+04
3.128569166666666570e+04
3.126649166666666861e+04
3.094566666666666424e+04
3.117474166666666497e+04
3.107614166666666642e+04
3.092345000000000073e+04
3.094872499999999854e+04
3.123339166666666642e+04
3.116894166666666570e+04
3.123868333333333430e+04
3.108480833333333430e+04
3.115871666666666715e+04
3.100034166666666715e+04
3.093449166666666861e+04
3.054141666666666788e+04
3.023829166666666788e+04
3.018899166666666861e+04
3.013231666666666570e+04
2.992725000000000000e+04
2.983126666666666642e+04
2.988976666666666642e+04
2.960027500000000146e+04
2.942571666666666715e+04
2.942473333333333358e+04
2.958228333333333285e+04
2.944645833333333576e+04
2.949925000000000000e+04
2.974234999999999854e+04
2.988553333333333285e+04
2.990729166666666424e+04
2.992653333333333285e+04
2.990354999999999927e+04
2.979673333333333358e+04
2.981976666666666642e+04
3.001322499999999854e+04
3.018971666666666715e+04
3.020774166666666861e+04
3.029379999999999927e+04
3.045104166666666424e+04
3.050180833333333430e+04
3.033702500000000146e+04
3.060724166666666861e+04
3.079398333333333358e+04
3.063950000000000000e+04
3.072749166666666861e+04
3.078855833333333430e+04
3.033507499999999709e+04
3.052217500000000291e+04
3.064947499999999854e+04
3.031759166666666715e+04
3.031494166666666570e+04
3.021253333333333285e+04
3.027777500000000146e+04
3.070154166666666424e+04
3.052998333333333358e+04
3.080723333333333358e+04
3.098076666666666642e+04
3.114605833333333430e+04
3.131451666666666642e+04
3.110654166666666424e+04
3.135328333333333285e+04
3.164907500000000073e+04
3.174282500000000073e+04
3.206346666666666715e+04
3.172675000000000000e+04
3.161450833333333139e+04
3.143929166666666788e+04
3.156109999999999854e+04
3.130455833333333430e+04
3.131075833333333139e+04
3.134449166666666861e+04
3.120503333333333285e+04
3.108830000000000291e+04
3.087603333333333285e+04
3.085075833333333139e+04
3.065410833333333358e+04
3.070054166666666424e+04
3.045600000000000000e+04
3.074670833333333576e+04
3.093503333333333285e+04
3.070720833333333212e+04
3.040425000000000000e+04
3.081127500000000146e+04
3.054103333333333285e+04
3.059630833333333430e+04
3.058950000000000000e+04
3.075824166666666861e+04
3.074924166666666861e+04
3.096000000000000000e+04
3.119819166666666570e+04
3.128152499999999782e+04
3.125849166666666861e+04
3.162995833333333576e+04
3.147355000000000291e+04
3.170304166666666788e+04
3.168250000000000000e+04
3.163630833333333430e+04
3.177670000000000073e+04
3.159655000000000291e+04
3.149082499999999709e+04
3.130381666666666570e+04
3.134199166666666861e+04
3.093130833333333430e+04
3.078200000000000000e+04
3.076575000000000000e+04
3.058180000000000291e+04
3.070455000000000291e+04
3.077780833333333430e+04
3.089476666666666642e+04
3.101556666666666570e+04
3.121104999999999927e+04
3.145656666666666570e+04
3.141423333333333358e+04
3.156404166666666788e+04
3.151127500000000146e+04
3.146702500000000146e+04
3.117856666666666570e+04
3.076810833333333358e+04
3.019632499999999709e+04
2.957831666666666570e+04
2.931290000000000146e+04
2.852963333333333139e+04
2.803554166666666424e+04
2.727549166666666861e+04
2.705351666666666642e+04
2.684625000000000000e+04
2.683226666666666642e+04
2.704604999999999927e+04
2.775554166666666424e+04
2.829350833333333139e+04
2.892858333333333212e+04
2.951705833333333430e+04
3.023234999999999854e+04
3.108227500000000146e+04
3.151221666666666715e+04
3.180552500000000146e+04
3.186082499999999709e+04
3.200429166666666788e+04
3.236454166666666424e+04
3.242024166666666861e+04
3.296580833333333430e+04
3.290217500000000291e+04
3.293905833333333430e+04
3.281900000000000000e+04
3.269356666666666570e+04
3.242549166666666861e+04
3.255775000000000000e+04
3.208674166666666861e+04
3.189805833333333430e+04
3.169657500000000073e+04
3.188478333333333285e+04
3.159055000000000291e+04
3.154928333333333285e+04
3.151305833333333430e+04
3.128880833333333430e+04
3.137180833333333430e+04
3.153370833333333576e+04
3.177250000000000000e+04
3.172284999999999854e+04
3.196808333333333576e+04
3.204302500000000146e+04
3.258284999999999854e+04
3.264925833333333139e+04
3.277977499999999418e+04
3.300978333333333285e+04
3.301323333333333721e+04
3.309822499999999854e+04
3.313622499999999854e+04
3.323688333333333139e+04
3.322556666666666570e+04
3.329406666666666570e+04
3.321629166666666424e+04
3.312508333333333576e+04
3.302501666666666279e+04
3.292125000000000000e+04
3.311431666666666570e+04
3.335730833333333430e+04
3.299803333333333285e+04
3.340722499999999854e+04
3.341630000000000291e+04
3.351648333333333721e+04
3.349230000000000291e+04
3.329858333333332848e+04
3.308897499999999854e+04
3.323779166666667152e+04
3.314422499999999854e+04
3.260912500000000000e+04
3.281255000000000291e+04
3.252102500000000146e+04
3.249752500000000146e+04
3.229206666666666570e+04
3.236796666666666715e+04
3.202478333333333285e+04
3.204656666666666570e+04
3.206833333333333576e+04
3.199844166666666570e+04
3.200754999999999927e+04
3.196628333333333285e+04
3.178280833333333430e+04
3.169883333333333212e+04
3.188951666666666279e+04
3.201810833333333358e+04
3.207347500000000218e+04
3.187155000000000291e+04
3.170975833333333139e+04
3.164055000000000291e+04
3.138100833333333139e+04
3.100773333333333358e+04
3.087849166666666861e+04
3.081437500000000000e+04
3.018222499999999854e+04
2.999850000000000000e+04
2.953151666666666642e+04
2.933945833333333576e+04
2.927183333333333212e+04
2.903303333333333285e+04
2.930925000000000000e+04
2.933991666666666788e+04
2.956354166666666424e+04
3.021750000000000000e+04
3.067776666666666642e+04
3.087226666666666642e+04
3.134721666666666715e+04
3.173827500000000146e+04
3.187225000000000000e+04
3.178505833333333430e+04
3.193125833333333139e+04
3.208507499999999709e+04
3.183850833333333139e+04
3.164050000000000000e+04
3.141054999999999927e+04
3.151670000000000073e+04
3.122059999999999854e+04
3.108109166666666715e+04
3.083481666666666570e+04
3.079418333333333430e+04
3.081632500000000073e+04
3.087050833333333139e+04
3.067323333333333358e+04
3.079753333333333285e+04
3.066904999999999927e+04
3.085322499999999854e+04
3.093309166666666715e+04
3.100875000000000000e+04
3.110522499999999854e+04
3.132659999999999854e+04
3.119501666666666642e+04
3.133871666666666715e+04
3.097155833333333430e+04
3.109034999999999854e+04
3.122258333333333576e+04
3.147878333333333285e+04
3.130500833333333139e+04
3.118175833333333139e+04
3.130254999999999927e+04
3.137550000000000000e+04
3.123959166666666715e+04
3.109232499999999709e+04
3.118973333333333358e+04
3.125232499999999709e+04
3.131503333333333285e+04
3.138082499999999709e+04
3.138906666666666570e+04
3.166506666666666570e+04
3.183500833333333139e+04
3.188229166666666424e+04
3.183809999999999854e+04
3.197100000000000000e+04
3.132827500000000146e+04
3.096454999999999927e+04
3.060905000000000291e+04
3.020225000000000000e+04
2.929971666666666715e+04
2.896572499999999854e+04
2.872121666666666715e+04
2.840728333333333285e+04
2.836173333333333358e+04
2.843306666666666570e+04
2.837534999999999854e+04
2.875077500000000146e+04
2.904130833333333430e+04
2.921033333333333212e+04
2.942432499999999709e+04
2.954504999999999927e+04
2.998579999999999927e+04
3.023609166666666715e+04
3.070129166666666424e+04
3.081826666666666642e+04
3.093904166666666424e+04
3.130104166666666424e+04
3.102807500000000073e+04
3.100707499999999709e+04
3.078302500000000146e+04
3.059451666666666642e+04
3.039580833333333430e+04
3.047979166666666424e+04
3.043251666666666642e+04
3.052505833333333430e+04
3.095804166666666424e+04
3.119929166666666424e+04
3.161396666666666715e+04
3.155245833333333576e+04
3.177174166666666497e+04
3.181055000000000291e+04
3.194156666666666570e+04
3.166330833333333430e+04
3.117752500000000146e+04
3.117679166666666788e+04
3.083622499999999854e+04
3.063754166666666424e+04
3.034751666666666642e+04
3.032625833333333139e+04
2.992832499999999709e+04
2.995804166666666424e+04
2.956532500000000073e+04
2.965002500000000146e+04
2.964275833333333139e+04
2.970982500000000073e+04
2.946209166666666715e+04
2.984628333333333285e+04
3.029132499999999709e+04
3.048673333333333358e+04
3.103805833333333430e+04
3.146454999999999927e+04
3.136802500000000146e+04
3.127949166666666497e+04
3.099954999999999927e+04
3.113648333333332994e+04
3.072452500000000146e+04
3.090668333333333430e+04
3.074755833333333430e+04
3.088698333333333721e+04
3.102625833333333139e+04
3.102800833333333139e+04
3.097775833333333503e+04
3.144050833333333503e+04
3.193012500000000000e+04
3.189502499999999782e+04
3.174954166666666424e+04
3.176834166666666715e+04
3.155474166666666861e+04
3.120226666666666642e+04
3.090898333333333358e+04
3.089879999999999927e+04
3.068102500000000146e+04
3.068475833333333503e+04
3.030700000000000000e+04
3.001007500000000073e+04
3.003705833333333430e+04
3.015799166666666861e+04
3.042174166666666861e+04
3.058603333333333285e+04
3.099104166666666424e+04
3.109851666666666642e+04
3.145629166666666788e+04
3.158409166666666715e+04
3.163304999999999927e+04
3.163409166666666715e+04
3.162900833333333503e+04
3.143076666666666642e+04
3.068809166666666715e+04
3.020230000000000291e+04
2.999032500000000073e+04
2.997925833333333503e+04
2.968821666666666715e+04
2.947402500000000146e+04
2.935435833333333358e+04
2.893779166666666788e+04
2.888729166666666424e+04
2.872947499999999854e+04
2.840171666666666715e+04
2.829455833333333430e+04
2.811380833333333430e+04
2.795133333333333576e+04
2.801254166666666424e+04
2.833025833333333139e+04
2.852781666666666570e+04
2.899153333333333285e+04
2.928710833333333358e+04
2.950211666666666861e+04
2.976232499999999709e+04
2.989035833333333358e+04
3.018758333333333212e+04
3.005572499999999854e+04
3.024228333333333285e+04
2.987033333333333212e+04
2.975420000000000073e+04
2.981825833333333139e+04
2.954154166666666424e+04
2.951155833333333430e+04
2.939227500000000146e+04
2.914931666666666570e+04
2.923878333333333285e+04
2.936329999999999927e+04
2.925620833333333576e+04
2.945600000000000000e+04
2.970074166666666861e+04
2.986900833333333139e+04
3.005754999999999927e+04
3.001701666666666642e+04
3.017731666666666570e+04
3.029622499999999854e+04
3.036399166666666861e+04
3.047500000000000000e+04
3.058696666666666715e+04
3.049004999999999927e+04
3.047856666666666570e+04
3.030979166666666424e+04
3.057148333333333358e+04
3.027353333333333285e+04
3.023080833333333430e+04
2.997573333333333358e+04
2.986450833333333139e+04
2.982226666666666642e+04
2.971125000000000000e+04
2.966158333333333212e+04
2.957660833333332994e+04
2.935526666666666642e+04
2.903760833333333358e+04
2.866981666666666570e+04
2.864250833333333139e+04
2.873579166666666424e+04
2.864878333333333285e+04
2.860982499999999709e+04
2.890006666666666570e+04
2.887578333333333285e+04
2.929473333333333358e+04
2.930450833333333139e+04
2.949463333333333139e+04
2.955379999999999927e+04
2.947754166666666424e+04
2.914499166666666861e+04
2.869802500000000146e+04
2.823131666666666570e+04
2.812330833333333430e+04
2.788353333333333285e+04
2.783506666666666570e+04
2.755058333333333212e+04
2.760240000000000146e+04
2.771853333333333285e+04
2.775602500000000146e+04
2.798131666666666570e+04
2.830177500000000146e+04
2.824377500000000146e+04
2.852104166666666424e+04
2.844326666666666642e+04
2.853284166666666715e+04
2.877707499999999709e+04
2.864104999999999927e+04
2.831856666666666570e+04
2.843226666666666642e+04
2.831852500000000146e+04
2.812452500000000146e+04
2.813852500000000146e+04
2.805579166666666424e+04
2.806278333333333285e+04
2.777409166666666715e+04
2.753205833333333430e+04
2.756979166666666424e+04
2.768150833333333139e+04
2.716879999999999927e+04
2.686549166666666861e+04
2.683912500000000000e+04
2.664744166666666570e+04
2.627830833333333430e+04
2.596280833333333430e+04
2.632781666666666570e+04
2.669250000000000000e+04
2.685854166666666424e+04
2.672852500000000146e+04
2.713384999999999854e+04
2.743733333333333212e+04
2.758023333333333358e+04
2.763654166666666424e+04
2.773298333333333358e+04
2.781486666666666861e+04
2.808575833333333139e+04
2.772674166666666861e+04
2.763006666666666570e+04
2.769735833333333358e+04
2.737895833333333576e+04
2.755254999999999927e+04
2.750979166666666424e+04
2.767274166666666861e+04
2.768258333333333212e+04
2.741428333333333285e+04
2.725426666666666642e+04
2.718277500000000146e+04
2.733779999999999927e+04
2.743127500000000146e+04
2.744681666666666570e+04
2.763721666666666715e+04
2.787879999999999927e+04
2.795775833333333139e+04
2.783870833333333576e+04
2.773525000000000000e+04
2.786184999999999854e+04
2.731058333333333212e+04
2.670779166666666424e+04
2.614529166666666424e+04
2.593080833333333430e+04
2.594904999999999927e+04
2.579326666666666642e+04
2.599106666666666570e+04
2.643954999999999927e+04
2.662175000000000000e+04
2.695843333333333430e+04
2.688706666666666570e+04
2.715059166666666715e+04
2.739580833333333430e+04
2.760582499999999709e+04
2.759404999999999927e+04
2.769254166666666424e+04
2.783102500000000146e+04
2.784904999999999927e+04
2.751550000000000000e+04
2.731201666666666642e+04
2.696498333333333358e+04
2.627957500000000073e+04
2.575425833333333139e+04
2.546552500000000146e+04
2.503198333333333358e+04
2.484830833333333430e+04
2.471925000000000000e+04
2.472546666666666715e+04
2.500727500000000146e+04
2.499850833333333139e+04
2.491446666666666715e+04
2.493150000000000000e+04
2.505808333333333576e+04
2.518030833333333430e+04
2.501019166666666570e+04
2.503409999999999854e+04
2.519604999999999927e+04
2.534832499999999709e+04
2.542954999999999927e+04
2.596602500000000146e+04
2.625951666666666642e+04
2.640945833333333576e+04
2.675501666666666642e+04
2.702797499999999854e+04
2.709730833333333430e+04
2.714300000000000000e+04
2.734278333333333285e+04
2.745549166666666861e+04
2.731627500000000146e+04
2.689229166666666424e+04
2.654178333333333285e+04
2.637199166666666861e+04
2.624304166666666424e+04
2.598800000000000000e+04
2.564183333333333212e+04
2.560475000000000000e+04
2.558977500000000146e+04
2.542403333333333285e+04
2.556226666666666642e+04
2.585926666666666642e+04
2.637779999999999927e+04
2.680302500000000146e+04
2.697827500000000146e+04
2.720100000000000000e+04
2.708729999999999927e+04
2.733428333333333285e+04
2.716450000000000000e+04
2.686728333333333285e+04
2.669277500000000146e+04
2.626829999999999927e+04
2.586754166666666424e+04
2.566678333333333285e+04
2.541578333333333285e+04
2.496829166666666424e+04
2.472084999999999854e+04
2.450079166666666424e+04
2.435229999999999927e+04
2.436379999999999927e+04
2.439945833333333576e+04
2.468176666666666642e+04
2.463398333333333358e+04
2.456426666666666642e+04
2.445529999999999927e+04
2.385072499999999854e+04
2.341752500000000146e+04
2.328281666666666570e+04
2.300170833333333576e+04
2.261151666666666642e+04
2.236108333333333212e+04
2.227451666666666642e+04
2.246945000000000073e+04
2.270378333333333285e+04
2.276182499999999709e+04
2.274933333333333212e+04
2.350045833333333576e+04
2.427724166666666861e+04
2.443370833333333576e+04
2.440457499999999709e+04
2.451700000000000000e+04
2.496692500000000291e+04
2.500079999999999927e+04
2.492052500000000146e+04
2.485625000000000000e+04
2.501182500000000073e+04
2.489900000000000000e+04
2.473177500000000146e+04
2.451029999999999927e+04
2.415302500000000146e+04
2.388975833333333139e+04
2.330998333333333358e+04
2.261976666666666642e+04
2.213351666666666642e+04
2.214810833333333358e+04
2.176232499999999709e+04
2.186580833333333430e+04
2.188978333333333285e+04
2.230779999999999927e+04
2.238398333333333358e+04
2.275325000000000000e+04
2.309549166666666861e+04
2.351529999999999927e+04
2.345102500000000146e+04
2.323907499999999709e+04
2.280004999999999927e+04
2.237825833333333139e+04
2.210824166666666861e+04
2.199830833333333430e+04
2.195324166666666861e+04
2.179654999999999927e+04
2.159977500000000146e+04
2.138407500000000073e+04
2.130762500000000000e+04
2.068431666666666570e+04
2.047523333333333358e+04
1.974804166666666424e+04
1.880149166666666861e+04
1.810400000000000000e+04
1.785300000000000000e+04
1.777479999999999927e+04
1.756778333333333285e+04
1.753723333333333358e+04
1.808102500000000146e+04
1.883800000000000000e+04
1.938779999999999927e+04
1.974456666666666570e+04
2.026929166666666424e+04
2.045584166666666715e+04
2.052281666666666570e+04
2.049579999999999927e+04
2.007945000000000073e+04
1.979121666666666715e+04
1.943055833333333430e+04
1.930582499999999709e+04
1.915052500000000146e+04
1.938500833333333139e+04
1.972126666666666642e+04
1.989399166666666861e+04
2.038079166666666424e+04
2.092477500000000146e+04
2.084303333333333285e+04
2.095334999999999854e+04
2.109225833333333139e+04
2.089573333333333358e+04
2.064475833333333139e+04
2.046528333333333285e+04
2.013250000000000000e+04
1.994549166666666861e+04
1.958279166666666424e+04
1.925200833333333139e+04
1.877220833333333576e+04
1.853901666666666642e+04
1.843879999999999927e+04
1.820355833333333430e+04
1.841810833333333358e+04
1.853220833333333576e+04
1.841025833333333139e+04
1.863454166666666424e+04
1.888997499999999854e+04
1.922196666666666715e+04
1.947729999999999927e+04
1.919142500000000291e+04
1.881656666666666570e+04
1.835255833333333430e+04
1.784659166666666715e+04
1.717324166666666861e+04
1.667202500000000146e+04
1.655449166666666861e+04
1.633079166666666788e+04
1.623178333333333285e+04
1.640104166666666424e+04
1.675252500000000146e+04
1.708321666666666715e+04
1.738725000000000000e+04
1.764978333333333285e+04
1.772334999999999854e+04
1.764282499999999709e+04
1.754953333333333285e+04
1.729280833333333430e+04
1.715533333333333212e+04
1.706629166666666424e+04
1.691522499999999854e+04
1.659427500000000146e+04
1.623855833333333248e+04
1.596754999999999927e+04
1.545826666666666642e+04
1.508051666666666642e+04
1.470129166666666606e+04
1.435156666666666752e+04
1.452507500000000073e+04
1.446204166666666788e+04
1.416078333333333285e+04
1.403352499999999964e+04
1.447577499999999964e+04
1.437852499999999964e+04
1.383325833333333321e+04
1.313785833333333358e+04
1.273753333333333285e+04
1.260057500000000073e+04
1.252523333333333358e+04
1.239601666666666642e+04
1.277898333333333358e+04
1.378021666666666715e+04
1.450257500000000073e+04
1.489306666666666570e+04
1.542476666666666642e+04
1.617875000000000000e+04
1.663954999999999927e+04
1.656554999999999927e+04
1.643279166666666788e+04
1.605584166666666715e+04
1.588954999999999927e+04
1.546081666666666570e+04
1.531323333333333358e+04
1.507000000000000000e+04
1.493430833333333430e+04
1.476781666666666570e+04
1.473580833333333430e+04
1.492455833333333430e+04
1.493851666666666642e+04
1.499127499999999964e+04
1.500702500000000146e+04
1.505700000000000000e+04
1.526448333333333358e+04
1.541411666666666679e+04
1.545154166666666788e+04
1.556952499999999964e+04
1.568395000000000073e+04
1.544127500000000146e+04
1.530304166666666788e+04
1.525179999999999927e+04
1.488806666666666570e+04
1.473230833333333430e+04
1.436799166666666679e+04
1.436900833333333321e+04
1.434065833333333285e+04
1.438704166666666788e+04
1.468501666666666642e+04
1.506900000000000000e+04
1.519973333333333358e+04
1.539374166666666679e+04
1.560178333333333285e+04
1.575604166666666606e+04
1.566200000000000000e+04
1.554750833333333321e+04
1.524826666666666642e+04
1.503504999999999927e+04
1.485749166666666679e+04
1.455498333333333358e+04
1.439854999999999927e+04
1.454128333333333285e+04
1.444554999999999927e+04
1.441451666666666642e+04
1.441880833333333430e+04
1.440781666666666752e+04
1.446497499999999854e+04
1.450655833333333430e+04
1.474286666666666679e+04
1.487785000000000036e+04
1.479827499999999964e+04
1.472150833333333321e+04
1.475181666666666570e+04
1.490308333333333394e+04
1.485562500000000000e+04
1.463802499999999964e+04
1.452125833333333321e+04
1.412022500000000036e+04
1.381127499999999964e+04
1.356828333333333285e+04
1.338327499999999964e+04
1.338782500000000073e+04
1.347504166666666606e+04
1.353887500000000000e+04
1.339101666666666642e+04
1.334508333333333394e+04
1.346852499999999964e+04
1.346575833333333503e+04
1.350906666666666570e+04
1.377863333333333321e+04
1.355078333333333285e+04
1.352776666666666642e+04
1.352350000000000000e+04
1.346249166666666497e+04
1.360954166666666606e+04
1.369731666666666570e+04
1.373353333333333285e+04
1.380160000000000036e+04
1.389025833333333321e+04
1.393030833333333430e+04
1.400376666666666642e+04
1.404105833333333430e+04
1.388155833333333248e+04
1.345450000000000000e+04
1.323426666666666642e+04
1.327501666666666642e+04
1.319630833333333430e+04
1.319799166666666679e+04
1.303028333333333285e+04
1.253777499999999964e+04
1.201699166666666497e+04
1.197106666666666570e+04
1.177757500000000073e+04
1.177627499999999964e+04
1.173812500000000000e+04
1.181033333333333394e+04
1.171474166666666679e+04
1.166181666666666752e+04
1.163704999999999927e+04
1.175475000000000000e+04
1.205502499999999964e+04
1.222981666666666570e+04
1.216799166666666497e+04
1.211378333333333285e+04
1.212379166666666788e+04
1.201776666666666642e+04
1.170783333333333212e+04
1.146250000000000000e+04
1.136073333333333358e+04
1.115229999999999927e+04
1.112721666666666715e+04
1.103499166666666679e+04
1.070008333333333212e+04
1.047875833333333321e+04
1.040321666666666715e+04
1.056323333333333358e+04
1.066253333333333285e+04
1.059580833333333430e+04
1.052058333333333394e+04
1.033127499999999964e+04
1.032826666666666642e+04
1.044953333333333285e+04
1.044229999999999927e+04
1.047935833333333358e+04
1.067324166666666497e+04
1.058133333333333394e+04
1.052057500000000073e+04
1.045830833333333430e+04
1.056102500000000146e+04
1.070577499999999964e+04
1.063652500000000146e+04
1.062105833333333430e+04
1.046925833333333321e+04
1.060433333333333394e+04
1.058728333333333285e+04
1.048852499999999964e+04
1.024027499999999964e+04
1.010730833333333430e+04
9.953766666666666424e+03
9.868549999999999272e+03
9.760299999999999272e+03
9.847241666666666788e+03
9.796558333333334303e+03
9.830558333333334303e+03
9.771008333333333212e+03
9.916566666666665697e+03
9.985224999999998545e+03
1.007854999999999927e+04
1.017072500000000036e+04
1.013751666666666642e+04
9.937758333333333212e+03
9.792308333333334303e+03
9.978291666666667879e+03
9.930008333333333212e+03
9.872533333333332848e+03
9.850750000000000000e+03
9.740316666666665697e+03
9.596266666666666424e+03
9.280583333333333940e+03
9.367058333333334303e+03
9.389774999999999636e+03
9.482266666666666424e+03
9.664033333333332848e+03
9.510508333333333212e+03
9.518066666666665697e+03
9.393291666666666060e+03
9.313825000000000728e+03
9.313533333333332848e+03
9.591766666666666424e+03
9.503075000000000728e+03
9.325741666666666788e+03
9.248758333333333212e+03
9.187349999999998545e+03
8.846475000000000364e+03
8.560750000000000000e+03
8.502308333333334303e+03
8.334825000000000728e+03
8.311491666666666788e+03
8.196783333333332848e+03
8.135758333333333212e+03
8.127216666666667152e+03
8.122299999999999272e+03
8.010066666666666606e+03
8.219750000000000000e+03
8.175600000000000364e+03
8.040774999999999636e+03
8.016841666666666242e+03
7.931208333333333940e+03
7.720750000000000000e+03
7.427033333333333758e+03
7.288524999999999636e+03
7.203741666666666788e+03
7.327250000000000000e+03
7.313091666666667152e+03
7.335758333333333212e+03
7.262783333333332848e+03
7.101533333333332848e+03
7.124983333333333576e+03
7.220258333333333212e+03
7.424233333333333576e+03
7.554049999999999272e+03
7.462058333333333394e+03
7.333275000000000546e+03
7.222066666666666606e+03
7.187716666666667152e+03
7.170008333333333212e+03
7.285733333333333576e+03
7.423291666666666970e+03
7.507058333333332484e+03
7.505774999999999636e+03
7.355008333333333212e+03
7.185241666666666788e+03
7.004283333333333758e+03
6.908000000000000000e+03
6.763266666666666424e+03
6.670050000000000182e+03
6.529058333333333394e+03
6.330524999999999636e+03
6.288558333333333394e+03
6.020750000000000000e+03
5.950533333333332848e+03
5.998299999999999272e+03
6.090566666666666606e+03
6.075291666666666060e+03
6.101558333333333394e+03
5.997574999999999818e+03
6.019683333333332484e+03
5.931274999999999636e+03
5.698300000000000182e+03
5.780050000000000182e+03
5.699541666666666060e+03
5.654541666666666060e+03
5.617808333333333394e+03
5.490266666666666424e+03
5.440033333333332848e+03
5.395933333333333394e+03
5.055541666666666970e+03
5.050316666666666606e+03
5.069100000000000364e+03
5.134250000000000000e+03
5.157024999999999636e+03
5.046199999999999818e+03
5.030024999999999636e+03
5.034783333333332848e+03
5.001283333333332848e+03
5.091299999999999272e+03
5.198250000000000000e+03
5.242558333333333394e+03
5.286075000000000728e+03
5.182783333333332848e+03
5.274216666666666242e+03
5.243741666666666788e+03
5.132783333333332848e+03
5.044225000000000364e+03
4.956708333333333030e+03
4.913291666666666970e+03
4.955016666666666424e+03
4.952274999999999636e+03
4.845841666666667152e+03
4.799208333333333030e+03
4.795524999999999636e+03
4.677283333333332848e+03
4.644766666666666424e+03
4.724266666666666424e+03
4.730225000000000364e+03
4.667208333333333940e+03
4.635016666666666424e+03
4.491233333333333576e+03
4.571008333333333212e+03
4.498258333333333212e+03
4.631758333333333212e+03
4.570600000000000364e+03
4.589274999999999636e+03
4.585300000000000182e+03
4.437016666666666424e+03
4.411041666666666970e+03
4.413091666666667152e+03
4.427024999999999636e+03
4.369258333333333212e+03
4.276058333333333394e+03
4.182083333333333030e+03
4.102250000000000000e+03
4.038733333333333121e+03
3.991000000000000000e+03
3.976500000000000000e+03
3.984766666666666879e+03
3.925516666666666424e+03
3.823550000000000182e+03
3.769724999999999909e+03
3.834466666666666697e+03
3.862250000000000000e+03
3.836191666666666606e+03
3.784008333333333212e+03
3.728525000000000091e+03
3.600550000000000182e+03
3.475941666666666606e+03
3.501599999999999909e+03
3.458725000000000364e+03
3.420300000000000182e+03
3.411449999999999818e+03
3.274208333333333030e+03
3.218041666666666970e+03
3.226041666666666970e+03
3.192533333333333758e+03
3.197191666666666606e+03
3.198016666666666879e+03
3.192758333333333212e+03
3.238458333333333030e+03
3.227475000000000364e+03
3.194016666666666424e+03
3.108474999999999909e+03
3.184016666666666424e+03
3.131300000000000182e+03
3.024533333333333303e+03
2.928483333333333576e+03
2.880791666666666970e+03
2.862741666666666788e+03
2.731458333333333485e+03
2.812408333333333303e+03
2.780725000000000364e+03
2.710333333333333485e+03
2.711541666666666970e+03
2.676508333333333212e+03
2.679308333333333394e+03
2.639550000000000182e+03
2.681850000000000364e+03
2.656741666666666788e+03
2.735000000000000000e+03
2.648816666666666606e+03
2.661691666666666606e+03
2.631516666666666879e+03
2.626766666666666424e+03
2.622000000000000000e+03
2.561475000000000364e+03
2.517758333333333212e+03
2.494041666666666970e+03
2.441958333333333485e+03
2.434500000000000000e+03
2.401841666666666697e+03
2.313524999999999636e+03
2.342216666666666697e+03
2.282483333333333121e+03
2.239224999999999909e+03
2.159550000000000182e+03
2.146224999999999909e+03
2.058099999999999909e+03
2.027983333333333348e+03
2.099250000000000000e+03
2.109608333333333576e+03
2.085458333333333485e+03
2.041991666666666788e+03
2.089991666666666788e+03
2.099066666666666606e+03
2.114474999999999909e+03
2.125283333333333303e+03
2.087500000000000000e+03
1.995425000000000182e+03
1.964483333333333121e+03
1.914500000000000000e+03
1.924800000000000182e+03
1.878791666666666515e+03
1.787483333333333348e+03
1.750258333333333212e+03
1.739541666666666742e+03
1.717766666666666879e+03
1.680166666666666515e+03
1.694700000000000045e+03
1.649283333333333303e+03
1.607541666666666515e+03
1.571525000000000091e+03
1.599933333333333394e+03
1.628558333333333394e+03
1.634808333333333394e+03
1.609066666666666606e+03
1.570458333333333485e+03
1.579541666666666515e+03
1.510275000000000091e+03
1.537558333333333394e+03
1.502441666666666606e+03
1.500716666666666697e+03
1.477000000000000000e+03
1.478258333333333212e+03
1.443233333333333348e+03
1.376591666666666697e+03
1.358474999999999909e+03
1.364049999999999955e+03
1.348291666666666515e+03
1.388966666666666697e+03
1.368508333333333212e+03
1.337516666666666652e+03
1.327708333333333485e+03
1.294283333333333303e+03
1.324683333333333394e+03
1.267958333333333485e+03
1.201224999999999909e+03
1.171533333333333303e+03
1.167516666666666652e+03
1.139775000000000091e+03
1.152816666666666606e+03
1.135000000000000000e+03
1.143933333333333394e+03
1.126491666666666788e+03
1.170483333333333348e+03
1.148233333333333348e+03
1.108991666666666788e+03
1.096016666666666652e+03
1.094241666666666788e+03
1.084233333333333348e+03
1.078766666666666652e+03
1.046474999999999909e+03
1.006500000000000000e+03
9.612333333333333485e+02
9.092666666666666515e+02
8.982000000000000455e+02
9.503083333333332803e+02
9.681916666666667197e+02
9.175583333333332803e+02
9.302749999999999773e+02
8.849666666666666970e+02
8.759166666666667425e+02
8.621749999999999545e+02
8.830249999999999773e+02
8.392583333333333258e+02
8.522583333333333258e+02
8.310583333333332803e+02
8.362083333333333712e+02
8.354750000000000227e+02
8.490833333333333712e+02
8.305166666666666515e+02
8.363083333333333940e+02
8.266833333333333940e+02
8.167583333333333258e+02
8.218333333333332575e+02
8.020666666666666060e+02
7.627333333333333485e+02
7.787416666666666742e+02
