1.081351250000000073e+04
1.092375333333333401e+04
1.097575166666666701e+04
1.107574916666666650e+04
1.110825833333333321e+04
1.097125249999999869e+04
1.097475333333333401e+04
1.108500416666666570e+04
1.130900500000000102e+04
1.131801083333333372e+04
1.126150833333333321e+04
1.131450583333333270e+04
1.135951166666666722e+04
1.139650333333333401e+04
1.147950500000000102e+04
1.158625166666666701e+04
1.153050749999999971e+04
1.176000500000000102e+04
1.176499583333333430e+04
1.193450333333333401e+04
1.188449916666666650e+04
1.182100500000000102e+04
1.199150333333333401e+04
1.203550416666666570e+04
1.191675666666666802e+04
1.213724833333333299e+04
1.220875333333333401e+04
1.224175833333333321e+04
1.235950583333333270e+04
1.243000583333333270e+04
1.230375000000000000e+04
1.236725333333333401e+04
1.243975166666666701e+04
1.262799666666666599e+04
1.273924416666666730e+04
1.263175083333333350e+04
1.267525916666666672e+04
1.272975666666666802e+04
1.297075333333333401e+04
1.294075083333333168e+04
1.293824750000000131e+04
1.324650000000000000e+04
1.332600833333333321e+04
1.321375416666666570e+04
1.350925916666666672e+04
1.339900500000000102e+04
1.334999499999999898e+04
1.344451083333333372e+04
1.338850333333333401e+04
1.333750000000000000e+04
1.331975583333333270e+04
1.332549666666666599e+04
1.320600416666666570e+04
1.317550250000000051e+04
1.321349583333333430e+04
1.343100583333333270e+04
1.325550666666666621e+04
1.336550000000000000e+04
1.343675666666666621e+04
1.343250416666666570e+04
1.350949916666666650e+04
1.367000250000000051e+04
1.359775999999999840e+04
1.358999833333333299e+04
1.348125000000000000e+04
1.339925166666666701e+04
1.354100500000000102e+04
1.356275416666666570e+04
1.382475916666666672e+04
1.371075749999999971e+04
1.378475416666666570e+04
1.402700916666666672e+04
1.399424916666666650e+04
1.387500250000000051e+04
1.408100833333333321e+04
1.429375833333333321e+04
1.424350833333333321e+04
1.439675083333333350e+04
1.435896749999999884e+04
1.440975166666666701e+04
1.445725250000000051e+04
1.468650833333333321e+04
1.461475166666666701e+04
1.456625833333333321e+04
1.457650500000000102e+04
1.482375333333333401e+04
1.476649833333333299e+04
1.461450000000000000e+04
1.452675583333333270e+04
1.469499666666666599e+04
1.478125166666666701e+04
1.474975083333333350e+04
1.460399916666666650e+04
1.461024916666666650e+04
1.462450249999999869e+04
1.456875416666666570e+04
1.456000500000000102e+04
1.461050333333333401e+04
1.443900083333333350e+04
1.435324749999999949e+04
1.447775416666666570e+04
1.421200000000000000e+04
1.414024749999999949e+04
1.407300000000000000e+04
1.407400416666666570e+04
1.383225666666666802e+04
1.381349916666666650e+04
1.398950833333333321e+04
1.369600416666666570e+04
1.366900749999999971e+04
1.366100666666666621e+04
1.358425083333333350e+04
1.351999916666666650e+04
1.376800166666666701e+04
1.389700333333333401e+04
1.429900833333333321e+04
1.435750333333333401e+04
1.446275166666666701e+04
1.453950500000000102e+04
1.447025583333333270e+04
1.447475499999999920e+04
1.420724583333333430e+04
1.408850166666666701e+04
1.376650666666666802e+04
1.318300416666666570e+04
1.258649416666666730e+04
1.177800833333333321e+04
1.126625166666666701e+04
1.089424916666666832e+04
1.111424666666666599e+04
1.161700499999999920e+04
1.200800166666666701e+04
1.262849833333333299e+04
1.344975333333333401e+04
1.425950499999999920e+04
1.518601166666666541e+04
1.609900999999999840e+04
1.694550749999999971e+04
1.763550416666666570e+04
1.850300000000000000e+04
1.863575249999999869e+04
1.878450083333333168e+04
1.869025416666666570e+04
1.895925666666666802e+04
1.879175000000000000e+04
1.899300583333333270e+04
1.914625500000000102e+04
1.916450583333333634e+04
1.928125333333333401e+04
1.912849749999999767e+04
1.933900416666666570e+04
1.947574749999999767e+04
1.914925500000000102e+04
1.939425666666666802e+04
1.924975583333333634e+04
1.952500583333333634e+04
1.939124749999999767e+04
1.940324416666666366e+04
1.950350583333333270e+04
1.943825166666666701e+04
1.987325749999999971e+04
1.994950333333333401e+04
2.016774000000000160e+04
2.019225583333333634e+04
2.046575333333333401e+04
2.035775583333333634e+04
2.026750166666666701e+04
2.025475333333333401e+04
2.054775250000000233e+04
2.050899416666666366e+04
2.072600583333333634e+04
2.075724833333333299e+04
2.097174916666666832e+04
2.096525083333333168e+04
2.105100333333333401e+04
2.091400833333333139e+04
2.122949166666666497e+04
2.134450666666666802e+04
2.134550833333333139e+04
2.120175749999999971e+04
2.123851000000000204e+04
2.127349833333333299e+04
2.142300749999999971e+04
2.171550749999999971e+04
2.167701750000000175e+04
2.165300500000000102e+04
2.167400000000000000e+04
2.186625499999999738e+04
2.183924916666666832e+04
2.173924250000000029e+04
2.197750916666666672e+04
2.193325333333333401e+04
2.212650166666666701e+04
2.233350333333333401e+04
2.234550916666666672e+04
2.245100583333333634e+04
2.257350583333333634e+04
2.240500250000000233e+04
2.240850250000000233e+04
2.272450083333333168e+04
2.272275416666666570e+04
2.280675583333333634e+04
2.272950333333333401e+04
2.277325166666666701e+04
2.313200749999999971e+04
2.297875666666666802e+04
2.302775000000000000e+04
2.320775083333333168e+04
2.325249916666666832e+04
2.328400500000000102e+04
2.351725749999999971e+04
2.356775416666666570e+04
2.377375416666666570e+04
2.364150666666666802e+04
2.374450833333333139e+04
2.356450083333333168e+04
2.366525583333333634e+04
2.372201249999999709e+04
2.373650333333333401e+04
2.382649916666666832e+04
2.390300333333333401e+04
2.411525083333333168e+04
2.413424833333333299e+04
2.401400833333333139e+04
2.413425333333333401e+04
2.432825916666666672e+04
2.449800000000000000e+04
2.443299500000000262e+04
2.452099500000000262e+04
2.451500250000000233e+04
2.442400666666666802e+04
2.480700833333333139e+04
2.470624749999999767e+04
2.453175416666666570e+04
2.476451416666666773e+04
2.477975000000000000e+04
2.477475166666666701e+04
2.488450333333333401e+04
2.480875499999999738e+04
2.497372083333333285e+04
2.504850416666666570e+04
2.534200416666666570e+04
2.526550499999999738e+04
2.540625916666666672e+04
2.546750000000000000e+04
2.547700499999999738e+04
2.557425916666666672e+04
2.575700333333333401e+04
2.571800583333333634e+04
2.585299666666666599e+04
2.593325250000000233e+04
2.594100416666666570e+04
2.605175500000000102e+04
2.605250833333333139e+04
2.617874916666666832e+04
2.607500416666666570e+04
2.616200416666666570e+04
2.620901000000000204e+04
2.624875166666666701e+04
2.615324833333333299e+04
2.615850250000000233e+04
2.592400833333333139e+04
2.617526000000000204e+04
2.639125416666666570e+04
2.643625916666666672e+04
2.653675083333333168e+04
2.623100666666666802e+04
2.659474749999999767e+04
2.670400416666666570e+04
2.708550000000000000e+04
2.704675250000000233e+04
2.717500083333333168e+04
2.726150583333333270e+04
2.722124583333333430e+04
2.731650583333333634e+04
2.745500166666666701e+04
2.742975749999999971e+04
2.740325416666666570e+04
2.731975500000000102e+04
2.762400166666666701e+04
2.773624666666666599e+04
2.787675749999999971e+04
2.787875083333333168e+04
2.812350083333333168e+04
2.805025833333333139e+04
2.819225083333333168e+04
2.840825666666666802e+04
2.864550500000000102e+04
2.861725666666666802e+04
2.864225333333333401e+04
2.856375666666666802e+04
2.866300499999999738e+04
2.870399833333333299e+04
2.850725500000000102e+04
2.836700916666666672e+04
2.876825000000000000e+04
2.876950333333333401e+04
2.899100166666666701e+04
2.876450000000000000e+04
2.901049666666666599e+04
2.889800249999999869e+04
2.906725416666666570e+04
2.919725749999999971e+04
2.938400749999999971e+04
2.932600666666666802e+04
2.928900500000000102e+04
2.928750749999999971e+04
2.915800416666666570e+04
2.951275166666666701e+04
2.959100333333333401e+04
2.963674916666666832e+04
2.976475416666666570e+04
2.956876000000000204e+04
2.991100000000000000e+04
3.008200666666666802e+04
3.025050250000000233e+04
3.044126000000000204e+04
3.045600166666666701e+04
3.054750000000000000e+04
3.055350500000000102e+04
3.029450000000000000e+04
3.054223333333333358e+04
3.074225166666666337e+04
3.051650083333333168e+04
3.055126166666666541e+04
3.079074833333333299e+04
3.079400583333333634e+04
3.090575000000000000e+04
3.086650333333333401e+04
3.088876000000000204e+04
3.085599916666666832e+04
3.066775333333333401e+04
3.103901083333333372e+04
3.083249916666666832e+04
3.115550249999999869e+04
3.132600250000000233e+04
3.133400333333333401e+04
3.151550666666666802e+04
3.127201749999999811e+04
3.159150416666666570e+04
3.170175083333333168e+04
3.207600749999999971e+04
3.191425166666666701e+04
3.249074750000000131e+04
3.208850000000000000e+04
3.243299749999999767e+04
3.276000166666666337e+04
3.251724333333333198e+04
3.251899916666666468e+04
3.248625000000000000e+04
3.260975416666666570e+04
3.243525583333332906e+04
3.267625000000000000e+04
3.277775499999999738e+04
3.251525000000000000e+04
3.278950166666666337e+04
3.287975250000000233e+04
3.289025333333333401e+04
3.272625416666666570e+04
3.284825333333333401e+04
3.316550749999999971e+04
3.306474666666666599e+04
3.295325416666666570e+04
3.320100000000000000e+04
3.303125583333333634e+04
3.306375333333333401e+04
3.296925500000000466e+04
3.311075416666666570e+04
3.316175749999999971e+04
3.304925416666666570e+04
3.305125250000000233e+04
3.307475250000000233e+04
3.347225666666666802e+04
3.322500499999999738e+04
3.337976000000000204e+04
3.378926083333333372e+04
3.402800000000000000e+04
3.410225749999999971e+04
3.407450583333333634e+04
3.388874583333333430e+04
3.377775583333333634e+04
3.379775166666666337e+04
3.362374749999999767e+04
3.379225500000000466e+04
3.338500250000000233e+04
3.329725083333333168e+04
3.312575666666666802e+04
3.289475916666667035e+04
3.248575416666666570e+04
3.173874916666666832e+04
3.030375333333333401e+04
2.943000833333333139e+04
2.876850583333333634e+04
2.823275666666666802e+04
2.814450749999999971e+04
2.827350583333333634e+04
2.799625583333333634e+04
2.833175500000000102e+04
2.861850666666666802e+04
2.927601249999999709e+04
3.031950250000000233e+04
3.139950250000000233e+04
3.265950166666666701e+04
3.335749749999999767e+04
3.357650666666666802e+04
3.420950666666666802e+04
3.411375583333332906e+04
3.452200083333333168e+04
3.456900583333332906e+04
3.478550583333333634e+04
3.498075916666667035e+04
3.527375749999999971e+04
3.532150833333333139e+04
3.540901166666667268e+04
3.554625583333332906e+04
3.590275250000000233e+04
3.585174833333333663e+04
3.610075166666666337e+04
3.650950333333333401e+04
3.639425250000000233e+04
3.620575416666666570e+04
3.630100583333332906e+04
3.646775166666666337e+04
3.636949916666666832e+04
3.666500583333332906e+04
3.660500333333333401e+04
3.648201750000000175e+04
3.685975666666666802e+04
3.653950500000000466e+04
3.637600749999999971e+04
3.643674916666666832e+04
3.634250250000000233e+04
3.610975333333332674e+04
3.609650250000000233e+04
3.642251000000000204e+04
3.626224749999999767e+04
3.628025916666667035e+04
3.644450333333332674e+04
3.691025749999999971e+04
3.723575333333333401e+04
3.748574416666667094e+04
3.782675749999999971e+04
3.775700583333332906e+04
3.804525333333333401e+04
3.781100583333332906e+04
3.785851249999999709e+04
3.752075416666666570e+04
3.729525749999999971e+04
3.703525833333333139e+04
3.660476083333333372e+04
3.633150000000000000e+04
3.601250416666666570e+04
3.619925416666666570e+04
3.615575166666666337e+04
3.620724916666666832e+04
3.645099916666666104e+04
3.681900666666666802e+04
3.696951166666666541e+04
3.741050166666666337e+04
3.787101333333333605e+04
3.812325500000000466e+04
3.829900250000000233e+04
3.811949666666666599e+04
3.868725833333333139e+04
3.834525833333333139e+04
3.816925916666667035e+04
3.842625166666666337e+04
3.821149749999999767e+04
3.840625666666666802e+04
3.823075333333333401e+04
3.859400166666666337e+04
3.865799583333333430e+04
3.856125749999999971e+04
3.913874916666666832e+04
3.908375749999999971e+04
3.868400250000000233e+04
3.892775666666666802e+04
3.873475000000000000e+04
3.911049916666666832e+04
3.921025416666666570e+04
3.909300416666666570e+04
3.932625499999999738e+04
3.934350166666666337e+04
3.930950333333333401e+04
3.965400666666666802e+04
3.967050083333333168e+04
3.972625083333333896e+04
4.018224916666666832e+04
4.015650166666666337e+04
4.012225416666666570e+04
3.989550333333332674e+04
4.057050666666666802e+04
4.050725416666666570e+04
4.044875666666666802e+04
4.071126000000000204e+04
4.064225000000000000e+04
4.077750583333332906e+04
4.105925000000000000e+04
4.107625749999999971e+04
4.125475583333332906e+04
4.107799749999999767e+04
4.097950500000000466e+04
4.073576249999999709e+04
4.089424833333333663e+04
4.089974916666666832e+04
4.091400166666666337e+04
4.127725083333333896e+04
4.139699916666666832e+04
4.137000166666666337e+04
4.135351166666667268e+04
4.146700416666666570e+04
4.158675583333332906e+04
4.135874083333332965e+04
4.144849833333333663e+04
4.145049749999999767e+04
4.133100333333333401e+04
4.114925250000000233e+04
4.113250583333332906e+04
4.095175333333333401e+04
4.108250499999999738e+04
4.083300166666666337e+04
4.108475666666666802e+04
4.113925666666666802e+04
4.106225333333333401e+04
4.139025916666667035e+04
4.127950583333332906e+04
4.161225583333332906e+04
4.143025416666666570e+04
4.131150500000000466e+04
4.127149666666667326e+04
4.159275749999999971e+04
4.169550666666666802e+04
4.171674916666666104e+04
4.192199666666666599e+04
4.176975416666666570e+04
4.145900666666666802e+04
4.175149749999999767e+04
4.199574666666666599e+04
4.219475916666667035e+04
4.247900083333333168e+04
4.274724916666666104e+04
4.288799583333333430e+04
4.303749833333333663e+04
4.284650250000000233e+04
4.273550166666666337e+04
4.330624250000000029e+04
4.316775083333333896e+04
4.332851083333333372e+04
4.325850000000000000e+04
4.334250166666666337e+04
4.324600333333333401e+04
4.358426333333333605e+04
4.368550416666666570e+04
4.334200083333333896e+04
4.363775166666666337e+04
4.389375250000000233e+04
4.357975250000000233e+04
4.359325666666666802e+04
4.356050333333333401e+04
4.365925000000000000e+04
4.312925250000000233e+04
4.347975749999999971e+04
4.315975749999999971e+04
4.296800083333333168e+04
4.306225250000000233e+04
4.316400666666666802e+04
4.303675416666666570e+04
4.307426000000000204e+04
4.342925166666666337e+04
4.336925749999999971e+04
4.374325583333332906e+04
4.390650000000000000e+04
4.386274499999999534e+04
4.395374166666666861e+04
4.400725749999999971e+04
4.391000749999999971e+04
4.408924749999999767e+04
4.399825250000000233e+04
4.407750833333333139e+04
4.413100000000000000e+04
4.372049749999999767e+04
4.387775166666666337e+04
4.345375416666666570e+04
4.344275083333333896e+04
4.375000833333333139e+04
4.398576000000000204e+04
4.371350333333332674e+04
4.390550583333332906e+04
4.391800250000000233e+04
4.395200583333332906e+04
4.418750416666666570e+04
4.440450916666667035e+04
4.424925583333332906e+04
4.463425166666666337e+04
4.458825583333332906e+04
4.445200833333333139e+04
4.425725166666666337e+04
4.390350916666667035e+04
4.372125083333333168e+04
4.378275999999999476e+04
4.314900333333333401e+04
4.323000666666666802e+04
4.272350583333332906e+04
4.293950583333332906e+04
4.316650250000000233e+04
4.329550166666666337e+04
4.316350916666667035e+04
4.365250916666667035e+04
4.405525250000000233e+04
4.382025333333333401e+04
4.389976083333333372e+04
4.373750666666666802e+04
4.362375000000000000e+04
4.344975583333332906e+04
4.315400583333332906e+04
4.292424749999999767e+04
4.323850499999999738e+04
4.319100000000000000e+04
4.313401166666666541e+04
4.282126249999999709e+04
4.286074583333333430e+04
4.320975416666666570e+04
4.330949833333333663e+04
4.375925500000000466e+04
4.385500000000000000e+04
4.423825250000000233e+04
4.444574499999999534e+04
4.440949916666666832e+04
4.414700416666666570e+04
4.371324416666667094e+04
4.330125250000000233e+04
4.292900416666666570e+04
4.276475083333333168e+04
4.268974833333333663e+04
4.237050416666666570e+04
4.264525333333333401e+04
4.277900083333333896e+04
4.320425499999999738e+04
4.348900083333333168e+04
4.419274833333333663e+04
4.455975999999999476e+04
4.493800083333333896e+04
4.541175666666666802e+04
4.605475250000000233e+04
4.608125166666666337e+04
4.609500083333333896e+04
4.611675583333332906e+04
4.576174749999999767e+04
4.596475583333332906e+04
4.565925166666666337e+04
4.535200166666666337e+04
4.527550166666666337e+04
4.516125500000000466e+04
4.471175833333333139e+04
4.500425416666666570e+04
4.488250333333333401e+04
4.502600416666666570e+04
4.535300250000000233e+04
4.489625000000000000e+04
4.503050333333333401e+04
4.533425416666666570e+04
4.538850500000000466e+04
4.505425583333332906e+04
4.582875999999999476e+04
4.591025333333332674e+04
4.611974833333333663e+04
4.612100000000000000e+04
4.629300333333332674e+04
4.613700833333333139e+04
4.657450166666666337e+04
4.634350166666666337e+04
4.630625916666667035e+04
4.663499833333333663e+04
4.662675416666666570e+04
4.662168750000000000e+04
4.676350666666666802e+04
4.681325999999999476e+04
4.704024916666666104e+04
4.703900333333333401e+04
4.713100166666666337e+04
4.726925499999999738e+04
4.764350916666667035e+04
4.755974833333333663e+04
4.822475083333333168e+04
4.722275416666666570e+04
4.764550250000000233e+04
4.732550583333332906e+04
4.753525666666666802e+04
4.721575749999999971e+04
4.794849833333333663e+04
4.798299916666666832e+04
4.847675333333333401e+04
4.846075500000000466e+04
4.889075250000000233e+04
4.886674666666666599e+04
4.902125416666666570e+04
4.896200416666666570e+04
4.908600416666666570e+04
4.876800999999999476e+04
4.901550416666666570e+04
4.931775500000000466e+04
4.911750583333332906e+04
4.876275416666666570e+04
4.881075333333333401e+04
4.843925083333333168e+04
4.873774749999999767e+04
4.850525749999999971e+04
4.852725916666667035e+04
4.836650500000000466e+04
4.827350499999999738e+04
4.855325166666666337e+04
4.858724333333333198e+04
4.887075583333332906e+04
4.879674916666666832e+04
4.942675583333332906e+04
4.929725666666666802e+04
4.931924749999999767e+04
4.892475333333333401e+04
4.914875250000000233e+04
4.924350833333333139e+04
4.870650500000000466e+04
4.846400000000000000e+04
4.816000833333333139e+04
4.812974666666666599e+04
4.784350166666666337e+04
4.812975583333332906e+04
4.755725250000000233e+04
4.727050916666667035e+04
4.684750000000000000e+04
4.668500666666666802e+04
4.635000666666666802e+04
4.673850250000000233e+04
4.676500250000000233e+04
4.735625000000000000e+04
4.727025083333333168e+04
4.718200000000000000e+04
4.710350166666666337e+04
4.783375333333332674e+04
4.835849749999999767e+04
4.881500166666666337e+04
4.895000749999999971e+04
4.873400916666667035e+04
4.900425500000000466e+04
4.914650166666666337e+04
4.897925500000000466e+04
4.892350416666666570e+04
4.907949833333333663e+04
4.893175666666666802e+04
4.858675666666666802e+04
4.813475833333333139e+04
4.775425083333333168e+04
4.817675083333333168e+04
4.798675666666666802e+04
4.807650583333332906e+04
4.773699833333333663e+04
4.855425999999999476e+04
4.828350500000000466e+04
4.853249749999999767e+04
4.856975250000000233e+04
4.897500666666666802e+04
4.933249500000000262e+04
4.926749833333333663e+04
4.900550166666666337e+04
4.910575083333333896e+04
4.925675416666666570e+04
4.888450083333333168e+04
4.902775749999999971e+04
4.914375666666666802e+04
4.906275000000000000e+04
4.927299499999999534e+04
4.977825833333333139e+04
4.931000583333332906e+04
4.978600999999999476e+04
4.993700333333333401e+04
5.008449916666666104e+04
4.990025499999999738e+04
4.990224916666666104e+04
4.959625250000000233e+04
4.922225583333332906e+04
4.904175583333332906e+04
4.907875000000000000e+04
4.933125333333333401e+04
4.955450583333332906e+04
4.933222833333333256e+04
4.925775583333332906e+04
4.972400583333332906e+04
4.962924916666666832e+04
5.012375250000000233e+04
5.016420999999999913e+04
5.011424499999999534e+04
4.997250250000000233e+04
5.019600833333333139e+04
5.032250416666666570e+04
5.020675083333333896e+04
5.024150250000000233e+04
5.004424749999999767e+04
4.990625666666666802e+04
5.016674666666667326e+04
5.006524916666666104e+04
5.057325000000000000e+04
5.054000666666666802e+04
5.054400583333332906e+04
5.081275250000000233e+04
5.086000166666666337e+04
5.086999250000000029e+04
5.103075250000000233e+04
5.151350166666666337e+04
5.124249916666666832e+04
5.100500000000000000e+04
5.110650333333333401e+04
5.106125166666666337e+04
5.119475000000000000e+04
5.124425333333333401e+04
5.085650333333332674e+04
5.080000250000000233e+04
5.123974666666666599e+04
5.083775250000000233e+04
5.089700333333332674e+04
5.050925416666666570e+04
5.085099916666666832e+04
5.119150166666666337e+04
5.099799500000000262e+04
5.102724916666666104e+04
5.105375416666666570e+04
5.118200583333332906e+04
5.115850583333332906e+04
5.128250166666666337e+04
5.132324749999999767e+04
5.123750916666667035e+04
5.120000250000000233e+04
5.129200000000000000e+04
5.129824749999999767e+04
5.133426249999999709e+04
5.142449583333333430e+04
5.144200250000000233e+04
5.149674666666666599e+04
5.164899916666666832e+04
5.136400583333332906e+04
5.116975583333332906e+04
5.128875333333333401e+04
5.119225666666666802e+04
5.129625083333333168e+04
5.095325416666666570e+04
5.090199916666666832e+04
5.036475833333333139e+04
5.047100083333333896e+04
4.987800000000000000e+04
5.005925000000000000e+04
4.981175416666666570e+04
4.982050583333332906e+04
4.959475250000000233e+04
4.985250333333333401e+04
4.990225499999999738e+04
5.017651083333333372e+04
5.011150166666666337e+04
5.034000999999999476e+04
5.024475583333332906e+04
5.026600250000000233e+04
5.018225499999999738e+04
5.028725500000000466e+04
5.055626166666666541e+04
5.050599833333333663e+04
5.081250583333332906e+04
5.065450000000000000e+04
5.071149916666666832e+04
5.067300083333333896e+04
5.134950416666666570e+04
5.161975833333333139e+04
5.124100250000000233e+04
5.151901083333333372e+04
5.171450666666666802e+04
5.168300916666667035e+04
5.168749749999999767e+04
5.126275583333332906e+04
5.169775000000000000e+04
5.162625083333333168e+04
5.141900666666666802e+04
5.173125083333333896e+04
5.140175749999999971e+04
5.151500333333333401e+04
5.155875166666666337e+04
5.124475083333333896e+04
5.155424666666666599e+04
5.135575416666666570e+04
5.144875333333333401e+04
5.191825666666666802e+04
5.203850333333333401e+04
5.213275333333333401e+04
5.205750000000000000e+04
5.215025250000000233e+04
5.196475666666666802e+04
5.229175000000000000e+04
5.265499833333333663e+04
5.274925083333333168e+04
5.283250166666666337e+04
5.272900916666667035e+04
5.267375666666666802e+04
5.254475250000000233e+04
5.246075000000000000e+04
5.256849833333333663e+04
5.294100833333333139e+04
5.257249499999999534e+04
5.247024833333333663e+04
5.221575666666666802e+04
5.217600083333333896e+04
5.206150333333332674e+04
5.193350250000000233e+04
5.219475583333332906e+04
5.215475000000000000e+04
5.187400083333333168e+04
5.174825583333332906e+04
5.171100666666666802e+04
5.176300500000000466e+04
5.192649500000000262e+04
5.228800583333332906e+04
5.269200583333332906e+04
5.255600416666666570e+04
5.261500000000000000e+04
5.286800666666666802e+04
5.266525749999999971e+04
5.296950666666666802e+04
5.281075583333332906e+04
5.310125583333333634e+04
5.297275250000000233e+04
5.276750499999999738e+04
5.255900000000000000e+04
5.268075250000000233e+04
5.252901166666666541e+04
5.252725583333332906e+04
5.237525083333333896e+04
5.259974916666666832e+04
5.281100250000000233e+04
5.250875416666666570e+04
5.245350583333332906e+04
5.227175833333333139e+04
5.265125833333333139e+04
5.266525416666666570e+04
5.267050416666666570e+04
5.260150250000000233e+04
5.267575916666667035e+04
5.244350666666666802e+04
5.281076000000000204e+04
5.306050333333332674e+04
5.310199333333333198e+04
5.274450749999999971e+04
5.276550499999999738e+04
5.230975583333332906e+04
5.192226666666666279e+04
5.073300166666666337e+04
5.024549916666666832e+04
4.989150916666667035e+04
4.943949916666666832e+04
4.817074749999999767e+04
4.734100749999999971e+04
4.673850583333332906e+04
4.701025749999999971e+04
4.766800416666666570e+04
4.796001083333333372e+04
4.855100333333332674e+04
4.942800333333332674e+04
4.982175166666666337e+04
5.069375666666666802e+04
5.128000166666666337e+04
5.282324916666666832e+04
5.370675583333332906e+04
5.403225083333333896e+04
5.418700749999999971e+04
5.470325666666666802e+04
5.468451249999999709e+04
5.464575999999999476e+04
5.480150166666666337e+04
5.502725416666666570e+04
5.459975416666666570e+04
5.534249416666667094e+04
5.488974583333333430e+04
5.503050500000000466e+04
5.467100666666666802e+04
5.477150583333332906e+04
5.452350833333333139e+04
5.426350500000000466e+04
5.423800666666666802e+04
5.385300666666666802e+04
5.387925000000000000e+04
5.419925500000000466e+04
5.407800166666666337e+04
5.401000333333333401e+04
5.402025250000000233e+04
5.437675500000000466e+04
5.443400833333333139e+04
5.457275583333332906e+04
5.489975749999999971e+04
5.528600333333332674e+04
5.562175583333332906e+04
5.571874666666667326e+04
5.568800666666666802e+04
5.594400583333333634e+04
5.597450833333333139e+04
5.575899916666666832e+04
5.554750833333333139e+04
5.596075499999999738e+04
5.579650916666667035e+04
5.568601000000000204e+04
5.568075166666666337e+04
5.592475083333333168e+04
5.552625749999999971e+04
5.579100250000000233e+04
5.581150500000000466e+04
5.590374833333333663e+04
5.586400083333333168e+04
5.572725166666666337e+04
5.573851000000000204e+04
5.581124833333333663e+04
5.567749833333333663e+04
5.575750166666666337e+04
5.542725749999999971e+04
5.533400083333333896e+04
5.523950166666666337e+04
5.516275083333333896e+04
5.502625416666666570e+04
5.481075333333332674e+04
5.459700333333332674e+04
5.454475333333332674e+04
5.443075916666667035e+04
5.455200500000000466e+04
5.446250416666666570e+04
5.433700916666667035e+04
5.437674749999999767e+04
5.431775083333333896e+04
5.435950500000000466e+04
5.401100166666666337e+04
5.432250166666666337e+04
5.409775083333333168e+04
5.406875166666666337e+04
5.390900333333333401e+04
5.383175416666666570e+04
5.353000666666666802e+04
5.358100583333332906e+04
5.361875166666666337e+04
5.321999916666666832e+04
5.303850416666666570e+04
5.243850250000000233e+04
5.233251166666667268e+04
5.231675583333332906e+04
5.251099583333333430e+04
5.234300250000000233e+04
5.229000499999999738e+04
5.254675833333333139e+04
5.244325166666666337e+04
5.249725666666666802e+04
5.291075333333333401e+04
5.301550083333333168e+04
5.320225250000000233e+04
5.354875250000000233e+04
5.377124916666666104e+04
5.371075500000000466e+04
5.354700749999999971e+04
5.383800083333333896e+04
5.338100583333332906e+04
5.326949833333333663e+04
5.358725083333333896e+04
5.347650500000000466e+04
5.349675499999999738e+04
5.341549666666666599e+04
5.304625250000000233e+04
5.271624833333333663e+04
5.238574833333333663e+04
5.231425499999999738e+04
5.267775333333332674e+04
5.275900749999999971e+04
5.278650083333333896e+04
5.284650166666666337e+04
5.262900666666666802e+04
5.273475416666666570e+04
5.292750999999999476e+04
5.308599916666666832e+04
5.366525416666666570e+04
5.367500583333332906e+04
5.360525499999999738e+04
5.390624666666666599e+04
5.397201000000000204e+04
5.428800000000000000e+04
5.385975833333333139e+04
5.374575999999999476e+04
5.413925583333332906e+04
5.402850583333332906e+04
5.418274833333333663e+04
5.397900749999999971e+04
5.420600749999999971e+04
5.415200833333333139e+04
5.446225166666666337e+04
5.424650749999999971e+04
5.424600083333333168e+04
5.416100166666666337e+04
5.417075250000000233e+04
5.439850749999999971e+04
5.426175666666666802e+04
5.426950000000000000e+04
5.406999833333333663e+04
5.399400500000000466e+04
5.308375250000000233e+04
5.282200416666666570e+04
5.251351000000000204e+04
5.222325666666666802e+04
5.184300749999999971e+04
5.156475666666666802e+04
5.147575416666666570e+04
5.138175416666666570e+04
5.152450833333333139e+04
5.140851000000000204e+04
5.175450500000000466e+04
5.199675416666666570e+04
5.254300166666666337e+04
5.286174916666666832e+04
5.311450083333333168e+04
5.315124916666666832e+04
5.325925083333333168e+04
5.330500000000000000e+04
5.291625000000000000e+04
5.302300916666667035e+04
5.272225749999999971e+04
5.288125583333332906e+04
5.262650166666666337e+04
5.241825166666666337e+04
5.224775083333333168e+04
5.205775666666666802e+04
5.220275166666666337e+04
5.222125749999999971e+04
5.261450333333333401e+04
5.289651083333333372e+04
5.299350833333333139e+04
5.321800083333333168e+04
5.365449749999999767e+04
5.375025499999999738e+04
5.397700250000000233e+04
5.409275000000000000e+04
5.420150749999999971e+04
5.387700416666666570e+04
5.369950416666666570e+04
5.383700749999999971e+04
5.374426666666666279e+04
5.342100916666667035e+04
5.305600083333333168e+04
5.283775333333333401e+04
5.247375250000000233e+04
5.246775500000000466e+04
5.218574916666666104e+04
5.227375583333332906e+04
5.210550083333333168e+04
5.219550333333332674e+04
5.249225000000000000e+04
5.275875250000000233e+04
5.294425500000000466e+04
5.336875333333333401e+04
5.366400083333333896e+04
5.385775250000000233e+04
5.394200333333333401e+04
5.390425333333332674e+04
5.431350583333332906e+04
5.394800833333333139e+04
5.404725583333332906e+04
5.412125500000000466e+04
5.355175333333333401e+04
5.351700416666666570e+04
5.360425833333333139e+04
5.385000999999999476e+04
5.408276000000000204e+04
5.404425083333333896e+04
5.412901166666667268e+04
5.431350833333333139e+04
5.458150083333333168e+04
5.447275416666666570e+04
5.419599833333333663e+04
5.445700166666666337e+04
5.458525916666667035e+04
5.435950250000000233e+04
5.425850583333332906e+04
5.379900166666666337e+04
5.343275500000000466e+04
5.298275250000000233e+04
5.321525333333333401e+04
5.361600583333332906e+04
5.356049666666666599e+04
5.371775166666666337e+04
5.404275500000000466e+04
5.390925166666666337e+04
5.439674749999999767e+04
5.448425250000000233e+04
5.483225583333332906e+04
5.494524833333333663e+04
5.476300166666666337e+04
5.428425583333332906e+04
5.395900583333332906e+04
5.362774833333333663e+04
5.338875333333333401e+04
5.327425083333333168e+04
5.285975000000000000e+04
5.269751333333333605e+04
5.253350833333333139e+04
5.235925333333333401e+04
5.251774749999999767e+04
5.192575333333333401e+04
5.185275166666666337e+04
5.179625916666667035e+04
5.152150583333332906e+04
5.160300833333333139e+04
5.195525916666667035e+04
5.220876249999999709e+04
5.218050083333333896e+04
5.255100166666666337e+04
5.303950500000000466e+04
5.350199916666666104e+04
5.361775166666666337e+04
5.374225250000000233e+04
5.346925250000000233e+04
5.354325500000000466e+04
5.315024583333333430e+04
5.276025583333332906e+04
5.291876416666666773e+04
5.285100500000000466e+04
5.297525166666666337e+04
5.271775333333333401e+04
5.256525250000000233e+04
5.294925333333333401e+04
5.324700333333333401e+04
5.327351000000000204e+04
5.349250333333333401e+04
5.342225583333332906e+04
5.370300250000000233e+04
5.373200416666666570e+04
5.382250916666667035e+04
5.427425416666666570e+04
5.427425000000000000e+04
5.424100916666667035e+04
5.423575250000000233e+04
5.438700250000000233e+04
5.420025916666667035e+04
5.406100583333332906e+04
5.433075749999999971e+04
5.434850416666666570e+04
5.415401333333333605e+04
5.441100166666666337e+04
5.391475166666666337e+04
5.449500166666666337e+04
5.386275499999999738e+04
5.347750416666666570e+04
5.367925666666666802e+04
5.404875166666666337e+04
5.401475250000000233e+04
5.322971666666666715e+04
5.295550416666666570e+04
5.264500499999999738e+04
5.254600166666666337e+04
5.267976000000000204e+04
5.295749666666666599e+04
5.278950833333333139e+04
5.301350416666666570e+04
5.310975666666666802e+04
5.311225666666666802e+04
5.344821666666666715e+04
5.382050833333333139e+04
5.369525166666666337e+04
5.373350083333333168e+04
5.382250333333333401e+04
5.334025000000000000e+04
5.325050500000000466e+04
5.318900666666666802e+04
5.293550583333332906e+04
5.273025000000000000e+04
5.273950500000000466e+04
5.221875416666666570e+04
5.241550416666666570e+04
5.261975416666666570e+04
5.278175749999999971e+04
5.271250250000000233e+04
5.253175250000000233e+04
5.252375083333333168e+04
5.248175666666666802e+04
5.277625416666666570e+04
5.282900250000000233e+04
5.254125666666666802e+04
5.245874916666666832e+04
5.252900333333333401e+04
5.236000666666666802e+04
5.237025333333333401e+04
5.229175333333333401e+04
5.253126166666666541e+04
5.205349666666667326e+04
5.205649583333333430e+04
5.179601499999999942e+04
5.151975750000000698e+04
5.118700083333333168e+04
5.078925499999999738e+04
5.056174583333333430e+04
5.046975250000000233e+04
5.018175250000000233e+04
5.017450166666666337e+04
5.018250583333332906e+04
5.042750250000000233e+04
5.059274916666666832e+04
5.064600250000000233e+04
5.082725333333333401e+04
5.095249749999999767e+04
5.082750749999999971e+04
5.083300250000000233e+04
5.123376249999999709e+04
5.109599833333333663e+04
5.113875333333333401e+04
5.121625250000000233e+04
5.067871333333333314e+04
5.053325416666666570e+04
5.038575749999999971e+04
5.049275333333332674e+04
5.101001249999999709e+04
5.136075333333333401e+04
5.082800250000000233e+04
5.047425083333333168e+04
4.985975666666666802e+04
5.004226499999999942e+04
5.041575000000000000e+04
5.070550333333332674e+04
5.088325166666666337e+04
5.087649833333333663e+04
5.067175083333333168e+04
5.045275416666666570e+04
5.019399916666666104e+04
5.041875416666666570e+04
5.060100083333333168e+04
5.031650083333333168e+04
5.012675166666666337e+04
4.956300166666666337e+04
4.911475500000000466e+04
4.933750666666666802e+04
4.902699749999999767e+04
4.887950166666666337e+04
4.866625083333333896e+04
4.869550583333333634e+04
4.897874749999999767e+04
4.902100000000000000e+04
4.906450333333332674e+04
4.937000250000000233e+04
4.943951166666667268e+04
4.939325166666666337e+04
4.900475416666666570e+04
4.902625000000000000e+04
4.897700749999999971e+04
4.882200416666666570e+04
4.864700583333332906e+04
4.866725499999999738e+04
4.785574749999999767e+04
4.712725333333332674e+04
4.655900083333333168e+04
4.683474666666667326e+04
4.656125500000000466e+04
4.656325083333333168e+04
4.651200833333333139e+04
4.628474666666666599e+04
4.622200666666666802e+04
4.667400583333332906e+04
4.643650916666667035e+04
4.702725749999999971e+04
4.716075333333332674e+04
4.713949833333333663e+04
4.720875416666666570e+04
4.736325916666667035e+04
4.734825749999999971e+04
4.792075583333332906e+04
4.795825250000000233e+04
4.795825499999999738e+04
4.826125833333333139e+04
4.811225416666666570e+04
4.833225583333332906e+04
4.822700333333333401e+04
4.848250666666666802e+04
4.860149749999999767e+04
4.842726083333333372e+04
4.833700583333332906e+04
4.787825083333333896e+04
4.739000916666667035e+04
4.692625499999999738e+04
4.659750250000000233e+04
4.652175833333333139e+04
4.607925666666666802e+04
4.610025333333333401e+04
4.599200749999999971e+04
4.544424916666666104e+04
4.567600500000000466e+04
4.636375583333332906e+04
4.677675166666666337e+04
4.736800416666666570e+04
4.785350000000000000e+04
4.801950499999999738e+04
4.812151000000000204e+04
4.861000416666666570e+04
4.864525250000000233e+04
4.814425083333333896e+04
4.816525500000000466e+04
4.765974749999999767e+04
4.722600083333333168e+04
4.687750250000000233e+04
4.679576249999999709e+04
4.664975250000000233e+04
4.612075916666667035e+04
4.535375250000000233e+04
4.530300583333332906e+04
4.512875250000000233e+04
4.560525749999999971e+04
4.540000166666666337e+04
4.534775000000000000e+04
4.543775749999999971e+04
4.544600250000000233e+04
4.481749833333333663e+04
4.453175583333332906e+04
4.409826333333333605e+04
4.413700250000000233e+04
4.374600499999999738e+04
4.311675000000000000e+04
4.266822250000000349e+04
4.267925333333333401e+04
4.275450583333332906e+04
4.285625166666666337e+04
4.286100666666666802e+04
4.365750000000000000e+04
4.413675583333332906e+04
4.481549583333333430e+04
4.503150000000000000e+04
4.527575833333333139e+04
4.556550083333333896e+04
4.575999833333333663e+04
4.581000416666666570e+04
4.555100000000000000e+04
4.563300666666666802e+04
4.595500083333333168e+04
4.566025666666666802e+04
4.558500749999999971e+04
4.527975083333333168e+04
4.464100500000000466e+04
4.398025250000000233e+04
4.359550166666666337e+04
4.322125583333333634e+04
4.310125666666666802e+04
4.299824833333333663e+04
4.306550499999999738e+04
4.318824916666666104e+04
4.337100083333333168e+04
4.352900333333333401e+04
4.361499749999999767e+04
4.407650333333332674e+04
4.423501000000000204e+04
4.393901166666666541e+04
4.329350250000000233e+04
4.293150166666666337e+04
4.255450166666666337e+04
4.238950666666666802e+04
4.206250749999999971e+04
4.157024666666666599e+04
4.112450166666666337e+04
4.074150416666666570e+04
4.024424749999999767e+04
4.013275333333333401e+04
3.937825333333332674e+04
3.874425333333332674e+04
3.828400833333333139e+04
3.727825000000000000e+04
3.647424833333333663e+04
3.601700833333333139e+04
3.596475416666666570e+04
3.602975333333333401e+04
3.602925666666666802e+04
3.689201666666666279e+04
3.776849833333333663e+04
3.805825583333332906e+04
3.859150416666666570e+04
3.905976083333333372e+04
3.952999416666667094e+04
4.006851249999999709e+04
4.043425999999999476e+04
4.063975666666666802e+04
4.030700916666667035e+04
4.019775833333333139e+04
4.010450416666666570e+04
4.005426333333333605e+04
3.999950749999999971e+04
3.993350749999999971e+04
4.006975250000000233e+04
4.017250749999999971e+04
4.031500666666666802e+04
4.008497333333333518e+04
4.002275749999999971e+04
3.980925000000000000e+04
3.917875083333333168e+04
3.901475833333333139e+04
3.896600250000000233e+04
3.848825666666666802e+04
3.798200666666666802e+04
3.692974666666667326e+04
3.650349833333333663e+04
3.623200083333333168e+04
3.629150666666666802e+04
3.641325166666666337e+04
3.682700250000000233e+04
3.689499666666667326e+04
3.686725333333332674e+04
3.629025583333332906e+04
3.682650416666666570e+04
3.708775749999999971e+04
3.757624500000000262e+04
3.766900416666666570e+04
3.747450416666666570e+04
3.712224916666666832e+04
3.678575416666666570e+04
3.624276166666667268e+04
3.573725666666666802e+04
3.550999749999999767e+04
3.561875416666666570e+04
3.566651083333333372e+04
3.536425083333333168e+04
3.512175500000000466e+04
3.483175916666667035e+04
3.477800250000000233e+04
3.483425250000000233e+04
3.477526333333333605e+04
3.491700416666666570e+04
3.475200833333333139e+04
3.441900083333333168e+04
3.420401166666666541e+04
3.380500333333333401e+04
3.350750583333332906e+04
3.305400083333333168e+04
3.249076083333333372e+04
3.147300749999999971e+04
3.047400749999999971e+04
3.017374583333333430e+04
3.045295333333333110e+04
3.076125166666666701e+04
3.061000166666666701e+04
3.085700499999999738e+04
3.076500916666666672e+04
3.008899499999999898e+04
2.969350250000000233e+04
3.006075749999999971e+04
3.031301000000000204e+04
3.001225083333333168e+04
2.878325666666666802e+04
2.787549916666666832e+04
2.716201166666666541e+04
2.675675749999999971e+04
2.647625500000000102e+04
2.700175583333333634e+04
2.805199916666666832e+04
2.873975249999999869e+04
2.943675583333333634e+04
2.995950333333333401e+04
3.083375000000000000e+04
3.156100666666666802e+04
3.170300250000000233e+04
3.202800583333333634e+04
3.200199500000000262e+04
3.165801833333333343e+04
3.149524833333333663e+04
3.112575749999999971e+04
3.075300000000000000e+04
3.066850333333333401e+04
3.047850416666666570e+04
3.030826000000000204e+04
3.021975916666666672e+04
2.983800749999999971e+04
2.934400250000000233e+04
2.924325416666666570e+04
2.933750666666666802e+04
2.934174916666666832e+04
2.938225166666666701e+04
2.912700500000000102e+04
2.923350833333333139e+04
2.929100166666666701e+04
2.908175666666666802e+04
2.930976000000000204e+04
2.919949916666666832e+04
2.905650416666666570e+04
2.863650916666666672e+04
2.871249833333333299e+04
2.872975250000000233e+04
2.853775500000000102e+04
2.857450166666666701e+04
2.877400166666666701e+04
2.884175000000000000e+04
2.886825166666666701e+04
2.907775749999999971e+04
2.939000000000000000e+04
2.927501250000000073e+04
2.919399916666666832e+04
2.889549833333333663e+04
2.861900833333333139e+04
2.819099500000000262e+04
2.798900333333333401e+04
2.765975500000000102e+04
2.746125416666666570e+04
2.731775250000000233e+04
2.710225500000000102e+04
2.670850833333333503e+04
2.655200000000000000e+04
2.641525916666666672e+04
2.642575000000000000e+04
2.650975749999999971e+04
2.662075333333333401e+04
2.641500333333333401e+04
2.622725166666666701e+04
2.626650583333333270e+04
2.638399500000000262e+04
2.656624749999999767e+04
2.672025166666666701e+04
2.663075500000000102e+04
2.648500333333333401e+04
2.603050333333333401e+04
2.556350749999999971e+04
2.502000250000000233e+04
2.477400083333333168e+04
2.446975333333333401e+04
2.429625083333333168e+04
2.422975083333333168e+04
2.397400333333333401e+04
2.420601333333333241e+04
2.397075916666666672e+04
2.417725416666666570e+04
2.428550666666666802e+04
2.440949916666666832e+04
2.414350000000000000e+04
2.413375500000000102e+04
2.406574833333333299e+04
2.397875666666666802e+04
2.400125916666666672e+04
2.421774499999999898e+04
2.416050416666666570e+04
2.407149916666666832e+04
2.406375166666666701e+04
2.418200250000000233e+04
2.419225583333333634e+04
2.413600583333333270e+04
2.384674916666666832e+04
2.339025083333333168e+04
2.309374916666666832e+04
2.274826083333333372e+04
2.265676000000000204e+04
2.264500166666666701e+04
2.245025083333333168e+04
2.221875250000000233e+04
2.180576166666666541e+04
2.136225083333333168e+04
2.121100166666666701e+04
2.120725000000000000e+04
2.092325833333333139e+04
2.062725749999999971e+04
2.038775250000000233e+04
2.021399916666666832e+04
2.029700583333333634e+04
2.061975250000000233e+04
2.090126000000000204e+04
2.088500666666666802e+04
2.081250166666666701e+04
2.074200499999999738e+04
2.059575749999999971e+04
2.051650000000000000e+04
2.022025250000000233e+04
2.000425416666666570e+04
1.971350500000000102e+04
1.942675333333333401e+04
1.926025500000000102e+04
1.917276166666666541e+04
1.880725250000000233e+04
1.858700333333333401e+04
1.824399333333333198e+04
1.823175666666666802e+04
1.830499916666666468e+04
1.826075333333333401e+04
1.827375083333333168e+04
1.802499750000000131e+04
1.789850000000000000e+04
1.800650249999999869e+04
1.779575416666666570e+04
1.792450500000000102e+04
1.779474749999999767e+04
1.764100166666666701e+04
1.744625416666666570e+04
1.778450749999999971e+04
1.783025583333333270e+04
1.809175416666666570e+04
1.781900583333333270e+04
1.784250416666666570e+04
1.804250083333333168e+04
1.805250499999999738e+04
1.796350833333333503e+04
1.792075500000000102e+04
1.757950416666666570e+04
1.726300250000000233e+04
1.679025166666666701e+04
1.664225250000000233e+04
1.650549750000000131e+04
1.625076166666666541e+04
1.617649749999999949e+04
1.594725166666666701e+04
1.598100583333333270e+04
1.627750416666666752e+04
1.654150500000000102e+04
1.671250250000000233e+04
1.679275000000000000e+04
1.671875583333333634e+04
1.650197833333333256e+04
1.648900666666666802e+04
1.618575583333333270e+04
1.601675000000000000e+04
1.590600500000000102e+04
1.579424250000000029e+04
1.591900166666666701e+04
1.585575333333333401e+04
1.572700666666666621e+04
1.536600666666666621e+04
1.509074749999999949e+04
1.493150250000000051e+04
1.474899750000000131e+04
1.463699666666666599e+04
1.431175916666666672e+04
1.431225833333333503e+04
1.443175500000000102e+04
1.479075166666666701e+04
1.490075333333333401e+04
1.473500500000000102e+04
1.458300083333333350e+04
1.453775083333333350e+04
1.443949416666666730e+04
1.437850250000000051e+04
1.394199833333333299e+04
1.362125000000000000e+04
1.343325583333333270e+04
1.329450083333333350e+04
1.305375083333333350e+04
1.279500416666666570e+04
1.268976166666666541e+04
1.270999583333333430e+04
1.282824916666666650e+04
1.290300416666666570e+04
1.281000249999999869e+04
1.276425416666666570e+04
1.282450000000000000e+04
1.266574833333333299e+04
1.238775333333333401e+04
1.200549833333333299e+04
1.163950333333333401e+04
1.125524916666666650e+04
1.107450083333333350e+04
1.103300500000000102e+04
1.105149916666666650e+04
1.109125916666666672e+04
1.122050416666666570e+04
1.133225250000000051e+04
1.137774833333333299e+04
1.149500833333333321e+04
1.140525333333333401e+04
1.133474583333333430e+04
1.121774916666666650e+04
1.117124916666666650e+04
1.116124833333333299e+04
1.117225166666666701e+04
1.107800166666666701e+04
1.105500749999999971e+04
1.113375416666666570e+04
1.099950583333333270e+04
1.097000583333333270e+04
1.096575583333333270e+04
1.086700499999999920e+04
1.064700749999999971e+04
1.035649833333333299e+04
9.928503333333334012e+03
9.630754166666667516e+03
9.382500833333333503e+03
9.147257499999999709e+03
8.971499166666666497e+03
9.076503333333334012e+03
9.098004999999999200e+03
9.211000000000000000e+03
9.276506666666666206e+03
9.238253333333334012e+03
9.242747499999999491e+03
9.105502500000000509e+03
9.044247500000001310e+03
8.823252500000000509e+03
8.634752500000000509e+03
8.377504999999999200e+03
8.106257499999999709e+03
8.029005833333333612e+03
7.759009166666666715e+03
7.754499166666666497e+03
7.687008333333333212e+03
7.537748333333332994e+03
7.276253333333333103e+03
6.933259166666666715e+03
6.496004999999999200e+03
6.264759166666666715e+03
6.140509166666666715e+03
6.112253333333334012e+03
6.172250833333333503e+03
6.385004166666666606e+03
6.748252500000000509e+03
6.950750833333333503e+03
7.065505833333333612e+03
7.185505000000000109e+03
7.198258333333333212e+03
7.281253333333334012e+03
7.262505000000000109e+03
7.224994166666667297e+03
7.133500833333333503e+03
7.008757499999999709e+03
7.036503333333333103e+03
6.854252499999999600e+03
6.765253333333334012e+03
6.715000833333333503e+03
6.693751666666667006e+03
6.681979166666666970e+03
6.691503333333333103e+03
6.581252500000000509e+03
6.570743333333333794e+03
6.476004999999999200e+03
6.439745833333333394e+03
6.339504166666666606e+03
6.298255833333333612e+03
6.230998333333332994e+03
6.186742500000000291e+03
6.094254166666666606e+03
5.999752499999999600e+03
6.002990000000000691e+03
5.880253333333333103e+03
5.909749166666666497e+03
5.904003333333333103e+03
5.886004166666666606e+03
5.862010000000000218e+03
5.726001666666666097e+03
5.616507499999999709e+03
5.533248333333332994e+03
5.445503333333333103e+03
5.302493333333332885e+03
5.232000833333333503e+03
5.205748333333332994e+03
5.099250833333333503e+03
5.011252500000000509e+03
4.997004166666666606e+03
4.918003333333333103e+03
4.874508333333333212e+03
4.776260000000000218e+03
4.770242500000000291e+03
4.731500833333333503e+03
4.705248333333332994e+03
4.595999166666666497e+03
4.581500000000000000e+03
4.545252500000000509e+03
4.427250000000000000e+03
4.278005000000000109e+03
4.220255000000000109e+03
4.088252500000000055e+03
3.994260000000000218e+03
3.972759166666666715e+03
3.919505000000000109e+03
3.905754166666666606e+03
3.915504166666666606e+03
3.966999166666666497e+03
3.885000833333333503e+03
3.874757499999999709e+03
3.852501666666666551e+03
3.824250833333333503e+03
3.697004166666666606e+03
3.619253333333333103e+03
3.540743333333333794e+03
3.436502500000000055e+03
3.391005833333333157e+03
3.319496666666666897e+03
3.245244999999999891e+03
3.146250000000000000e+03
3.067002500000000055e+03
3.056002500000000055e+03
3.033249166666666497e+03
3.019004166666666606e+03
3.006491666666666788e+03
2.954761666666666770e+03
2.939258333333333212e+03
2.908255833333333612e+03
2.843250833333333048e+03
2.785249166666666952e+03
2.780252500000000055e+03
2.754005000000000109e+03
2.720747499999999945e+03
2.760134166666666715e+03
2.685254999999999654e+03
2.646505000000000109e+03
2.645009166666666260e+03
2.574001666666666551e+03
2.554499166666666952e+03
2.506758333333333667e+03
2.425752500000000055e+03
2.420753333333333103e+03
2.311004166666666606e+03
2.305244999999999891e+03
2.226498333333332994e+03
2.192250000000000000e+03
2.139491666666666788e+03
2.098251666666666551e+03
2.051251666666666551e+03
2.024505833333333385e+03
1.990004166666666606e+03
1.951747499999999945e+03
2.009000000000000000e+03
2.003751666666666551e+03
1.991510833333333267e+03
1.969255833333333157e+03
1.964498333333333221e+03
1.912749166666666724e+03
1.844503333333333330e+03
1.800754999999999882e+03
1.742499166666666724e+03
1.675748333333333221e+03
1.668251666666666551e+03
1.622509999999999991e+03
1.575006666666666661e+03
1.552745833333333394e+03
1.509253333333333330e+03
1.468251666666666551e+03
1.429255000000000109e+03
1.416744166666666843e+03
1.365003333333333330e+03
1.350999166666666724e+03
1.300252499999999827e+03
1.273497500000000173e+03
1.314994999999999891e+03
1.314748333333333221e+03
1.257254166666666606e+03
1.272252500000000055e+03
1.259248333333333221e+03
1.230251666666666551e+03
1.215005000000000109e+03
1.190507499999999936e+03
1.179748333333333449e+03
1.128755833333333385e+03
1.122750833333333276e+03
1.101002500000000055e+03
1.068253333333333330e+03
1.073996666666666670e+03
1.043000833333333503e+03
1.005996666666666670e+03
9.827458333333333940e+02
9.680000000000000000e+02
9.729750000000000227e+02
9.535033333333333303e+02
9.555025000000000546e+02
9.182500000000000000e+02
8.955050000000001091e+02
8.632550000000001091e+02
8.307508333333332757e+02
7.617491666666666106e+02
7.487516666666666652e+02
7.402533333333333303e+02
7.542483333333333348e+02
7.615041666666666060e+02
7.675016666666666652e+02
7.527483333333333348e+02
7.547474999999999454e+02
7.382483333333332212e+02
7.194983333333333348e+02
6.847516666666666652e+02
6.695016666666665515e+02
6.527549999999999955e+02
6.469991666666667243e+02
6.445016666666666652e+02
6.125041666666666060e+02
5.872500000000000000e+02
5.719974999999999454e+02
5.554974999999999454e+02
5.547491666666667243e+02
5.682549999999999955e+02
5.559983333333333348e+02
5.517500000000000000e+02
5.407541666666666060e+02
5.209983333333333348e+02
5.047549999999999955e+02
5.092466666666666697e+02
4.910008333333333326e+02
4.912516666666666652e+02
4.870058333333333280e+02
4.812475000000000023e+02
4.680791666666666515e+02
4.575008333333333326e+02
4.535041666666666629e+02
4.449958333333333371e+02
4.375016666666666652e+02
4.345033333333333303e+02
4.229966666666666697e+02
4.157541666666666629e+02
4.092533333333333303e+02
