8.595019862452541020e+02
8.700458258391240634e+02
8.712579060331459004e+02
8.777733998678736498e+02
8.697672605247440742e+02
8.773813827872554612e+02
8.825406181835346615e+02
8.897933202167437230e+02
8.898015228430591606e+02
8.793223478023207917e+02
8.868868705721138213e+02
8.843978762930794346e+02
8.855248211928926594e+02
8.973395931023405865e+02
8.829231642887289127e+02
8.806380809617205614e+02
8.788358083307698507e+02
8.813476369212755799e+02
8.783740144202934061e+02
8.832807593023225081e+02
8.814227563017257125e+02
8.979772882187367031e+02
8.836937539627058413e+02
9.036835124605257761e+02
8.900002403234807389e+02
8.920407153502762867e+02
8.707068908163562355e+02
8.805572642702118173e+02
8.898660595309652308e+02
8.963182497457969475e+02
8.985008856345191361e+02
9.040771500272894627e+02
9.072897379520356935e+02
9.163035037593381276e+02
9.168255553257283736e+02
9.160269075734914850e+02
9.465139832991294497e+02
9.365626894415468087e+02
9.291729687369247586e+02
9.250963408841842011e+02
9.304159816142325781e+02
9.359586854995844760e+02
9.249565441898986364e+02
9.340167040363389788e+02
9.367660622513819817e+02
9.500876166481003793e+02
9.382406454861177281e+02
9.359683871638538903e+02
9.422166608804782300e+02
9.459634421939879303e+02
9.457179349298131683e+02
9.461202373562335879e+02
9.448934722810593030e+02
9.156282409806381111e+02
9.184690463042293231e+02
9.161933921162055867e+02
9.065130814139041604e+02
9.037680693622389754e+02
9.026292486340357755e+02
9.255265005054783387e+02
9.227234051593331969e+02
9.337764833465334959e+02
9.355608799428880502e+02
9.273016958156331384e+02
9.268879582849555163e+02
9.241684371750560558e+02
9.354882608647779989e+02
9.211451910435357604e+02
9.071896877560761823e+02
9.097603066534373966e+02
9.124941197466182530e+02
9.194825672661495446e+02
9.087384945815396122e+02
9.099124781661813586e+02
9.175302297605252306e+02
9.082643899376062109e+02
9.089376791027565332e+02
9.266576628750824511e+02
9.325370876107822369e+02
9.270492034721958134e+02
9.380628253878917349e+02
9.466294167643741275e+02
9.266162139021944313e+02
9.255169304060141258e+02
9.542597394928208132e+02
9.270550318289854204e+02
9.300073774140801106e+02
9.417794245346863136e+02
9.408528099642726374e+02
9.456717806076699162e+02
9.328168348288111247e+02
9.284265442923701812e+02
9.337961032467970881e+02
9.341008278531313636e+02
9.221840261907352669e+02
9.377229582642833066e+02
9.223937630572313537e+02
9.134561149956820145e+02
9.170718943557762941e+02
9.179122253874386388e+02
9.102244632233946504e+02
9.008520761982570093e+02
9.076140936621542323e+02
8.876908977764345536e+02
8.834295894411064864e+02
8.739430670284702956e+02
8.715858217584813019e+02
8.619563885003790347e+02
8.571403836086287811e+02
8.536266419830847099e+02
8.521970205457766951e+02
8.388216751758770897e+02
8.464879844037996008e+02
8.360576025188737503e+02
8.225584404669386913e+02
8.190847630590310473e+02
8.267852842610611788e+02
8.405724397441788369e+02
8.555548314225562763e+02
8.572378127855116645e+02
8.721853068978693955e+02
8.744646319909227259e+02
8.798860828387457786e+02
8.880263409132928700e+02
8.852164531581938718e+02
8.628971446911499470e+02
8.451973526625752129e+02
8.100175535677691414e+02
7.749130543829787712e+02
7.418905176021474972e+02
6.915499658094104234e+02
6.648172475422629759e+02
6.589443461608009329e+02
6.568854650562486768e+02
6.799212885259116774e+02
7.048063651968309387e+02
7.567203696055462387e+02
8.159405146521826282e+02
8.794375569339722460e+02
9.330688164510524985e+02
9.845333296974782797e+02
1.019406716903978577e+03
1.046151440614842159e+03
1.059865167754309368e+03
1.049749294917502539e+03
1.043384959094804117e+03
1.043215077644445955e+03
1.051946730992245648e+03
1.045123226151440804e+03
1.058287784744175951e+03
1.054805267944539082e+03
1.053741325789621442e+03
1.058722352150645975e+03
1.058609237761288568e+03
1.056472176351170219e+03
1.062064272968862724e+03
1.051050489524036038e+03
1.055345496477507822e+03
1.059716991833030761e+03
1.071081746615352358e+03
1.067223049888787500e+03
1.057782943382051371e+03
1.071485802136474376e+03
1.072411651462653481e+03
1.079573581573033152e+03
1.065155084459459431e+03
1.063168618652172427e+03
1.072111861477680577e+03
1.069753086775642487e+03
1.085806772714386398e+03
1.054514951550991555e+03
1.075507967159220243e+03
1.074765356779947979e+03
1.080750991725767108e+03
1.065734855657490243e+03
1.072222447313225985e+03
1.089877655974073150e+03
1.083592745698958424e+03
1.083590687583086265e+03
1.090402313789816162e+03
1.087535849511161359e+03
1.089232865358533445e+03
1.086029977476659496e+03
1.082414417588443484e+03
1.091569586121805969e+03
1.084495247081389607e+03
1.092022245409588777e+03
1.093936282915638913e+03
1.091134234181242846e+03
1.094785984616536098e+03
1.106443139215934480e+03
1.101026184115788055e+03
1.092035691798532753e+03
1.098841071432063472e+03
1.108047301548843734e+03
1.108190624776563709e+03
1.116305140792816474e+03
1.106804352128532173e+03
1.095331627487571041e+03
1.107224113366235315e+03
1.114053177222546765e+03
1.093428895929645023e+03
1.100761687643243476e+03
1.111804600429330094e+03
1.126490860606437309e+03
1.116247405857339345e+03
1.100419576216392670e+03
1.125633230726620241e+03
1.117112057257713786e+03
1.115096498889493432e+03
1.120077802984109439e+03
1.113446363133812156e+03
1.125190864761616695e+03
1.116895095026287891e+03
1.126145926361537704e+03
1.128082928037137435e+03
1.135530018919093436e+03
1.124827520137922875e+03
1.134840369069816461e+03
1.141536200392505862e+03
1.125154609472086577e+03
1.141866582355966329e+03
1.125897515524257869e+03
1.145422273986627260e+03
1.135349439102040833e+03
1.141988697233781295e+03
1.143004977913218454e+03
1.140511116257433514e+03
1.144010815725765497e+03
1.158271853970528582e+03
1.151028426060241372e+03
1.162075434872382857e+03
1.142148943415623307e+03
1.155131476968808784e+03
1.159541031402753106e+03
1.139370984048536457e+03
1.157364554985563700e+03
1.147929374104392537e+03
1.157224427584599653e+03
1.160100051597125002e+03
1.156749983208669619e+03
1.154576002063421811e+03
1.164359885773345468e+03
1.161826845932039760e+03
1.160022913702057394e+03
1.169573762794623690e+03
1.161727732010459476e+03
1.158973556535457192e+03
1.175965321246332678e+03
1.178117725348457952e+03
1.166578178491924518e+03
1.167256307951698545e+03
1.183344882688274083e+03
1.180633028542583133e+03
1.170836217546889202e+03
1.185848983503352656e+03
1.188348323529459776e+03
1.191033503384391224e+03
1.178227468089730110e+03
1.181845791604322130e+03
1.188396975360995384e+03
1.190511770642063539e+03
1.184853191340010198e+03
1.186316682333719655e+03
1.186939108616192243e+03
1.185249792693011841e+03
1.192580028750368911e+03
1.194495773439065033e+03
1.177155473756825359e+03
1.194284314073312544e+03
1.201054420477112217e+03
1.202947089276352017e+03
1.189875658528378381e+03
1.211021174822465127e+03
1.199687704199046038e+03
1.206324810869422890e+03
1.200335303010044754e+03
1.212058749973542490e+03
1.199602988099448339e+03
1.215107931209712206e+03
1.208630744481283728e+03
1.214729166975376756e+03
1.223632686247243555e+03
1.214433859845025836e+03
1.234283750890952433e+03
1.221877302499580310e+03
1.222939352233447607e+03
1.212587192234323538e+03
1.236879658740440391e+03
1.231245759938074798e+03
1.230243048328795794e+03
1.219342553710685024e+03
1.231037954660090236e+03
1.247361156510245564e+03
1.236131253000703055e+03
1.229567334688412302e+03
1.242662403192245620e+03
1.239128646035697329e+03
1.232240855993739842e+03
1.232552930662523522e+03
1.239973175453345902e+03
1.245393632793225152e+03
1.243423113983403255e+03
1.239733308471424152e+03
1.250666381519952211e+03
1.241861475356862002e+03
1.234948232652599927e+03
1.244179921267722193e+03
1.262612703011006943e+03
1.244783220228873688e+03
1.265789132516948939e+03
1.254549661155057947e+03
1.257631093170285340e+03
1.250850652223970656e+03
1.259520618137893734e+03
1.254009160418902638e+03
1.258314334350760873e+03
1.259358206062378486e+03
1.249992934874344201e+03
1.261309164799781684e+03
1.263824994805275310e+03
1.256196660286661427e+03
1.261223481235814234e+03
1.281765483076503187e+03
1.266603103424458368e+03
1.270111728083817979e+03
1.286360965259628756e+03
1.285162899398555055e+03
1.275388752736292645e+03
1.281546883224711337e+03
1.284418921281772327e+03
1.277813766269228609e+03
1.286757702381494710e+03
1.274556352838781095e+03
1.281588944098888078e+03
1.273547779178127257e+03
1.286206099326645017e+03
1.296759576343223443e+03
1.278723617965512403e+03
1.275012756031457229e+03
1.278685658027874524e+03
1.304849343042500777e+03
1.298784482208849568e+03
1.290529473652387423e+03
1.315293686335783150e+03
1.300705901752635327e+03
1.304970480834534555e+03
1.292715685940906724e+03
1.293877475645559116e+03
1.296404999272196847e+03
1.292445827327700727e+03
1.295480225989890414e+03
1.309346068594428743e+03
1.305971211669297873e+03
1.293568878221092746e+03
1.293124094458799391e+03
1.302771939136532410e+03
1.290909542395296739e+03
1.290036176170155386e+03
1.293672957196227571e+03
1.288935020192125876e+03
1.301220573384115596e+03
1.314568732007761355e+03
1.293932939994207118e+03
1.300073635607046981e+03
1.281204001079174077e+03
1.290528508247533864e+03
1.298737244637648928e+03
1.283575560979579677e+03
1.294234994234670467e+03
1.291158617448320456e+03
1.284203076817640522e+03
1.273495556421185483e+03
1.273765774278676645e+03
1.261728681630232586e+03
1.242907009471207857e+03
1.268999774285172180e+03
1.251844481955127776e+03
1.231951194166922505e+03
1.242648417884818173e+03
1.231129539433635273e+03
1.217044178892239870e+03
1.198897475472568431e+03
1.198015200398933757e+03
1.175265455907155911e+03
1.167527999447360571e+03
1.146497118239996780e+03
1.125323506531239673e+03
1.101035724186231619e+03
1.076556317475846754e+03
1.051297010223963071e+03
1.022978012574724517e+03
9.894741899469788677e+02
9.442890891928250312e+02
9.061714603299682267e+02
8.634112459860557465e+02
8.218833993085002021e+02
7.853300545423147696e+02
7.717099208328094164e+02
7.656860125420635086e+02
7.748182097733582623e+02
8.139687865594456753e+02
8.527589493786108505e+02
8.975541119489651010e+02
9.435291250567477164e+02
9.940929416968214127e+02
1.027920878845207426e+03
1.053780577476974941e+03
1.076165547035083364e+03
1.112363071361400671e+03
1.127577593148685537e+03
1.174341117711161132e+03
1.179758289921794585e+03
1.204657356632784513e+03
1.220234714332277235e+03
1.237747919150961479e+03
1.253256611109946562e+03
1.267105327901374949e+03
1.286366518627894720e+03
1.294427416504948042e+03
1.308549335934795181e+03
1.322030409234921763e+03
1.316335226784868155e+03
1.327260789493583161e+03
1.352112218951711384e+03
1.361003528279796228e+03
1.358562348658518886e+03
1.360606406894562042e+03
1.364761877540810019e+03
1.366344037454719455e+03
1.372702666005491210e+03
1.378682542396253893e+03
1.377161487263782874e+03
1.369034797097095634e+03
1.377876132870540459e+03
1.377369592085601653e+03
1.377507410240442141e+03
1.378773261512542604e+03
1.367608841401386826e+03
1.374191096690887889e+03
1.391512628800101538e+03
1.393492620373807313e+03
1.396413001083747986e+03
1.420096466194270306e+03
1.419177213348310488e+03
1.415512153270058207e+03
1.429703210189790752e+03
1.426449903656427523e+03
1.436971921802749875e+03
1.436687755700022535e+03
1.438764477845376177e+03
1.439290473314987821e+03
1.433879670586683005e+03
1.434758072291723238e+03
1.425464842026183305e+03
1.437917230621393855e+03
1.417541472101757336e+03
1.418661167002522689e+03
1.412804434343516732e+03
1.429634438742557450e+03
1.439449670503050584e+03
1.439228727619029087e+03
1.428799000932952140e+03
1.434078208047426870e+03
1.453081689815059690e+03
1.429158584356907795e+03
1.443236345694218471e+03
1.432382531000778727e+03
1.429406953037311268e+03
1.434007830238859697e+03
1.434558735883587360e+03
1.436387377704030769e+03
1.440113269062395830e+03
1.439343266278693136e+03
1.454792400508566516e+03
1.457820474210585871e+03
1.450448539099957998e+03
1.453061488930077758e+03
1.462282217733699781e+03
1.458564322199055823e+03
1.458620297017367420e+03
1.476941988268085879e+03
1.472565548856923670e+03
1.483956999685456594e+03
1.482994089323148728e+03
1.471403813975034154e+03
1.480662623749536806e+03
1.475415703574706185e+03
1.471816139775074589e+03
1.473344680790326947e+03
1.481503464508988372e+03
1.478482161629703114e+03
1.480742609575628194e+03
1.489367516842771693e+03
1.493867390786953820e+03
1.500773697404318455e+03
1.500850163017112209e+03
1.493446439178556830e+03
1.503928368863180367e+03
1.512816420207967440e+03
1.501042593790647288e+03
1.501797162098506760e+03
1.506316574611949818e+03
1.513626268145586891e+03
1.529412719870476849e+03
1.498192897789488370e+03
1.508414660458116941e+03
1.518362401156339502e+03
1.521172752385647527e+03
1.516788753525849188e+03
1.518199997683918809e+03
1.526449167661580759e+03
1.529400131052379493e+03
1.523626053850721974e+03
1.532229269316022965e+03
1.522627048058523997e+03
1.532909534879383500e+03
1.537335545266063946e+03
1.544212068600442308e+03
1.549024156568382296e+03
1.542648365256370653e+03
1.530296809043114308e+03
1.549997471002715884e+03
1.531674504480168252e+03
1.537796570236415619e+03
1.539030789143916081e+03
1.542368963974525968e+03
1.535959094248328483e+03
1.546334346301608775e+03
1.541286611920273799e+03
1.551143808490133779e+03
1.557360442286273610e+03
1.555962099052257827e+03
1.557925964775286957e+03
1.545138723337297051e+03
1.558576590124659106e+03
1.562055340357193472e+03
1.557432748492808742e+03
1.560786066077052737e+03
1.558903590944353709e+03
1.559333293480660359e+03
1.563237025757358424e+03
1.572334389835572892e+03
1.553736213618278953e+03
1.561851355229671526e+03
1.568128707717948600e+03
1.567934777841703408e+03
1.576567221142754079e+03
1.577648270839779798e+03
1.567454738776884597e+03
1.581732474988069043e+03
1.569195376390936190e+03
1.586278489331257788e+03
1.583658869329868594e+03
1.591687474301599423e+03
1.581350906417385886e+03
1.587922121152106229e+03
1.571311029638843820e+03
1.577707401832857158e+03
1.567843891813655773e+03
1.592468088067584404e+03
1.576906325130367122e+03
1.569934068985585782e+03
1.581317086942335209e+03
1.586421020269258406e+03
1.587835034111754339e+03
1.609209510624930090e+03
1.601103774136008269e+03
1.596043430853736481e+03
1.598545526249591603e+03
1.613328691410459214e+03
1.606191293023893195e+03
1.612684476200138761e+03
1.611771123860694615e+03
1.603880494455345115e+03
1.603389683743163914e+03
1.597932664148764616e+03
1.603577719015784623e+03
1.600959157182282752e+03
1.588059162204025597e+03
1.594869908938520894e+03
1.598952645268901051e+03
1.592283297520268206e+03
1.608658225649915948e+03
1.608604043269853946e+03
1.619098533186712757e+03
1.620410715353983505e+03
1.614571140413620697e+03
1.622611363857040487e+03
1.618859011254712414e+03
1.628732019394120925e+03
1.626772481705982500e+03
1.634058024677304275e+03
1.621182931410219226e+03
1.635470074662356637e+03
1.626510314513118601e+03
1.644720075008574668e+03
1.632460037835419826e+03
1.622221456382597808e+03
1.639283923775633411e+03
1.646916522853441620e+03
1.625077389912366925e+03
1.625807260345824261e+03
1.636651742885672775e+03
1.641619563910367560e+03
1.631853915613411345e+03
1.626250594142486534e+03
1.613269209885137116e+03
1.631460810884864259e+03
1.628099007131489543e+03
1.640385526836246527e+03
1.641851460521975923e+03
1.624361163911847825e+03
1.630959272528043584e+03
1.644444916833904699e+03
1.643692390884798215e+03
1.639711186661604415e+03
1.640941086331385577e+03
1.651884828301571360e+03
1.639751909165049028e+03
1.618382436052949970e+03
1.628350330780787772e+03
1.640503550599300524e+03
1.611280006987793968e+03
1.636963625249038614e+03
1.638215501136799503e+03
1.645774227139396544e+03
1.625062533341129665e+03
1.640661610829421761e+03
1.650674964545436296e+03
1.651263340243984203e+03
1.664854752262261854e+03
1.653923727241096003e+03
1.627473682695977459e+03
1.623520105766036750e+03
1.606532684278775832e+03
1.602171502985061807e+03
1.600794689150508020e+03
1.603546661118375141e+03
1.617797171126788498e+03
1.629657596225805491e+03
1.664310421360600685e+03
1.678574919536980815e+03
1.683028902820558869e+03
1.704877361359168845e+03
1.713364779300535702e+03
1.712371051508573601e+03
1.729567006957336616e+03
1.738155060867938573e+03
1.740527375339310765e+03
1.725758129148978696e+03
1.734799793442599366e+03
1.743626618541585003e+03
1.756009507049751164e+03
1.749336139624395400e+03
1.745058518133971575e+03
1.737133078826725523e+03
1.750640061488713854e+03
1.756607744324277746e+03
1.748816806899095354e+03
1.758035547700407278e+03
1.762318537182527507e+03
1.743189410874157147e+03
1.757407875745157071e+03
1.751825784418105968e+03
1.753866934208425164e+03
1.763455052371226429e+03
1.780135747278448662e+03
1.767437399459462085e+03
1.758045835998898383e+03
1.778977965520460657e+03
1.770768750953688595e+03
1.778419669489267108e+03
1.796058708876586479e+03
1.787572976571605750e+03
1.783190832943470923e+03
1.797483458336988406e+03
1.794486363920171243e+03
1.794475200021766341e+03
1.798920120033591047e+03
1.798992472832802378e+03
1.813627684433546165e+03
1.806097536759503100e+03
1.813818500723415582e+03
1.823571824147462848e+03
1.816786284073553361e+03
1.832683319461939845e+03
1.827951323581198267e+03
1.827915903401045853e+03
1.832041814378418394e+03
1.827130959703977624e+03
1.821767550714339450e+03
1.840134063988705748e+03
1.843767520779469805e+03
1.841136732885305719e+03
1.847732674970888411e+03
1.836098638024472621e+03
1.832559960328305351e+03
1.867780025775968625e+03
1.858577213585750542e+03
1.852369664740037479e+03
1.848883064878039022e+03
1.866146385163905506e+03
1.855941952001016034e+03
1.872656773810137565e+03
1.872335585331543143e+03
1.876333023944464685e+03
1.864747565156886139e+03
1.869615614993815825e+03
1.866114263703236929e+03
1.880047042253809877e+03
1.882135430957458539e+03
1.887854505490050542e+03
1.877028198711265759e+03
1.897925474474322527e+03
1.887992605279801410e+03
1.881174182614562824e+03
1.882836702455058230e+03
1.900158706392935073e+03
1.894820225991692951e+03
1.909495064703622802e+03
1.903518454796950209e+03
1.919979105933822211e+03
1.900111459143193315e+03
1.913548174887129335e+03
1.910975668630113432e+03
1.910903265305853438e+03
1.912619416870346413e+03
1.914178644745898509e+03
1.921039112590278819e+03
1.938884590981785323e+03
1.915225409963160700e+03
1.929246793815638284e+03
1.938482601977028253e+03
1.932422560665733727e+03
1.914892856195637705e+03
1.913901459696708571e+03
1.897795032514973627e+03
1.909040482806030923e+03
1.923184252832008497e+03
1.927084162747565642e+03
1.929819128980524511e+03
1.926713567479889434e+03
1.939518267827732871e+03
1.942697765372387039e+03
1.954217878749232568e+03
1.962381416081609586e+03
1.943620804753475568e+03
1.962397291048292118e+03
1.970925771585340271e+03
1.973970890509479887e+03
1.972267643271495672e+03
1.962278471584512090e+03
1.978056857287383536e+03
1.971372449390247994e+03
1.978110208581302004e+03
1.986164588573198671e+03
1.998942444428614181e+03
1.994494381776231876e+03
1.991528274410539098e+03
1.990687781640862795e+03
2.003227439494703049e+03
1.988733696250267712e+03
2.002382023763760117e+03
2.001699566375378708e+03
2.000664135267694064e+03
2.002412410599514715e+03
2.005149922139481760e+03
2.022889773243873606e+03
2.016992941642117557e+03
2.034434328461118184e+03
2.032061724709328018e+03
2.016674075059139795e+03
2.010423600850238927e+03
2.018450694240640132e+03
2.019392129295627001e+03
2.026586453210624313e+03
2.029748437226941860e+03
2.057769115383985081e+03
2.037626780062673106e+03
2.037348399359958194e+03
2.042025983423080334e+03
2.044282510027966055e+03
2.050008102725930257e+03
2.047946573638711925e+03
2.056078145689259600e+03
2.057713258063068224e+03
2.045785851584219245e+03
2.066112324041680040e+03
2.058656067887347945e+03
2.073280524160716141e+03
2.065727638386849776e+03
2.076016485492257743e+03
2.076592002894768939e+03
2.072889836942133115e+03
2.077649950620969321e+03
2.063073608216350749e+03
2.082694374804256768e+03
2.078112651698021182e+03
2.090955643198368307e+03
2.092568170131947227e+03
2.080796871412885594e+03
2.096288961459189068e+03
2.097859276488013620e+03
2.100840428545184295e+03
2.106627086292037347e+03
2.110604332284640805e+03
2.117749481026451576e+03
2.107044623351006521e+03
2.103301783041063572e+03
2.114782675775314146e+03
2.125412254225287143e+03
2.112876814680319512e+03
2.118089991776705574e+03
2.123912195208349658e+03
2.132089197372473791e+03
2.129110413108905050e+03
2.127709635385397178e+03
2.125409030795690342e+03
2.129772525271454469e+03
2.141526571256832995e+03
2.141912105457814960e+03
2.150925813142592233e+03
2.153554811734490613e+03
2.155394058361753196e+03
2.145753507289872232e+03
2.156191473094053435e+03
2.155164983884244066e+03
2.171234041234966753e+03
2.150269741339425309e+03
2.161126261882469407e+03
2.162121818783516574e+03
2.165189730761746887e+03
2.167062990514170451e+03
2.183935786305844886e+03
2.165118761251636897e+03
2.181209884947350474e+03
2.196897563029393496e+03
2.180823328388561549e+03
2.188999685428887460e+03
2.194424935641471166e+03
2.204613766955827032e+03
2.198746125545837458e+03
2.195249640850813194e+03
2.198862996180250775e+03
2.217547074637929200e+03
2.199535521331181826e+03
2.211404079752235248e+03
2.220214456062013596e+03
2.218867827072013824e+03
2.222945517941679554e+03
2.228952093240641716e+03
2.225142684246400677e+03
2.232758209175174670e+03
2.220955465145879316e+03
2.247465422026955821e+03
2.240020490209268246e+03
2.240295542546725756e+03
2.246406158150273768e+03
2.234026205839661088e+03
2.237222202883064710e+03
2.265354898833120387e+03
2.261263594434093648e+03
2.252489406039824644e+03
2.268493955975607150e+03
2.263703636668337822e+03
2.259345820735208690e+03
2.277910286297792481e+03
2.280959043113671214e+03
2.287142031096635037e+03
2.293788488056390634e+03
2.273399167577846129e+03
2.292157724337221225e+03
2.291614598593522715e+03
2.284234273225439210e+03
2.314237801314338867e+03
2.301498092393921070e+03
2.300163362597187188e+03
2.295348222358755265e+03
2.300770642881485401e+03
2.303005881501232579e+03
2.308343410016898815e+03
2.315135356471736941e+03
2.321716071203038155e+03
2.315734634198011918e+03
2.323573468124639476e+03
2.324339936112286523e+03
2.334789058608060259e+03
2.333729442303835640e+03
2.343023657466488203e+03
2.339339473757104770e+03
2.368023730162189167e+03
2.337885898062917022e+03
2.354721902902100737e+03
2.340338623039947834e+03
2.371493655394672714e+03
2.358747567364583119e+03
2.355486048976680650e+03
2.367235867486754159e+03
2.370102175720842752e+03
2.367165582312179595e+03
2.374859432294948874e+03
2.388824415277659227e+03
2.380907995807256611e+03
2.386089482195761775e+03
2.382129734033894238e+03
2.383240744824009653e+03
2.392386952257199937e+03
2.403747335793216735e+03
2.396138950973284409e+03
2.381280979338865109e+03
2.398861837589361130e+03
2.397813352801984365e+03
2.383882019992834557e+03
2.370789914287489410e+03
2.368450585389503431e+03
2.412599567889431455e+03
2.411746156102840359e+03
2.428904483454195542e+03
2.443356292997750643e+03
2.454421000155707588e+03
2.446236004657116609e+03
2.458453869324248444e+03
2.474272578382521715e+03
2.479191535342597035e+03
2.461136265791641563e+03
2.478839778401709282e+03
2.468762862141158621e+03
2.478869572233587860e+03
2.492491197121897130e+03
2.478906058277132615e+03
2.473592106679391691e+03
2.465890890340239821e+03
2.465329648629598523e+03
2.462656491616555741e+03
2.475463867415067398e+03
2.486871845946853227e+03
2.485153143708663265e+03
2.502121110408046206e+03
2.510439353940810634e+03
2.500806912021121661e+03
2.506895003339574941e+03
2.536001934912384968e+03
2.532804536290551823e+03
2.539691659013624303e+03
2.530637464126313262e+03
2.540657831209283358e+03
2.540542452534874883e+03
2.527487213340842573e+03
2.531100579404526798e+03
2.527780483884015666e+03
2.525035125403533129e+03
2.526954012096824954e+03
2.500425634477766835e+03
2.514931416694179006e+03
2.507427943886944377e+03
2.520497370862158732e+03
2.515875371916653421e+03
2.531403870403682049e+03
2.504473242948531151e+03
2.506960784674563911e+03
2.554661381078660270e+03
2.552636280772969712e+03
2.569016484092147039e+03
2.584385700417111821e+03
2.579577789419987312e+03
2.607736509835759534e+03
2.637399764557428171e+03
2.653349551320835417e+03
2.643241195729676292e+03
2.663279082718007885e+03
2.667738947599447783e+03
2.677809936545301753e+03
2.668464006304207942e+03
2.684118745161412335e+03
2.694973699239038979e+03
2.700910553645336222e+03
2.692322551271499833e+03
2.704824247121346161e+03
2.713725772329893516e+03
2.714969185786068920e+03
2.714005178905535104e+03
2.711077220726759606e+03
2.736301640351430251e+03
2.747022330206612423e+03
2.740771933898357929e+03
2.740042351842360404e+03
2.741915338656619952e+03
2.730839411211315564e+03
2.764294676381744921e+03
2.756340034954793737e+03
2.768209904383451885e+03
2.786895244465223186e+03
2.759688216225235919e+03
2.801605815450550381e+03
2.787650202755204646e+03
2.782352828719792342e+03
2.798017961146505513e+03
2.786311212168323891e+03
2.793561283505768188e+03
2.790522723535601472e+03
2.807954020181197848e+03
2.806445683265433672e+03
2.830574809090362123e+03
2.807764205467358806e+03
2.820130834870819854e+03
2.827677145482068227e+03
2.838499776956597088e+03
2.842713899013283481e+03
2.839461969335970934e+03
2.842629469091112696e+03
2.853105811104082932e+03
2.850461156624664000e+03
2.843370996420567280e+03
2.846439494857443151e+03
2.823219176261080975e+03
2.847453748291670763e+03
2.863188572382068742e+03
2.872516815393528304e+03
2.857427114665264526e+03
2.868777538296339571e+03
2.875676297335092386e+03
2.883209732285637983e+03
2.874288889756060144e+03
2.863901928909655908e+03
2.872191531128626593e+03
2.884723461280132142e+03
2.878442667855335912e+03
2.881581757632015524e+03
2.907039081223343601e+03
2.886856598514916186e+03
2.886331867102426258e+03
2.895315497428483468e+03
2.896907729607567944e+03
2.896581855702961093e+03
2.914908751656585082e+03
2.894513990445063428e+03
2.934682840395517815e+03
2.916285759492254783e+03
2.920415414666788820e+03
2.905020362987847875e+03
2.910799613249812410e+03
2.909589976679888878e+03
2.914277912059482787e+03
2.938132566751695322e+03
2.934181971199472628e+03
2.942670732936026980e+03
2.951071690506431878e+03
2.950821704421458890e+03
2.948479296268668804e+03
2.935792402381721786e+03
2.944715713945385687e+03
2.953520595063374458e+03
2.967571575261278667e+03
2.981166194113135134e+03
2.964995479708250969e+03
2.984836031149086011e+03
2.990066009257512633e+03
2.973668262908799079e+03
3.013630123204669871e+03
2.980323973586232569e+03
2.991228842766504840e+03
2.996531501621610914e+03
2.980173191085356848e+03
3.003149751943492447e+03
3.024568297109621653e+03
3.018300357533335500e+03
3.013642484643040916e+03
3.040486493480771969e+03
3.026707508156552194e+03
3.049325224140770842e+03
3.041770667548405982e+03
3.069235696617130998e+03
3.032433676981293502e+03
3.039861742360799781e+03
3.070418531273815915e+03
3.074393179009851337e+03
3.093814362860266101e+03
3.088960779604351046e+03
3.097168130549955094e+03
3.093940126540812344e+03
3.078944586338542649e+03
3.102300429396235813e+03
3.106893181172460572e+03
3.128905725893132512e+03
3.132263707841812902e+03
3.134064721706789896e+03
3.137178778526308633e+03
3.126382760828199025e+03
3.152120190095846738e+03
3.145189944898236263e+03
3.189790692726239740e+03
3.165911439713611799e+03
3.179305625177582442e+03
3.182417829532227188e+03
3.194855462265028109e+03
3.208324653859433965e+03
3.202112247298547118e+03
3.207525292340140368e+03
3.238021754712550319e+03
3.210648652973140997e+03
3.214367501209748298e+03
3.250136724721051905e+03
3.241195896716706557e+03
3.238052408023862881e+03
3.264177278541993928e+03
3.238605951936515339e+03
3.267053822876044705e+03
3.279974806132913727e+03
3.266456577892331552e+03
3.279477749633178064e+03
3.307816676523249043e+03
3.304957871849779622e+03
3.294125203110460461e+03
3.311640456298935533e+03
3.299212782370162131e+03
3.327374559327283350e+03
3.330802762958403036e+03
3.347216165998790984e+03
3.342295348399027262e+03
3.345463110487152790e+03
3.356372917105817578e+03
3.360182740025404200e+03
3.386409200692733066e+03
3.367431968139631863e+03
3.340486371024394430e+03
3.376825748259294414e+03
3.407970107543408631e+03
3.403437834785158884e+03
3.397799946785280554e+03
3.411584185742536192e+03
3.416131683009962217e+03
3.431236994205284645e+03
3.430774075923674900e+03
3.452245520637500704e+03
3.449085747797407294e+03
3.450156965655273780e+03
3.459867029080952307e+03
3.466124817572826942e+03
3.490552555165296326e+03
3.481653679890294370e+03
3.488735200088448437e+03
3.499677085255126713e+03
3.482879618822241810e+03
3.499246094408315912e+03
3.519684321548599655e+03
3.510011259133440944e+03
3.533332819005444435e+03
3.489280407590529649e+03
3.511247519311752512e+03
3.530122793070425814e+03
3.519035148707341250e+03
3.536620673040345082e+03
3.534050450377006200e+03
3.572632817378980235e+03
3.554279271637243255e+03
3.552759930759813869e+03
3.576722089663255247e+03
3.583259951763302070e+03
3.588740766500166501e+03
3.616275745925996489e+03
3.599360325961276430e+03
3.618693630296136689e+03
3.602655002078313373e+03
3.595954731292916222e+03
3.631929187059005017e+03
3.649043768401189027e+03
3.639405481402075566e+03
3.639357526003817839e+03
3.638893657761635950e+03
3.648934436133337385e+03
3.673168823978844557e+03
3.645146969472149522e+03
3.681568236677729146e+03
3.699067243008581954e+03
3.681292956186314768e+03
3.692708279252873581e+03
3.706285208280857205e+03
3.694072641608626327e+03
3.713529304790718925e+03
3.730151469947201349e+03
3.728859385181550806e+03
3.728912333511461838e+03
3.739130587265052782e+03
3.746504969112981598e+03
3.739300996421523450e+03
3.765199763875608369e+03
3.755341811944941583e+03
3.757914888497580250e+03
3.807241773228470265e+03
3.805181106010541043e+03
3.801424257596728239e+03
3.822164458053081034e+03
3.815389228955871204e+03
3.806153832974227043e+03
3.831753750562588266e+03
3.835008180942548279e+03
3.856944327206611888e+03
3.860146543540978200e+03
3.877480469047840415e+03
3.873713417255255081e+03
3.881679709356291823e+03
3.883528214066397595e+03
3.875003907617063760e+03
3.871758191100826480e+03
3.887775410238968561e+03
3.916303097053571037e+03
3.915316149993715044e+03
3.924526366721195700e+03
3.910001699874658698e+03
3.921138783151065581e+03
3.928643110264431471e+03
3.945029494486966541e+03
3.946241047733956748e+03
3.956068636487259482e+03
3.962080281800910598e+03
3.969164567727054418e+03
3.950545465544536455e+03
3.988542646269682791e+03
3.996791877510187987e+03
4.005910175333513507e+03
3.990506078365727262e+03
4.026692471620359356e+03
4.011143572722557110e+03
4.032437286094560477e+03
4.028631544600800225e+03
4.012187682283932190e+03
4.052376477945707848e+03
4.040328647275609910e+03
4.081247307280292262e+03
4.065226885353107264e+03
4.080218020714005434e+03
4.098717591734648522e+03
4.084798593016575978e+03
4.130545502947445129e+03
4.118555082047065298e+03
4.096539636888351197e+03
4.093012837976020819e+03
4.122812432589147647e+03
4.123748323516992969e+03
4.165463121282233260e+03
4.135127332316531465e+03
4.155023860882225563e+03
4.129354534970356326e+03
4.197939738909408334e+03
4.179466420183680384e+03
4.140977167095777986e+03
4.181013906011149629e+03
4.160057617619575467e+03
4.173851755180804503e+03
4.184493456957620765e+03
4.164992393989100492e+03
4.207560980285235928e+03
4.228864830629259814e+03
4.201924771138439610e+03
4.231291417453159738e+03
4.229060417425811465e+03
4.240241483046696885e+03
4.267786695434260764e+03
4.270076960883840002e+03
4.273239720302159185e+03
4.270855897680593444e+03
4.281182816655731585e+03
4.284503360253771461e+03
4.276451856913203301e+03
4.300603733292711695e+03
4.324002849206964129e+03
4.326200669094583645e+03
4.324682426206722084e+03
4.324982415610962562e+03
4.341631284148541454e+03
4.351560520850422108e+03
4.356045443019358572e+03
4.379865061574300853e+03
4.391814952136712236e+03
4.363365924045237989e+03
4.386162720955710029e+03
4.379745264682259403e+03
4.363820741201252531e+03
4.432114626876065813e+03
4.401089062939802716e+03
4.413695035841525169e+03
4.437329165893748723e+03
4.448215131736053081e+03
4.461829217470570256e+03
4.451442889360043409e+03
4.448713803092496164e+03
4.481913963198132478e+03
4.468542397394938234e+03
4.437903949467621715e+03
4.495115464107476328e+03
4.505059563353072917e+03
4.468403283526272389e+03
4.505510109610357176e+03
4.506483015669489760e+03
4.521055100772260630e+03
4.534615349129282549e+03
4.542964345871492696e+03
4.554911505707041215e+03
4.582024415262087132e+03
4.531571546905267496e+03
4.576947540875760751e+03
4.568418241902336376e+03
4.565436055799472342e+03
4.591621170808659372e+03
4.591301713385113544e+03
4.615373965957802284e+03
4.590775554494954122e+03
4.605271114784325619e+03
4.615839755538344434e+03
4.633257223932801935e+03
4.635094197995395916e+03
4.626697359052755928e+03
4.669145766382230249e+03
4.667572265727923877e+03
4.681189337426452767e+03
4.703135382904199105e+03
4.684402211192920731e+03
4.647479203087386850e+03
4.681074704418109832e+03
4.701942148460588214e+03
4.726532075984065159e+03
4.711601551761684277e+03
4.688052931408839868e+03
4.739298507798253922e+03
4.724951311594739309e+03
4.739652115671030515e+03
4.740420919837892143e+03
4.699363740484142909e+03
4.733036219403522409e+03
4.747139762946755582e+03
4.759239744989319661e+03
4.784713763414403729e+03
4.787964225144716693e+03
4.770003064546222959e+03
4.778441822174612753e+03
4.782431126287252482e+03
4.818568040837439185e+03
4.800928857905233599e+03
4.832212505942598000e+03
4.837466335058196819e+03
4.831800209465371154e+03
4.846276508041713896e+03
4.858092822104996230e+03
4.842065781586859885e+03
4.851885430659753183e+03
4.867052943089747714e+03
4.875495859360673421e+03
4.869049393394286199e+03
4.892482796529423467e+03
4.934826404947974879e+03
4.898569879510429928e+03
4.928711170137688896e+03
4.933596850670976892e+03
4.916958036947479741e+03
4.928067088337240421e+03
4.945637165207297585e+03
4.949581011169686462e+03
4.950904757395379420e+03
4.962066394524596035e+03
4.966324889426317895e+03
4.986542298016862333e+03
4.979934327725455660e+03
5.001952659438802584e+03
4.990434625235905514e+03
5.013777671827238009e+03
5.053301194447551097e+03
5.061522750824986360e+03
5.028777475510732984e+03
5.052008442449228824e+03
5.069450159767678088e+03
5.054433078202098841e+03
5.081676085422801407e+03
5.090045439275072567e+03
5.129042459476995646e+03
5.094727740118572910e+03
5.117150729411003340e+03
5.103572534124938102e+03
5.135908978899016802e+03
5.125339946197640529e+03
5.179353431350116807e+03
5.157744584940875939e+03
5.223311298949980483e+03
5.198931102771007318e+03
5.199948614860546513e+03
5.163956838530770256e+03
5.209783303103787148e+03
5.173341371949483801e+03
5.172958117743388357e+03
5.251099924819111038e+03
5.209388228330293714e+03
5.226177534696309522e+03
5.226557962584662164e+03
5.271657508064227841e+03
5.298309327553048206e+03
5.282509093242968447e+03
5.263359274097037087e+03
5.313824870029819067e+03
5.296681626861471159e+03
5.314712278184085335e+03
5.332245610621530432e+03
5.355745373892495991e+03
5.369347126521850441e+03
5.345661017573767822e+03
5.382891621835389742e+03
5.379651652068047042e+03
5.369606203855049898e+03
5.375170844770042095e+03
5.385964361608070249e+03
5.379170817802611964e+03
5.371525050421433662e+03
5.407457434740123972e+03
5.420673178300738073e+03
5.440004085779407433e+03
5.399262373349294649e+03
5.410520071290022315e+03
5.426086831276821613e+03
5.429762289790931391e+03
5.454501211913135194e+03
5.477627907972214416e+03
5.493589455527457176e+03
5.461566666515338511e+03
5.478273367709351987e+03
5.477617467198609120e+03
5.505153181971136291e+03
5.552760657354794603e+03
5.525962254205465797e+03
5.531477724682389635e+03
5.521319975936514311e+03
5.573373947169199710e+03
5.579032240008647932e+03
5.542693670671686050e+03
5.564901780374650116e+03
5.629865321627440608e+03
5.616327870375302155e+03
5.657004422153127962e+03
5.653842781395980637e+03
5.711224181266265987e+03
5.702128471448377240e+03
5.706350997930750964e+03
5.710531459536465263e+03
5.733986827572858601e+03
5.767134009666751808e+03
5.762391843712512127e+03
5.758270266994273697e+03
5.805510085554440593e+03
5.792745438777044001e+03
5.765964470599497872e+03
5.775589825587783707e+03
5.846112134538587270e+03
5.792204932909042327e+03
5.878819061377696926e+03
5.885768332967934839e+03
5.828773759715146298e+03
5.890772365572551280e+03
5.892905933568327782e+03
5.898428465995437364e+03
5.895883939720302806e+03
5.940345676641563841e+03
5.909146643361478709e+03
5.911868886502805253e+03
5.864812858615950972e+03
5.916525609039586016e+03
5.911227550756773780e+03
5.902208746123524179e+03
5.975820202266024353e+03
5.967997036536296946e+03
5.997924023989030502e+03
6.025412937080156553e+03
5.975550315067585871e+03
6.001799891633349034e+03
6.084125529510203705e+03
6.081015713429347670e+03
6.114940752625929235e+03
6.128362297004738139e+03
6.141723859236496537e+03
6.125491234330109364e+03
6.159388669859131369e+03
6.207753164069001286e+03
6.198677546286813595e+03
6.191640700392013969e+03
6.243888708295990000e+03
6.204885723257470090e+03
6.261297604688463252e+03
6.247150690814833979e+03
6.236781704047609310e+03
6.316110794674027602e+03
6.271423783445337904e+03
6.301862451638316998e+03
6.345895149011517788e+03
6.359891080976691228e+03
6.349575840915684239e+03
6.316591686601091169e+03
6.294858011382151744e+03
6.358724820934248783e+03
6.308000692675048413e+03
6.374358335795729545e+03
6.374108231050284303e+03
6.417341464594079298e+03
6.386900040534032087e+03
6.440929376154586862e+03
6.466551089362061248e+03
6.473344156435394325e+03
6.498394596661879405e+03
6.498661386058751305e+03
6.530070903589681620e+03
6.551791721236319063e+03
6.535879439707576239e+03
6.549318917968381356e+03
6.611989483684119477e+03
6.633001606485949196e+03
6.543450256103971697e+03
6.612994718147258027e+03
6.597736769116228061e+03
6.652738836112965146e+03
6.627837148355340105e+03
6.708102275799392373e+03
6.711411266635099309e+03
6.725525665602974186e+03
6.641159754569949655e+03
6.699658691167891448e+03
6.719988870478322497e+03
6.714857844707452387e+03
6.712032824315319885e+03
6.772320631828315527e+03
6.730370367514218742e+03
6.785620314424180833e+03
6.804410461030742226e+03
6.801006227037260032e+03
6.816785516709596777e+03
6.809934480227250788e+03
6.834965394598046259e+03
6.827426646952375449e+03
6.876354407579718099e+03
6.810796538495009372e+03
6.874510337735129724e+03
6.849708652431456358e+03
6.860098081519389780e+03
6.890694014297310787e+03
6.890402256780504104e+03
6.887639309426682303e+03
6.937033335601008730e+03
6.967752215260619778e+03
6.932580576755499351e+03
6.883054211704060435e+03
6.868421280625372674e+03
6.867354584018006790e+03
6.900504556888029583e+03
6.866533450416141932e+03
6.906894075388063357e+03
6.930163197542303351e+03
7.030989253262456259e+03
7.042204572480018214e+03
7.049519802814709692e+03
7.126371885359230873e+03
7.175140240639791955e+03
7.178663717453157005e+03
7.124465073962224778e+03
7.198863602274022924e+03
7.178058946273478796e+03
7.228236363860210986e+03
7.230263047885418928e+03
7.235755726634204620e+03
7.256501943224931892e+03
7.206584521819622751e+03
7.252431872776081946e+03
7.306699847760233752e+03
7.297369627637825033e+03
7.354509927799062098e+03
7.305649493314140273e+03
7.267945274232845804e+03
7.297574764743733795e+03
7.311300511848603492e+03
7.334769630968883575e+03
7.352957450472648816e+03
7.377204241691011703e+03
7.466101689784699374e+03
7.411723748358591365e+03
7.417590776845018809e+03
7.436468915147590451e+03
7.450026372984762020e+03
7.446828489608587006e+03
7.484659015423746496e+03
7.502094896842203525e+03
7.479888481616862919e+03
7.529051103885924022e+03
7.499347434305971547e+03
7.555358251679101159e+03
7.531112642233801125e+03
7.513383783411209151e+03
7.499626130330580054e+03
7.596713760591869686e+03
7.701919715259779878e+03
7.619935500476665766e+03
7.649344864526001402e+03
7.576526060825633976e+03
7.608862517154932902e+03
7.662486332351922101e+03
7.682568531196351614e+03
7.637025642448022154e+03
7.666228262521821307e+03
7.624613525733184360e+03
7.730052159474111249e+03
7.631436095395429220e+03
7.673040905694879257e+03
7.665116652576662091e+03
7.683223342199507897e+03
7.696765618561365955e+03
7.704547266941108319e+03
7.730887617915989722e+03
7.680575420947765451e+03
7.762520832028350014e+03
7.824253531763077262e+03
7.798319556135950734e+03
7.739213056707620126e+03
7.756440434517834547e+03
7.849637716054855446e+03
7.736783717373253239e+03
7.825158853199579426e+03
7.761849747046782795e+03
7.817330610553281986e+03
7.846124246011355353e+03
7.813330976795393326e+03
7.813883324909690600e+03
7.854919504316034363e+03
7.838113941195952975e+03
7.867011720378717655e+03
7.938325701833761741e+03
7.982865384729861034e+03
7.880485321109013967e+03
8.039724202898896692e+03
8.059661026411947205e+03
7.952188921918882443e+03
7.919152567179300604e+03
7.933693395588367821e+03
7.929469852265681766e+03
8.014625242950040047e+03
7.964182006112605450e+03
7.990526444542767422e+03
7.972348904908170880e+03
7.949460235223031304e+03
7.944978062078308540e+03
7.908860512473676863e+03
8.027901173000673225e+03
8.126976086413370467e+03
8.052734964978587413e+03
8.129638499428889190e+03
7.996870342056373374e+03
7.989321964630275033e+03
8.016909105545490092e+03
8.123878471930755040e+03
8.097123817699772189e+03
8.112252113688888130e+03
8.025359869293617521e+03
8.058006918845854671e+03
8.129984193696374859e+03
8.168795286614385077e+03
8.203971869232078461e+03
8.161130856896365003e+03
8.180883985391270471e+03
8.187526740932153189e+03
8.273664097950761061e+03
8.304008223155960877e+03
8.303999554388366960e+03
8.332726759450277314e+03
8.220354872929816338e+03
8.207919885917937791e+03
8.229629915182486002e+03
8.306525885618442771e+03
8.211928702694704043e+03
8.246702667405807006e+03
8.226602836109912460e+03
8.296301319281894393e+03
8.355854207377071361e+03
8.371129105635061933e+03
8.400827149726215794e+03
8.429907019762864365e+03
8.504154810442692906e+03
8.475741171472454880e+03
8.528839114558042638e+03
8.481616184459140641e+03
8.531977302817356758e+03
8.532324229368485248e+03
8.564631206523848959e+03
8.513486106095029754e+03
8.607608068706424092e+03
8.550266260200951365e+03
8.571116799382953104e+03
8.551628427023633776e+03
8.611623953507287297e+03
8.675288834605227748e+03
8.679339019781793468e+03
8.655245411361793231e+03
8.733094381667237030e+03
8.709193181303671736e+03
8.694917557199994917e+03
8.713805745934256265e+03
8.691511080063342888e+03
8.797220161775825545e+03
8.735563526634123264e+03
8.811827244332442206e+03
8.708465272689207268e+03
8.831591026622774734e+03
8.736907931638768787e+03
8.693398985842943148e+03
8.746436146127754910e+03
8.755644569749940274e+03
8.827356841448985506e+03
8.813054540103072213e+03
8.871261118017915578e+03
8.733537541837518802e+03
8.842959383332225116e+03
8.901924876379827765e+03
8.818542208939967168e+03
8.787927689201056637e+03
8.745686293328719330e+03
8.887237848545526504e+03
8.798044573505358130e+03
8.767486694539627933e+03
8.809151747258736577e+03
8.842618722670320494e+03
8.878905585904194595e+03
8.828033995050918747e+03
8.912353547436305234e+03
8.946323765415518210e+03
8.831969219277450975e+03
8.945146377092143666e+03
9.014823326493118657e+03
8.966487040807271114e+03
9.009654550421884778e+03
9.033873260816086258e+03
8.932464874878842238e+03
8.805707278303376370e+03
8.906619738653382228e+03
9.041469350338664299e+03
9.041300134742719820e+03
8.900229542825507451e+03
8.982986856060262653e+03
9.049311443815116945e+03
8.953733353867522965e+03
9.050061711034613836e+03
9.059790985545856529e+03
8.968741207209495769e+03
8.977316661514505540e+03
8.961990507566380984e+03
9.043249710724838224e+03
8.886764700857438584e+03
9.014902323977014021e+03
8.965879070529153978e+03
8.924169895205557623e+03
8.941738942007585138e+03
8.929360340567809544e+03
8.883581092900758449e+03
9.000083587697592520e+03
8.945164479994873545e+03
9.201490440129029594e+03
9.103428097981188330e+03
9.006578234778120532e+03
8.993806688687458518e+03
9.023411201369430273e+03
9.133714114194775902e+03
8.940864796941694294e+03
8.937848418086097809e+03
9.090984595901767534e+03
8.885511766850990170e+03
9.041313657826987765e+03
8.864403024610093780e+03
8.884354235455375601e+03
8.820375559663812965e+03
8.774713055774702298e+03
8.751988617038761731e+03
8.787850747108128417e+03
8.771235335440282142e+03
8.643107546463688777e+03
8.532910814497994579e+03
8.368659790859885106e+03
8.593431300690179341e+03
8.382250729657804186e+03
8.308707277629391683e+03
8.424625672571924952e+03
8.146679720760010241e+03
8.058958765595664772e+03
7.853958423247734572e+03
7.817538251197756836e+03
7.634435106514942163e+03
7.463496935903694975e+03
7.237532143992389138e+03
6.994211446886189151e+03
6.845361178994469810e+03
6.460434190988222326e+03
6.272739367607910026e+03
5.810916423419794228e+03
5.506861752310328484e+03
5.152958725393300483e+03
4.710199703918613523e+03
4.441911010112453368e+03
4.195186489246750170e+03
4.141013409189185040e+03
4.182218218404850631e+03
4.185613430855011757e+03
4.322356411992645008e+03
4.520970012299605514e+03
4.792200914669525446e+03
5.310043406608045188e+03
5.611546317894102685e+03
6.047502919073671364e+03
6.420704940945359340e+03
6.630643999182260814e+03
6.935918793802331493e+03
7.097484527257622176e+03
7.372295180996221461e+03
7.656920614796074005e+03
7.677680827418504123e+03
7.889844664517118872e+03
8.175736224838734415e+03
8.139895375195854285e+03
8.220844866564222684e+03
8.536694403255893121e+03
8.555128422259364015e+03
8.587638557992104325e+03
8.669651215463158223e+03
8.671519920678209019e+03
8.868344952113009640e+03
8.792807044373430472e+03
8.818553816217337953e+03
8.826812012818123549e+03
8.854975980090392113e+03
8.977954757352415982e+03
9.010461977409155224e+03
9.077086474032388651e+03
9.006839086899941321e+03
9.024570394156678958e+03
9.105542377092329843e+03
9.028861216889970819e+03
9.038227132486772462e+03
9.177653063090630894e+03
9.135776733695487565e+03
9.075186903575578981e+03
9.088064708896205047e+03
9.345424108687519038e+03
9.206314487019313674e+03
9.234529459395669619e+03
9.305762572098052260e+03
8.983465671947715236e+03
9.179293665785498888e+03
9.202294172895140946e+03
9.206225803835006445e+03
9.191256221486173672e+03
9.203279876147906180e+03
9.232502407849191513e+03
9.165814258089265422e+03
9.211108051936978882e+03
9.111134564596792188e+03
9.152139515003040287e+03
9.133766452764961286e+03
9.145107634270192648e+03
9.289302480049971564e+03
9.006658981021373620e+03
9.167053286164675228e+03
9.259056781471339491e+03
9.265423784484723001e+03
9.130607964839166016e+03
9.144507579996108689e+03
9.153053161906193054e+03
9.118570594400374830e+03
8.913626198432797537e+03
9.236354977606093598e+03
8.969393913627043730e+03
9.084941071951001504e+03
8.988301894730097047e+03
9.258709252778506198e+03
9.221205104826332899e+03
9.155234868421051942e+03
9.099535617921594167e+03
8.887041121901733277e+03
9.073778467741933127e+03
8.940303329435368141e+03
9.142713588318845723e+03
8.942435229217146116e+03
8.965820577332102403e+03
8.992828849413896023e+03
8.998166083916083153e+03
9.045170882424499723e+03
9.100045807847411197e+03
9.053348181869592736e+03
9.136360714672342510e+03
9.175356024328102649e+03
9.063287073087647514e+03
8.942420312377984374e+03
8.880938416899429285e+03
9.168211701753047237e+03
9.172203264222069265e+03
9.151253053025582631e+03
9.026210258479666663e+03
8.763768833459616872e+03
9.027359154379433676e+03
8.922368807650569579e+03
8.996550504421471487e+03
9.026984879275300045e+03
8.736031743107332659e+03
9.034516868797163625e+03
8.852487150870103505e+03
8.918901560533429802e+03
8.980033105512637121e+03
8.989660727268910705e+03
8.914045732745864370e+03
8.805312492556513462e+03
8.783586209773640803e+03
8.916454290235869848e+03
8.964136310105815937e+03
8.895813871856480546e+03
8.725185508022614158e+03
8.938289335249499345e+03
8.813786868551389489e+03
8.644287569063593764e+03
8.741213974941134438e+03
8.967150521495859721e+03
8.674523752802431773e+03
8.552226949484218494e+03
8.847011659727002552e+03
8.589549266654754319e+03
8.611849342384515694e+03
8.550793587545049377e+03
8.727767483480329247e+03
8.552397130084606033e+03
8.725638055545270618e+03
8.595969392091797999e+03
8.634962420150401158e+03
8.614227775142140672e+03
8.595913970893183432e+03
8.727002353113779463e+03
8.597904456407071848e+03
8.420997353111348275e+03
8.526288923443340536e+03
8.434171232971633799e+03
8.647643904082611698e+03
8.333864420258476457e+03
8.494884766693348865e+03
8.505711611271675793e+03
8.538359095968628026e+03
8.344488780734318425e+03
8.342870433903388403e+03
8.475488057468897750e+03
8.287873646791937063e+03
8.276861296760323967e+03
8.375800452145296731e+03
8.315004504577831540e+03
8.428650313412224932e+03
8.438330851539147261e+03
8.202353877105122592e+03
8.215777171686440852e+03
8.286506521682362290e+03
8.381549632438534900e+03
8.198451515381646459e+03
8.107693958881578510e+03
8.062088922393180837e+03
8.180529850017363970e+03
7.887897382948627637e+03
8.038310257489498326e+03
8.194360588027439007e+03
8.238745144801774586e+03
7.931481520743973306e+03
7.915532646379530888e+03
8.085402514335348314e+03
8.003694808859809200e+03
7.975415552737453254e+03
7.767964808977572829e+03
7.884549566578194572e+03
7.684139180907517584e+03
7.842139170187491800e+03
7.914766836341162161e+03
7.783994264642089547e+03
7.837681006920842265e+03
7.783552142658862977e+03
7.564730313774707611e+03
7.629797709804410260e+03
7.626045443645083651e+03
7.763890038089954032e+03
7.413300198887358420e+03
7.623902598022089478e+03
7.520407939372556939e+03
7.250580439426161320e+03
7.737955933617410665e+03
7.485705613027585059e+03
7.584060702008425324e+03
7.302446600566570851e+03
7.149045883262686402e+03
7.327864490751861922e+03
7.181900970943043831e+03
7.180064487161660509e+03
7.408924701536729117e+03
7.082585509017359072e+03
7.323756260034073421e+03
